Participant Number:,6
Test started on:,04/04/2016 03:33:05 PM
Current Task:,VR Task 1
Task Start:,02:35:14 PM
Heading, Roll, Pitch, Task Time
246.25,-6.375,-51.875,0.03
246.25,-6.375,-51.875,0.04
246.3125,-6.375,-51.8125,0.07
246.375,-6.375,-51.75,0.08
246.4375,-6.375,-51.6875,0.11
246.4375,-6.375,-51.6875,0.12
246.5,-6.375,-51.5625,0.15
246.5,-6.375,-51.5625,0.16
246.5625,-6.375,-51.5,0.19
246.5625,-6.4375,-51.4375,0.20
246.625,-6.4375,-51.4375,0.23
246.625,-6.4375,-51.4375,0.24
246.625,-6.4375,-51.375,0.27
246.625,-6.4375,-51.375,0.28
246.625,-6.4375,-51.3125,0.31
246.625,-6.4375,-51.3125,0.32
246.625,-6.375,-51.3125,0.35
246.5625,-6.375,-51.25,0.36
246.5,-6.375,-51.25,0.39
246.5,-6.375,-51.25,0.40
246.4375,-6.375,-51.1875,0.43
246.4375,-6.375,-51.1875,0.44
246.375,-6.375,-51.1875,0.47
246.375,-6.375,-51.1875,0.48
246.3125,-6.375,-51.125,0.51
246.25,-6.375,-51.0625,0.52
246.1875,-6.375,-51.0625,0.55
246.125,-6.3125,-51.0,0.56
246.0625,-6.3125,-50.9375,0.59
246.0625,-6.3125,-50.9375,0.60
246.0625,-6.3125,-50.875,0.63
246.0,-6.3125,-50.875,0.64
245.9375,-6.25,-50.8125,0.67
245.875,-6.25,-50.8125,0.68
245.875,-6.25,-50.8125,0.71
245.8125,-6.25,-50.8125,0.72
245.75,-6.1875,-50.75,0.75
245.75,-6.1875,-50.75,0.76
245.625,-6.125,-50.6875,0.79
245.625,-6.125,-50.6875,0.80
245.5625,-6.0625,-50.6875,0.83
245.5,-6.0,-50.6875,0.84
245.4375,-5.9375,-50.625,0.87
245.4375,-5.9375,-50.625,0.88
245.375,-5.9375,-50.5625,0.91
245.3125,-5.875,-50.5625,0.92
245.25,-5.8125,-50.5,0.95
245.25,-5.8125,-50.5,0.96
245.1875,-5.75,-50.4375,0.99
245.125,-5.6875,-50.4375,1.00
245.0,-5.625,-50.375,1.03
244.9375,-5.5625,-50.3125,1.04
244.875,-5.5,-50.25,1.07
244.875,-5.5,-50.25,1.08
244.8125,-5.4375,-50.1875,1.11
244.6875,-5.375,-50.1875,1.12
244.625,-5.3125,-50.125,1.15
244.625,-5.3125,-50.0625,1.16
244.5625,-5.25,-50.0625,1.19
244.5625,-5.25,-50.0625,1.20
244.5,-5.25,-50.0625,1.23
244.5,-5.1875,-50.0625,1.24
244.4375,-5.125,-50.0625,1.27
244.4375,-5.125,-50.0625,1.28
244.375,-5.0625,-50.0625,1.31
244.375,-5.0625,-50.0625,1.32
244.3125,-5.0625,-50.0625,1.35
244.3125,-5.0625,-50.0625,1.36
244.3125,-5.0625,-50.0625,1.39
244.25,-5.0,-50.0625,1.40
244.25,-5.0,-50.0625,1.43
244.25,-5.0,-50.0625,1.44
244.1875,-5.0,-50.0625,1.47
244.125,-4.9375,-50.0625,1.48
244.0625,-4.875,-50.0,1.51
244.0625,-4.875,-50.0,1.52
243.875,-4.8125,-50.0,1.55
243.875,-4.8125,-50.0,1.56
243.75,-4.8125,-50.0,1.59
243.6875,-4.75,-50.0,1.60
243.5625,-4.75,-49.9375,1.63
243.5625,-4.75,-49.9375,1.64
243.25,-4.6875,-49.9375,1.67
243.25,-4.6875,-49.9375,1.68
243.125,-4.625,-49.9375,1.71
242.9375,-4.625,-49.9375,1.72
242.75,-4.5625,-49.875,1.75
242.75,-4.5625,-49.875,1.76
242.4375,-4.5,-49.875,1.79
242.4375,-4.5,-49.875,1.80
242.25,-4.5,-49.8125,1.83
242.0625,-4.4375,-49.8125,1.84
241.875,-4.375,-49.8125,1.87
241.875,-4.375,-49.8125,1.88
241.4375,-4.3125,-49.8125,1.91
241.4375,-4.3125,-49.8125,1.92
241.25,-4.3125,-49.75,1.95
241.0625,-4.25,-49.75,1.96
240.8125,-4.25,-49.75,1.99
240.8125,-4.25,-49.75,2.00
240.625,-4.25,-49.75,2.03
240.4375,-4.1875,-49.75,2.04
240.25,-4.1875,-49.75,2.07
240.25,-4.1875,-49.75,2.08
240.0625,-4.125,-49.75,2.11
239.9375,-4.125,-49.75,2.12
239.8125,-4.0625,-49.75,2.15
239.625,-4.0625,-49.75,2.16
239.5,-4.0,-49.75,2.19
239.5,-4.0,-49.75,2.20
239.375,-3.9375,-49.75,2.23
239.25,-3.9375,-49.75,2.24
239.125,-3.875,-49.75,2.27
239.0625,-3.8125,-49.6875,2.28
238.9375,-3.8125,-49.6875,2.31
238.9375,-3.8125,-49.6875,2.32
238.875,-3.75,-49.6875,2.35
238.75,-3.6875,-49.625,2.36
238.6875,-3.6875,-49.625,2.39
238.625,-3.625,-49.5625,2.40
238.5625,-3.5625,-49.5625,2.43
238.5625,-3.5625,-49.5625,2.44
238.5625,-3.5625,-49.5625,2.47
238.5,-3.5,-49.5,2.48
238.5,-3.4375,-49.5,2.51
238.4375,-3.4375,-49.4375,2.52
238.4375,-3.375,-49.4375,2.55
238.4375,-3.375,-49.4375,2.56
238.4375,-3.3125,-49.4375,2.59
238.4375,-3.3125,-49.4375,2.60
238.4375,-3.25,-49.375,2.63
238.4375,-3.25,-49.375,2.64
238.4375,-3.25,-49.375,2.67
238.4375,-3.25,-49.375,2.68
238.5,-3.25,-49.3125,2.71
238.5,-3.1875,-49.3125,2.72
238.5625,-3.1875,-49.3125,2.75
238.5625,-3.1875,-49.3125,2.76
238.625,-3.1875,-49.3125,2.79
238.625,-3.1875,-49.3125,2.80
238.6875,-3.25,-49.25,2.83
238.6875,-3.25,-49.25,2.84
238.75,-3.25,-49.25,2.87
238.8125,-3.25,-49.3125,2.88
238.8125,-3.25,-49.3125,2.91
238.8125,-3.25,-49.3125,2.92
238.875,-3.25,-49.3125,2.95
238.9375,-3.25,-49.3125,2.96
238.9375,-3.3125,-49.3125,2.99
239.0,-3.3125,-49.3125,3.00
239.0625,-3.3125,-49.3125,3.03
239.0625,-3.3125,-49.3125,3.04
239.0625,-3.375,-49.3125,3.07
239.125,-3.375,-49.3125,3.08
239.1875,-3.375,-49.25,3.11
239.1875,-3.375,-49.25,3.12
239.25,-3.4375,-49.25,3.15
239.25,-3.4375,-49.25,3.16
239.25,-3.4375,-49.25,3.19
239.3125,-3.4375,-49.25,3.20
239.3125,-3.4375,-49.1875,3.23
239.375,-3.4375,-49.1875,3.24
239.375,-3.4375,-49.1875,3.27
239.375,-3.4375,-49.1875,3.28
239.375,-3.4375,-49.125,3.31
239.375,-3.4375,-49.125,3.32
239.4375,-3.5,-49.125,3.35
239.4375,-3.5,-49.0625,3.36
239.4375,-3.5,-49.0625,3.39
239.4375,-3.5,-49.0625,3.40
239.5,-3.5,-49.0625,3.43
239.5,-3.5625,-49.0,3.44
239.5,-3.5625,-49.0,3.47
239.5625,-3.5625,-49.0,3.48
239.5625,-3.5625,-49.0,3.51
239.5625,-3.5625,-49.0,3.52
239.5625,-3.5625,-49.0,3.55
239.5625,-3.5625,-49.0,3.56
239.625,-3.625,-49.0,3.59
239.625,-3.625,-49.0,3.60
239.6875,-3.6875,-48.9375,3.63
239.6875,-3.6875,-48.9375,3.64
239.75,-3.75,-48.9375,3.67
239.75,-3.75,-48.9375,3.68
239.8125,-3.75,-48.9375,3.71
239.8125,-3.8125,-48.9375,3.72
239.875,-3.8125,-48.9375,3.75
239.9375,-3.875,-48.9375,3.76
240.0,-3.875,-48.9375,3.79
240.0,-3.875,-48.9375,3.80
240.0,-3.9375,-48.9375,3.83
240.0625,-3.9375,-48.9375,3.84
240.125,-3.9375,-48.9375,3.87
240.1875,-4.0,-48.9375,3.88
240.1875,-4.0,-48.9375,3.91
240.1875,-4.0,-48.9375,3.92
240.25,-4.0,-48.9375,3.95
240.3125,-4.0625,-48.9375,3.96
240.375,-4.0625,-48.9375,3.99
240.375,-4.0625,-48.9375,4.00
240.4375,-4.0625,-48.875,4.03
240.4375,-4.0625,-48.875,4.04
240.5,-4.125,-48.875,4.07
240.5,-4.125,-48.875,4.08
240.5625,-4.125,-48.875,4.11
240.5625,-4.125,-48.8125,4.12
240.625,-4.125,-48.8125,4.15
240.625,-4.125,-48.8125,4.16
240.625,-4.125,-48.8125,4.19
240.6875,-4.125,-48.75,4.20
240.6875,-4.125,-48.75,4.23
240.6875,-4.125,-48.75,4.24
240.6875,-4.125,-48.75,4.27
240.6875,-4.125,-48.75,4.28
242.875,-6.375,-52.4375,4.31
242.875,-6.375,-52.4375,4.32
242.8125,-6.3125,-52.375,4.35
242.8125,-6.3125,-52.375,4.36
242.75,-6.3125,-52.25,4.39
242.75,-6.3125,-52.25,4.40
242.6875,-6.3125,-52.25,4.43
242.6875,-6.3125,-52.25,4.44
242.625,-6.3125,-52.25,4.47
242.625,-6.3125,-52.25,4.48
242.5625,-6.3125,-52.3125,4.51
242.5,-6.3125,-52.3125,4.52
242.5,-6.3125,-52.3125,4.55
242.5,-6.375,-52.3125,4.56
242.5,-6.375,-52.375,4.59
242.5,-6.375,-52.375,4.60
242.5,-6.4375,-52.4375,4.63
242.5,-6.4375,-52.4375,4.64
242.4375,-6.4375,-52.4375,4.67
242.4375,-6.4375,-52.5,4.68
242.4375,-6.4375,-52.5,4.71
242.4375,-6.4375,-52.5,4.72
242.4375,-6.4375,-52.5625,4.75
242.4375,-6.4375,-52.5625,4.76
242.4375,-6.4375,-52.5625,4.79
242.4375,-6.4375,-52.5625,4.80
242.5,-6.4375,-52.5625,4.83
242.5,-6.4375,-52.625,4.84
242.5,-6.375,-52.625,4.87
242.5,-6.375,-52.625,4.88
242.5,-6.375,-52.625,4.91
242.5625,-6.375,-52.5625,4.92
242.5625,-6.375,-52.5625,4.95
242.5625,-6.375,-52.5625,4.96
242.625,-6.375,-52.5,4.99
242.625,-6.375,-52.5,5.00
242.625,-6.3125,-52.4375,5.03
242.625,-6.3125,-52.4375,5.04
242.6875,-6.3125,-52.375,5.07
242.6875,-6.3125,-52.3125,5.08
242.6875,-6.3125,-52.3125,5.11
242.6875,-6.3125,-52.3125,5.12
242.75,-6.3125,-52.25,5.15
242.75,-6.3125,-52.25,5.16
242.75,-6.25,-52.1875,5.19
242.75,-6.25,-52.125,5.20
242.75,-6.25,-52.125,5.23
242.75,-6.25,-52.125,5.24
242.75,-6.25,-52.0625,5.27
242.75,-6.25,-52.0,5.28
242.75,-6.1875,-51.9375,5.31
242.75,-6.1875,-51.9375,5.32
242.75,-6.1875,-51.875,5.35
242.75,-6.1875,-51.875,5.36
242.75,-6.1875,-51.8125,5.39
242.75,-6.125,-51.8125,5.40
242.75,-6.125,-51.8125,5.43
242.75,-6.125,-51.75,5.44
242.75,-6.125,-51.75,5.47
242.75,-6.125,-51.75,5.48
242.75,-6.125,-51.6875,5.51
242.75,-6.125,-51.6875,5.52
242.75,-6.125,-51.625,5.55
242.75,-6.125,-51.625,5.56
242.8125,-6.1875,-51.5625,5.59
242.8125,-6.1875,-51.5625,5.60
242.8125,-6.1875,-51.5625,5.63
242.8125,-6.1875,-51.5,5.64
242.875,-6.1875,-51.4375,5.67
242.875,-6.1875,-51.4375,5.68
242.875,-6.1875,-51.375,5.71
242.875,-6.1875,-51.375,5.72
242.875,-6.1875,-51.375,5.75
242.875,-6.1875,-51.375,5.76
242.9375,-6.125,-51.3125,5.79
242.9375,-6.125,-51.3125,5.80
242.9375,-6.125,-51.25,5.83
242.9375,-6.125,-51.25,5.84
242.9375,-6.125,-51.25,5.87
242.9375,-6.125,-51.1875,5.88
242.875,-6.125,-51.1875,5.91
242.875,-6.125,-51.125,5.92
242.875,-6.125,-51.125,5.95
242.875,-6.125,-51.125,5.96
242.875,-6.125,-51.0625,5.99
242.8125,-6.0625,-51.0625,6.00
242.8125,-6.0625,-51.0,6.03
242.75,-6.0625,-51.0,6.04
242.75,-6.0625,-51.0,6.07
242.75,-6.0625,-51.0,6.08
242.6875,-6.0625,-51.0,6.11
242.6875,-6.0625,-51.0,6.12
242.625,-6.0625,-50.9375,6.15
242.625,-6.0625,-50.9375,6.16
242.625,-6.0625,-50.9375,6.19
242.625,-6.0625,-50.9375,6.20
242.625,-6.0625,-50.9375,6.23
242.5625,-6.0625,-50.9375,6.24
242.5625,-6.0625,-50.9375,6.27
242.5625,-6.0,-50.9375,6.28
242.5625,-6.0,-50.9375,6.31
242.5625,-6.0,-50.9375,6.32
242.5625,-6.0,-50.9375,6.35
242.5625,-6.0,-50.9375,6.36
242.5625,-6.0,-50.9375,6.39
242.5,-6.0,-50.9375,6.40
242.5,-6.0,-50.9375,6.43
242.5,-6.0,-50.9375,6.44
242.5,-6.0,-50.9375,6.47
242.5,-6.0,-50.9375,6.48
242.5,-6.0,-50.9375,6.51
242.5,-6.0,-50.9375,6.52
242.5,-6.0,-50.9375,6.55
242.5,-6.0,-50.9375,6.56
242.5,-6.0,-50.9375,6.59
242.5,-6.0,-50.9375,6.60
242.5,-6.0,-50.9375,6.63
242.4375,-6.0,-50.9375,6.64
242.4375,-6.0,-50.9375,6.67
242.4375,-6.0,-50.9375,6.68
242.4375,-6.0,-50.9375,6.71
242.4375,-6.0,-50.9375,6.72
242.4375,-6.0,-50.9375,6.75
242.4375,-6.0,-50.9375,6.76
242.4375,-6.0,-50.9375,6.79
242.4375,-6.0,-50.9375,6.80
242.4375,-5.9375,-50.9375,6.83
242.4375,-5.9375,-50.9375,6.84
242.4375,-5.9375,-50.875,6.87
242.4375,-5.9375,-50.875,6.88
242.5,-5.9375,-50.875,6.91
242.5,-5.9375,-50.875,6.92
242.5,-5.9375,-50.875,6.95
242.4375,-5.9375,-50.875,6.96
242.4375,-5.9375,-50.875,6.99
242.4375,-5.9375,-50.875,7.00
242.4375,-5.9375,-50.8125,7.03
242.4375,-5.9375,-50.8125,7.04
242.4375,-5.9375,-50.875,7.07
242.4375,-5.9375,-50.875,7.08
242.4375,-5.9375,-50.875,7.11
242.4375,-5.9375,-50.875,7.12
242.4375,-5.9375,-50.875,7.15
242.4375,-5.9375,-50.875,7.16
242.4375,-5.9375,-50.875,7.19
242.4375,-5.9375,-50.875,7.20
242.4375,-5.9375,-50.875,7.23
242.5,-5.9375,-50.875,7.24
242.5,-6.0,-50.875,7.27
242.5,-6.0,-50.875,7.28
242.5,-6.0,-50.875,7.31
242.5,-6.0,-50.8125,7.32
242.5,-5.9375,-50.8125,7.35
242.5,-5.9375,-50.8125,7.36
242.5,-5.9375,-50.8125,7.39
242.5,-5.9375,-50.8125,7.40
242.5,-5.9375,-50.8125,7.43
242.5,-5.9375,-50.8125,7.44
242.5,-5.9375,-50.8125,7.47
242.5,-5.9375,-50.8125,7.48
242.5,-5.9375,-50.8125,7.51
242.5,-5.9375,-50.8125,7.52
242.5,-5.9375,-50.8125,7.55
242.5,-5.9375,-50.8125,7.56
242.5,-5.9375,-50.8125,7.59
242.5,-5.9375,-50.8125,7.60
242.5,-5.9375,-50.8125,7.63
242.5,-5.9375,-50.8125,7.64
242.5,-5.9375,-50.8125,7.67
242.5,-5.9375,-50.8125,7.68
242.5,-5.9375,-50.8125,7.71
242.5,-5.9375,-50.8125,7.72
242.5,-5.9375,-50.8125,7.75
242.5,-5.9375,-50.8125,7.76
242.5,-5.9375,-50.8125,7.79
242.5,-5.9375,-50.8125,7.80
242.5,-5.9375,-50.8125,7.83
242.5,-5.9375,-50.8125,7.84
242.5,-6.0,-50.8125,7.87
242.5,-6.0,-50.8125,7.88
242.5,-6.0,-50.875,7.91
242.5,-6.0,-50.875,7.92
242.5,-6.0,-50.875,7.95
242.5,-6.0,-50.875,7.96
242.5,-6.0,-50.875,7.99
242.5,-6.0,-50.875,8.00
242.5,-6.0,-50.875,8.03
242.5,-6.0,-50.875,8.04
242.5,-6.0,-50.875,8.07
242.5,-6.0,-50.875,8.08
242.5,-6.0,-50.875,8.11
242.5,-6.0,-50.875,8.12
242.5,-6.0,-50.875,8.15
242.5,-6.0,-50.875,8.16
242.5,-6.0,-50.875,8.19
242.5,-6.0,-50.875,8.20
242.5,-6.0,-50.875,8.23
242.5,-6.0,-50.875,8.24
242.5625,-6.0625,-50.875,8.27
242.5625,-6.0625,-50.875,8.28
242.5625,-6.0625,-50.875,8.31
242.5625,-6.0625,-50.875,8.32
242.5625,-6.0625,-50.875,8.35
242.5625,-6.0625,-50.8125,8.36
242.5625,-6.0625,-50.8125,8.39
242.5625,-6.0625,-50.8125,8.40
242.5625,-6.0625,-50.8125,8.43
242.5625,-6.0625,-50.8125,8.44
242.5625,-6.0625,-50.8125,8.47
242.5625,-6.0625,-50.8125,8.48
242.5625,-6.0625,-50.75,8.51
242.5625,-6.0625,-50.75,8.52
242.5625,-6.0625,-50.75,8.55
242.5625,-6.0625,-50.75,8.56
242.5625,-6.0625,-50.75,8.59
242.5625,-6.0625,-50.75,8.60
242.5625,-6.0625,-50.75,8.63
242.5625,-6.0625,-50.6875,8.64
249.25,-6.25,-47.0625,8.67
249.0,-6.1875,-47.0625,8.68
248.8125,-6.125,-47.125,8.71
248.8125,-6.125,-47.125,8.72
248.5625,-6.0625,-47.1875,8.75
248.375,-6.0,-47.1875,8.76
248.125,-5.9375,-47.25,8.79
247.9375,-5.875,-47.3125,8.80
247.75,-5.8125,-47.375,8.83
247.75,-5.8125,-47.375,8.84
247.5,-5.75,-47.4375,8.87
247.3125,-5.6875,-47.5,8.88
247.0625,-5.625,-47.5,8.91
246.875,-5.5,-47.5625,8.92
246.625,-5.4375,-47.6875,8.95
246.625,-5.4375,-47.6875,8.96
246.375,-5.375,-47.75,8.99
246.125,-5.25,-47.8125,9.00
245.875,-5.125,-47.875,9.03
245.625,-5.0625,-47.9375,9.04
245.3125,-4.9375,-48.0,9.07
245.3125,-4.9375,-48.0,9.08
245.0,-4.8125,-48.0625,9.11
244.75,-4.6875,-48.125,9.12
244.4375,-4.5625,-48.1875,9.15
244.125,-4.4375,-48.25,9.16
243.8125,-4.25,-48.3125,9.19
243.8125,-4.25,-48.3125,9.20
243.5625,-4.125,-48.375,9.23
243.25,-4.0,-48.4375,9.24
242.9375,-3.875,-48.5,9.27
242.6875,-3.6875,-48.5625,9.28
242.375,-3.5625,-48.625,9.31
242.0625,-3.4375,-48.6875,9.32
241.8125,-3.3125,-48.75,9.35
241.8125,-3.3125,-48.75,9.36
241.25,-3.0,-48.8125,9.39
241.25,-3.0,-48.8125,9.40
240.9375,-2.875,-48.875,9.43
240.625,-2.75,-49.0,9.44
240.375,-2.5625,-49.0625,9.47
240.375,-2.5625,-49.0625,9.48
239.75,-2.3125,-49.1875,9.51
239.75,-2.3125,-49.1875,9.52
239.4375,-2.125,-49.25,9.55
239.125,-2.0,-49.3125,9.56
238.8125,-1.875,-49.4375,9.59
238.8125,-1.875,-49.4375,9.60
238.125,-1.5,-49.625,9.63
238.125,-1.5,-49.625,9.64
237.8125,-1.375,-49.6875,9.67
237.5,-1.1875,-49.75,9.68
237.125,-1.0,-49.8125,9.71
237.125,-1.0,-49.8125,9.72
236.4375,-0.6875,-50.0,9.75
236.4375,-0.6875,-50.0,9.76
236.0625,-0.5,-50.0625,9.79
235.6875,-0.3125,-50.125,9.80
235.3125,-0.125,-50.125,9.83
235.3125,-0.125,-50.125,9.84
234.625,0.125,-50.25,9.87
234.625,0.125,-50.25,9.88
234.25,0.25,-50.25,9.91
233.9375,0.4375,-50.3125,9.92
233.625,0.5625,-50.3125,9.95
233.625,0.5625,-50.3125,9.96
233.0,0.875,-50.375,9.99
233.0,0.875,-50.375,10.00
232.75,1.0625,-50.4375,10.03
232.4375,1.1875,-50.4375,10.04
232.25,1.3125,-50.5,10.07
232.25,1.3125,-50.5,10.08
231.875,1.5,-50.5,10.11
231.875,1.5,-50.5,10.12
231.75,1.625,-50.5625,10.15
231.6875,1.6875,-50.5625,10.16
231.625,1.75,-50.5625,10.19
231.625,1.75,-50.5625,10.20
231.625,1.875,-50.5625,10.23
231.625,1.875,-50.5625,10.24
231.625,1.9375,-50.625,10.27
231.6875,1.9375,-50.625,10.28
231.6875,1.9375,-50.625,10.31
231.75,1.9375,-50.625,10.32
231.8125,1.9375,-50.625,10.35
231.875,2.0,-50.625,10.36
231.9375,1.9375,-50.625,10.39
231.9375,1.9375,-50.625,10.40
232.0625,1.9375,-50.625,10.43
232.125,1.9375,-50.625,10.44
232.25,1.9375,-50.6875,10.47
232.3125,1.9375,-50.6875,10.48
232.375,1.875,-50.6875,10.51
232.375,1.875,-50.6875,10.52
232.4375,1.875,-50.6875,10.55
232.5625,1.8125,-50.625,10.56
232.625,1.8125,-50.625,10.59
232.6875,1.75,-50.625,10.60
232.75,1.6875,-50.625,10.63
232.75,1.6875,-50.625,10.64
232.875,1.6875,-50.625,10.67
232.9375,1.625,-50.625,10.68
233.0,1.5625,-50.625,10.71
233.0625,1.5,-50.5625,10.72
233.1875,1.5,-50.5625,10.75
233.1875,1.5,-50.5625,10.76
233.25,1.4375,-50.5625,10.79
233.375,1.375,-50.5625,10.80
233.4375,1.3125,-50.5625,10.83
233.5625,1.25,-50.5,10.84
233.625,1.25,-50.5,10.87
233.625,1.25,-50.5,10.88
233.6875,1.1875,-50.5,10.91
233.8125,1.1875,-50.4375,10.92
233.875,1.125,-50.4375,10.95
233.875,1.0625,-50.4375,10.96
233.9375,1.0625,-50.4375,10.99
234.0,1.0,-50.375,11.00
234.0,1.0,-50.375,11.03
234.0,1.0,-50.375,11.04
234.0,0.9375,-50.3125,11.07
234.0,0.9375,-50.3125,11.08
234.0,0.9375,-50.25,11.11
234.0,0.875,-50.25,11.12
233.9375,0.875,-50.1875,11.15
233.9375,0.875,-50.1875,11.16
233.75,0.875,-50.125,11.19
233.75,0.875,-50.125,11.20
233.6875,0.9375,-50.125,11.23
233.5,0.9375,-50.0625,11.24
233.375,0.9375,-50.0,11.27
233.375,0.9375,-50.0,11.28
233.0,0.875,-49.875,11.31
233.0,0.875,-49.875,11.32
232.8125,0.875,-49.875,11.35
232.8125,0.875,-49.875,11.36
232.625,0.875,-49.8125,11.39
232.4375,0.875,-49.8125,11.40
232.4375,0.875,-49.8125,11.43
232.1875,0.9375,-49.8125,11.44
232.0,0.9375,-49.8125,11.47
231.75,0.9375,-49.8125,11.48
231.5,1.0,-49.8125,11.51
231.5,1.0,-49.8125,11.52
231.25,1.0,-49.8125,11.55
231.0,1.0,-49.875,11.56
230.6875,1.0625,-49.875,11.59
230.375,1.125,-49.9375,11.60
230.0625,1.125,-49.9375,11.63
230.0625,1.125,-49.9375,11.64
229.75,1.1875,-50.0,11.67
229.4375,1.1875,-50.0,11.68
229.125,1.25,-50.0,11.71
228.75,1.25,-50.0625,11.72
228.4375,1.3125,-50.0625,11.75
228.4375,1.3125,-50.0625,11.76
228.0625,1.4375,-50.125,11.79
228.0625,1.4375,-50.125,11.80
227.375,1.625,-50.1875,11.83
227.375,1.625,-50.1875,11.84
227.0,1.6875,-50.25,11.87
226.625,1.8125,-50.25,11.88
226.25,1.9375,-50.3125,11.91
226.25,1.9375,-50.3125,11.92
225.5625,2.1875,-50.375,11.95
225.5625,2.1875,-50.375,11.96
225.1875,2.3125,-50.375,11.99
224.8125,2.4375,-50.4375,12.00
224.4375,2.5625,-50.4375,12.03
224.4375,2.5625,-50.4375,12.04
223.8125,2.875,-50.5,12.07
223.8125,2.875,-50.5,12.08
223.4375,3.0,-50.5,12.11
223.125,3.1875,-50.5625,12.12
223.125,3.1875,-50.5625,12.15
222.8125,3.375,-50.5625,12.16
222.5,3.5625,-50.625,12.19
222.5,3.5625,-50.625,12.20
222.1875,3.75,-50.625,12.23
221.875,3.9375,-50.625,12.24
221.625,4.0625,-50.6875,12.27
221.625,4.0625,-50.6875,12.28
221.375,4.25,-50.6875,12.31
221.125,4.375,-50.75,12.32
220.875,4.5625,-50.75,12.35
220.6875,4.75,-50.8125,12.36
220.4375,4.875,-50.8125,12.39
220.4375,4.875,-50.8125,12.40
220.25,5.0,-50.875,12.43
220.125,5.1875,-50.875,12.44
219.9375,5.3125,-50.875,12.47
219.8125,5.4375,-50.9375,12.48
219.8125,5.4375,-50.9375,12.51
219.6875,5.5625,-50.9375,12.52
219.5625,5.6875,-50.9375,12.55
219.5625,5.6875,-50.9375,12.56
219.3125,5.9375,-51.0,12.59
219.3125,5.9375,-51.0,12.60
219.1875,6.0625,-51.0,12.63
219.125,6.1875,-51.0,12.64
219.0,6.3125,-51.0625,12.67
219.0,6.3125,-51.0625,12.68
218.8125,6.5,-51.0625,12.71
218.8125,6.5,-51.0625,12.72
218.6875,6.625,-51.0625,12.75
218.625,6.6875,-51.125,12.76
218.5625,6.75,-51.125,12.79
218.5625,6.75,-51.125,12.80
218.4375,6.875,-51.125,12.83
218.4375,6.875,-51.125,12.84
218.4375,6.9375,-51.1875,12.87
218.375,7.0,-51.1875,12.88
218.375,7.0,-51.1875,12.91
218.375,7.0,-51.1875,12.92
218.4375,7.0625,-51.25,12.95
218.4375,7.0625,-51.25,12.96
218.4375,7.125,-51.25,12.99
218.4375,7.125,-51.25,13.00
218.5,7.125,-51.3125,13.03
218.5,7.125,-51.3125,13.04
218.5625,7.125,-51.3125,13.07
218.5625,7.125,-51.3125,13.08
255.9375,-11.375,-50.625,13.11
256.0,-11.375,-50.5,13.12
256.125,-11.375,-50.375,13.15
256.125,-11.375,-50.375,13.16
256.1875,-11.3125,-50.1875,13.19
256.25,-11.3125,-50.0625,13.20
256.3125,-11.25,-49.9375,13.23
256.375,-11.25,-49.8125,13.24
256.4375,-11.25,-49.625,13.27
256.4375,-11.25,-49.625,13.28
256.5,-11.1875,-49.5625,13.31
256.5,-11.1875,-49.4375,13.32
256.5,-11.125,-49.3125,13.35
256.5625,-11.125,-49.1875,13.36
256.5625,-11.0625,-49.125,13.39
256.5625,-11.0625,-49.125,13.40
256.5625,-11.0625,-49.0,13.43
256.5,-11.0,-48.9375,13.44
256.5,-11.0,-48.875,13.47
256.4375,-11.0,-48.75,13.48
256.4375,-10.9375,-48.6875,13.51
256.4375,-10.9375,-48.6875,13.52
256.375,-10.9375,-48.625,13.55
256.25,-10.875,-48.625,13.56
256.1875,-10.875,-48.5625,13.59
256.0625,-10.8125,-48.5,13.60
255.875,-10.75,-48.5,13.63
255.875,-10.75,-48.5,13.64
255.6875,-10.6875,-48.4375,13.67
255.5,-10.625,-48.4375,13.68
255.25,-10.625,-48.375,13.71
255.0625,-10.5625,-48.375,13.72
254.8125,-10.5,-48.3125,13.75
254.5625,-10.4375,-48.3125,13.76
254.3125,-10.375,-48.25,13.79
254.3125,-10.375,-48.25,13.80
253.8125,-10.25,-48.25,13.83
253.8125,-10.25,-48.25,13.84
253.5625,-10.1875,-48.25,13.87
253.25,-10.125,-48.25,13.88
253.0,-10.0625,-48.25,13.91
253.0,-10.0625,-48.25,13.92
252.5,-9.9375,-48.25,13.95
252.5,-9.9375,-48.25,13.96
252.1875,-9.875,-48.25,13.99
251.9375,-9.8125,-48.3125,14.00
251.6875,-9.75,-48.3125,14.03
251.6875,-9.75,-48.3125,14.04
251.125,-9.5625,-48.375,14.07
251.125,-9.5625,-48.375,14.08
250.8125,-9.4375,-48.375,14.11
250.5,-9.375,-48.4375,14.12
250.1875,-9.25,-48.4375,14.15
250.1875,-9.25,-48.4375,14.16
249.625,-9.0,-48.5625,14.19
249.625,-9.0,-48.5625,14.20
249.3125,-8.9375,-48.5625,14.23
249.0625,-8.8125,-48.625,14.24
248.75,-8.6875,-48.625,14.27
248.75,-8.6875,-48.625,14.28
248.1875,-8.4375,-48.75,14.31
248.1875,-8.4375,-48.75,14.32
247.875,-8.3125,-48.8125,14.35
247.5625,-8.1875,-48.875,14.36
247.25,-8.0625,-48.9375,14.39
247.25,-8.0625,-48.9375,14.40
246.625,-7.8125,-49.0625,14.43
246.625,-7.8125,-49.0625,14.44
246.375,-7.6875,-49.125,14.47
246.0625,-7.625,-49.1875,14.48
245.75,-7.5,-49.25,14.51
245.75,-7.5,-49.25,14.52
245.25,-7.25,-49.375,14.55
245.25,-7.25,-49.375,14.56
244.9375,-7.125,-49.5,14.59
244.6875,-7.0,-49.5625,14.60
244.4375,-6.8125,-49.625,14.63
244.4375,-6.8125,-49.625,14.64
243.875,-6.5625,-49.8125,14.67
243.875,-6.5625,-49.8125,14.68
243.625,-6.5,-49.875,14.71
243.4375,-6.375,-49.9375,14.72
243.1875,-6.25,-50.0,14.75
243.1875,-6.25,-50.0,14.76
242.8125,-6.0,-50.125,14.79
242.8125,-6.0,-50.125,14.80
242.625,-5.9375,-50.1875,14.83
242.4375,-5.8125,-50.25,14.84
242.25,-5.6875,-50.3125,14.87
242.25,-5.6875,-50.3125,14.88
241.9375,-5.5,-50.4375,14.91
241.9375,-5.5,-50.4375,14.92
241.8125,-5.4375,-50.5,14.95
241.625,-5.3125,-50.5625,14.96
241.5,-5.25,-50.625,14.99
241.5,-5.25,-50.625,15.00
241.25,-5.0625,-50.6875,15.03
241.25,-5.0625,-50.6875,15.04
241.125,-5.0,-50.75,15.07
241.0,-4.875,-50.75,15.08
240.875,-4.8125,-50.8125,15.11
240.875,-4.8125,-50.8125,15.12
240.625,-4.6875,-50.875,15.15
240.625,-4.6875,-50.875,15.16
240.5,-4.625,-50.875,15.19
240.4375,-4.5625,-50.9375,15.20
240.3125,-4.5,-51.0,15.23
240.3125,-4.5,-51.0,15.24
240.125,-4.4375,-51.125,15.27
240.125,-4.4375,-51.125,15.28
240.0625,-4.375,-51.1875,15.31
239.9375,-4.375,-51.25,15.32
239.875,-4.3125,-51.3125,15.35
239.875,-4.3125,-51.3125,15.36
239.75,-4.25,-51.4375,15.39
239.75,-4.25,-51.4375,15.40
239.6875,-4.25,-51.5,15.43
239.625,-4.1875,-51.625,15.44
239.5,-4.1875,-51.75,15.47
239.5,-4.1875,-51.75,15.48
239.375,-4.125,-51.9375,15.51
239.375,-4.125,-51.9375,15.52
239.3125,-4.125,-52.0625,15.55
239.25,-4.125,-52.1875,15.56
239.1875,-4.125,-52.3125,15.59
239.1875,-4.125,-52.3125,15.60
239.0625,-4.0625,-52.5625,15.63
239.0625,-4.0625,-52.5625,15.64
239.0,-4.0625,-52.625,15.67
238.9375,-4.0625,-52.75,15.68
238.875,-4.0625,-52.875,15.71
238.875,-4.0625,-52.875,15.72
238.75,-4.0625,-53.0625,15.75
238.6875,-4.0625,-53.1875,15.76
238.625,-4.0625,-53.25,15.79
238.625,-4.0625,-53.25,15.80
238.625,-4.0625,-53.375,15.83
238.5625,-4.0625,-53.4375,15.84
238.5,-4.0625,-53.5,15.87
238.5,-4.0625,-53.5625,15.88
238.4375,-4.0625,-53.625,15.91
238.4375,-4.0625,-53.625,15.92
238.4375,-4.0,-53.6875,15.95
238.375,-4.0,-53.6875,15.96
238.375,-4.0,-53.75,15.99
238.3125,-4.0,-53.75,16.00
238.3125,-4.0,-53.75,16.03
238.3125,-4.0,-53.75,16.04
238.3125,-3.9375,-53.75,16.07
238.3125,-3.9375,-53.8125,16.08
238.25,-3.9375,-53.8125,16.11
238.25,-3.9375,-53.8125,16.12
238.25,-3.9375,-53.8125,16.15
238.25,-3.9375,-53.8125,16.16
238.25,-3.875,-53.875,16.19
238.25,-3.875,-53.875,16.20
238.25,-3.875,-53.875,16.23
238.25,-3.875,-53.875,16.24
238.25,-3.875,-53.9375,16.27
238.25,-3.875,-53.9375,16.28
238.25,-3.875,-53.9375,16.31
238.25,-3.8125,-53.9375,16.32
238.1875,-3.8125,-54.0,16.35
238.1875,-3.8125,-54.0,16.36
238.1875,-3.8125,-54.0,16.39
238.1875,-3.8125,-54.0,16.40
238.1875,-3.8125,-54.0625,16.43
238.1875,-3.8125,-54.0625,16.44
238.1875,-3.8125,-54.0625,16.47
238.1875,-3.8125,-54.0625,16.48
238.1875,-3.8125,-54.0625,16.51
238.1875,-3.8125,-54.0625,16.52
238.1875,-3.8125,-54.0625,16.55
238.125,-3.75,-54.0625,16.56
238.125,-3.75,-54.0625,16.59
238.125,-3.75,-54.0625,16.60
238.0625,-3.75,-54.0625,16.63
238.0625,-3.75,-54.0625,16.64
238.0625,-3.6875,-54.0625,16.67
238.0625,-3.6875,-54.0625,16.68
238.0,-3.6875,-54.0625,16.71
238.0,-3.6875,-54.0625,16.72
237.9375,-3.625,-54.0625,16.75
237.8125,-3.625,-54.0,16.76
237.75,-3.5625,-54.0,16.79
237.75,-3.5625,-54.0,16.80
237.5625,-3.5,-54.0,16.83
237.5625,-3.5,-54.0,16.84
237.4375,-3.4375,-54.0,16.87
237.3125,-3.375,-54.0,16.88
237.1875,-3.3125,-54.0,16.91
237.1875,-3.3125,-54.0,16.92
236.9375,-3.1875,-53.9375,16.95
236.9375,-3.1875,-53.9375,16.96
236.8125,-3.0625,-53.9375,16.99
236.625,-3.0,-53.9375,17.00
236.5,-2.9375,-53.9375,17.03
236.5,-2.9375,-53.9375,17.04
236.25,-2.8125,-53.875,17.07
236.25,-2.8125,-53.875,17.08
236.125,-2.75,-53.875,17.11
236.0,-2.6875,-53.8125,17.12
235.875,-2.625,-53.8125,17.15
235.875,-2.625,-53.8125,17.16
235.6875,-2.5,-53.75,17.19
235.6875,-2.5,-53.75,17.20
235.625,-2.4375,-53.6875,17.23
235.5,-2.375,-53.6875,17.24
235.4375,-2.3125,-53.625,17.27
235.4375,-2.3125,-53.625,17.28
235.3125,-2.1875,-53.4375,17.31
235.3125,-2.1875,-53.4375,17.32
235.25,-2.1875,-53.375,17.35
235.1875,-2.125,-53.3125,17.36
228.75,1.625,-39.8125,17.39
228.75,1.625,-39.8125,17.40
228.25,1.75,-39.875,17.43
227.8125,1.875,-40.0,17.44
227.375,2.0625,-40.0625,17.47
226.9375,2.1875,-40.1875,17.48
226.5625,2.375,-40.25,17.51
226.5625,2.375,-40.25,17.52
226.125,2.5625,-40.375,17.55
225.75,2.8125,-40.4375,17.56
225.375,3.0,-40.5625,17.59
225.375,3.0,-40.5625,17.60
225.0625,3.25,-40.625,17.63
224.75,3.4375,-40.6875,17.64
224.5,3.625,-40.75,17.67
224.5,3.625,-40.75,17.68
224.25,3.8125,-40.875,17.71
224.0,4.0,-40.9375,17.72
223.8125,4.125,-41.0625,17.75
223.8125,4.125,-41.0625,17.76
223.625,4.3125,-41.25,17.79
223.625,4.3125,-41.25,17.80
223.4375,4.4375,-41.4375,17.83
223.4375,4.4375,-41.4375,17.84
223.25,4.625,-41.875,17.87
223.25,4.625,-41.875,17.88
223.1875,4.6875,-42.0625,17.91
223.125,4.75,-42.375,17.92
223.125,4.8125,-42.625,17.95
223.125,4.8125,-42.625,17.96
223.125,4.875,-42.875,17.99
223.125,4.875,-43.125,18.00
223.1875,4.875,-43.375,18.03
223.1875,4.875,-43.375,18.04
223.1875,4.9375,-43.5625,18.07
223.1875,4.9375,-43.5625,18.08
223.25,4.9375,-43.75,18.11
223.25,4.9375,-43.75,18.12
223.375,4.9375,-44.0625,18.15
223.375,4.9375,-44.0625,18.16
223.4375,4.9375,-44.1875,18.19
223.5,4.875,-44.375,18.20
223.5625,4.875,-44.5,18.23
223.5625,4.875,-44.5,18.24
223.75,4.875,-44.75,18.27
223.75,4.875,-44.75,18.28
223.875,4.875,-44.875,18.31
223.9375,4.8125,-45.0,18.32
224.0625,4.8125,-45.125,18.35
224.0625,4.8125,-45.125,18.36
224.1875,4.8125,-45.3125,18.39
224.1875,4.8125,-45.3125,18.40
224.3125,4.75,-45.4375,18.43
224.375,4.75,-45.5625,18.44
224.4375,4.75,-45.6875,18.47
224.4375,4.75,-45.6875,18.48
224.625,4.625,-45.875,18.51
224.625,4.625,-45.875,18.52
224.6875,4.625,-45.9375,18.55
224.8125,4.5625,-46.0625,18.56
224.875,4.5,-46.125,18.59
224.875,4.5,-46.125,18.60
225.0,4.4375,-46.3125,18.63
225.0,4.4375,-46.3125,18.64
225.0625,4.375,-46.4375,18.67
225.125,4.3125,-46.5,18.68
225.1875,4.3125,-46.625,18.71
225.1875,4.3125,-46.625,18.72
225.375,4.1875,-46.8125,18.75
225.375,4.1875,-46.8125,18.76
225.4375,4.0625,-46.9375,18.79
225.5,4.0,-47.0625,18.80
225.625,3.9375,-47.1875,18.83
225.625,3.9375,-47.1875,18.84
225.75,3.75,-47.375,18.87
225.75,3.75,-47.375,18.88
225.875,3.6875,-47.5,18.91
225.9375,3.625,-47.625,18.92
226.0625,3.5625,-47.6875,18.95
226.0625,3.5625,-47.6875,18.96
226.25,3.4375,-47.875,18.99
226.25,3.4375,-47.875,19.00
226.375,3.3125,-48.0,19.03
226.5,3.25,-48.0625,19.04
226.5625,3.1875,-48.1875,19.07
226.5625,3.1875,-48.1875,19.08
226.8125,3.0,-48.3125,19.11
226.8125,3.0,-48.3125,19.12
226.9375,2.9375,-48.4375,19.15
227.0625,2.8125,-48.5,19.16
227.1875,2.75,-48.625,19.19
227.1875,2.75,-48.625,19.20
227.3125,2.625,-48.75,19.23
227.5,2.5625,-48.8125,19.24
227.625,2.4375,-48.875,19.27
227.625,2.4375,-48.875,19.28
227.75,2.375,-48.9375,19.31
227.75,2.375,-48.9375,19.32
227.875,2.25,-49.0,19.35
228.0625,2.1875,-49.0625,19.36
228.1875,2.0625,-49.125,19.39
228.3125,2.0,-49.1875,19.40
228.4375,1.875,-49.1875,19.43
228.4375,1.875,-49.1875,19.44
228.625,1.8125,-49.25,19.47
228.75,1.6875,-49.3125,19.48
228.875,1.625,-49.375,19.51
229.0625,1.5,-49.375,19.52
229.25,1.375,-49.4375,19.55
229.25,1.375,-49.4375,19.56
229.4375,1.3125,-49.5,19.59
229.625,1.1875,-49.5,19.60
229.8125,1.125,-49.5625,19.63
230.0,1.0,-49.5625,19.64
230.25,0.875,-49.625,19.67
230.25,0.875,-49.625,19.68
230.4375,0.8125,-49.625,19.71
230.6875,0.6875,-49.6875,19.72
230.875,0.625,-49.6875,19.75
231.0625,0.5,-49.6875,19.76
231.3125,0.375,-49.6875,19.79
231.3125,0.375,-49.6875,19.80
231.5,0.3125,-49.75,19.83
231.75,0.1875,-49.75,19.84
231.9375,0.125,-49.75,19.87
232.125,0.0,-49.6875,19.88
232.3125,0.0,-49.6875,19.91
232.3125,0.0,-49.6875,19.92
232.5,-0.125,-49.6875,19.95
232.6875,-0.1875,-49.6875,19.96
232.875,-0.3125,-49.6875,19.99
233.0,-0.375,-49.6875,20.00
233.1875,-0.4375,-49.6875,20.03
233.1875,-0.4375,-49.6875,20.04
233.3125,-0.5625,-49.6875,20.07
233.4375,-0.625,-49.6875,20.08
233.625,-0.6875,-49.625,20.11
233.75,-0.75,-49.625,20.12
233.875,-0.8125,-49.625,20.15
233.875,-0.8125,-49.625,20.16
234.0,-0.875,-49.625,20.19
234.125,-1.0,-49.5625,20.20
234.25,-1.0625,-49.5625,20.23
234.375,-1.125,-49.5625,20.24
234.5,-1.1875,-49.5625,20.27
234.5,-1.1875,-49.5625,20.28
234.625,-1.25,-49.5625,20.31
234.6875,-1.3125,-49.5625,20.32
234.8125,-1.375,-49.5625,20.35
234.875,-1.4375,-49.5625,20.36
235.0,-1.5,-49.625,20.39
235.0,-1.5,-49.625,20.40
235.0625,-1.5625,-49.625,20.43
235.1875,-1.625,-49.625,20.44
235.25,-1.6875,-49.625,20.47
235.3125,-1.6875,-49.6875,20.48
235.375,-1.75,-49.6875,20.51
235.375,-1.75,-49.6875,20.52
235.4375,-1.8125,-49.6875,20.55
235.5625,-1.875,-49.6875,20.56
235.625,-1.875,-49.75,20.59
235.6875,-1.9375,-49.75,20.60
235.75,-2.0,-49.75,20.63
235.75,-2.0,-49.75,20.64
235.8125,-2.0625,-49.75,20.67
235.9375,-2.125,-49.75,20.68
236.0,-2.1875,-49.75,20.71
236.0625,-2.25,-49.8125,20.72
236.1875,-2.3125,-49.8125,20.75
236.1875,-2.3125,-49.8125,20.76
236.25,-2.375,-49.8125,20.79
236.375,-2.375,-49.8125,20.80
236.4375,-2.4375,-49.8125,20.83
236.5,-2.5625,-49.875,20.84
236.625,-2.625,-49.875,20.87
236.625,-2.625,-49.875,20.88
236.6875,-2.6875,-49.875,20.91
236.8125,-2.75,-49.875,20.92
236.875,-2.8125,-49.9375,20.95
236.9375,-2.875,-49.9375,20.96
237.0625,-2.9375,-50.0,20.99
237.0625,-2.9375,-50.0,21.00
237.125,-3.0,-50.0,21.03
237.1875,-3.0625,-50.0,21.04
237.25,-3.125,-50.0,21.07
237.3125,-3.1875,-50.0625,21.08
237.4375,-3.25,-50.0625,21.11
237.4375,-3.25,-50.0625,21.12
237.5,-3.3125,-50.0625,21.15
237.5625,-3.375,-50.0625,21.16
237.625,-3.4375,-50.0625,21.19
237.6875,-3.4375,-50.0625,21.20
237.75,-3.5,-50.0625,21.23
237.75,-3.5,-50.0625,21.24
237.875,-3.5625,-50.0625,21.27
237.9375,-3.625,-50.0625,21.28
238.0,-3.625,-50.0625,21.31
238.0625,-3.6875,-50.0625,21.32
238.125,-3.75,-50.0625,21.35
238.125,-3.75,-50.0625,21.36
238.25,-3.75,-50.0625,21.39
238.3125,-3.8125,-50.0,21.40
238.375,-3.8125,-50.0,21.43
238.4375,-3.875,-50.0,21.44
238.5,-3.875,-50.0,21.47
238.5,-3.875,-50.0,21.48
238.5625,-3.9375,-50.0,21.51
238.625,-4.0,-49.9375,21.52
238.6875,-4.0,-49.9375,21.55
238.75,-4.0625,-49.9375,21.56
238.8125,-4.0625,-49.9375,21.59
238.8125,-4.0625,-49.9375,21.60
238.875,-4.125,-49.9375,21.63
238.9375,-4.125,-49.9375,21.64
239.0,-4.1875,-50.0,21.67
239.0625,-4.25,-50.0,21.68
239.125,-4.3125,-50.0,21.71
239.125,-4.3125,-50.0,21.72
239.1875,-4.3125,-50.0,21.75
239.25,-4.375,-50.0,21.76
239.3125,-4.4375,-50.0625,21.79
252.4375,-11.5625,-47.0625,21.80
252.4375,-11.5625,-47.0625,21.83
252.4375,-11.5625,-47.0625,21.84
252.4375,-11.5625,-47.0,21.87
252.4375,-11.5,-47.0,21.88
252.4375,-11.5,-47.0,21.91
252.4375,-11.5,-47.0,21.92
252.4375,-11.5,-47.0,21.95
252.4375,-11.5,-46.9375,21.96
252.4375,-11.5,-46.9375,21.99
252.4375,-11.5,-46.9375,22.00
252.5,-11.5,-46.9375,22.03
252.5,-11.5,-46.9375,22.04
252.5,-11.5,-46.9375,22.07
252.5,-11.5,-46.9375,22.08
252.5,-11.5,-46.9375,22.11
252.5,-11.5,-46.9375,22.12
252.5625,-11.5,-46.9375,22.15
252.5625,-11.5,-46.9375,22.16
252.5625,-11.5,-46.9375,22.19
252.5625,-11.5,-46.9375,22.20
252.5625,-11.5,-46.9375,22.23
252.5625,-11.5,-46.9375,22.24
252.5625,-11.5,-46.9375,22.27
252.5625,-11.5,-46.9375,22.28
252.5625,-11.5,-46.875,22.31
252.5625,-11.5,-46.875,22.32
252.625,-11.5,-46.875,22.35
252.625,-11.5,-46.875,22.36
252.625,-11.5,-46.8125,22.39
252.625,-11.5,-46.8125,22.40
252.625,-11.5,-46.8125,22.43
252.625,-11.4375,-46.75,22.44
252.6875,-11.4375,-46.75,22.47
252.6875,-11.4375,-46.75,22.48
252.625,-11.4375,-46.75,22.51
252.625,-11.375,-46.6875,22.52
252.625,-11.375,-46.6875,22.55
252.625,-11.375,-46.6875,22.56
252.625,-11.375,-46.6875,22.59
252.625,-11.375,-46.6875,22.60
252.625,-11.3125,-46.625,22.63
252.625,-11.3125,-46.625,22.64
252.625,-11.3125,-46.625,22.67
252.625,-11.3125,-46.625,22.68
252.625,-11.3125,-46.5625,22.71
252.625,-11.3125,-46.5625,22.72
252.5625,-11.3125,-46.5625,22.75
252.5625,-11.3125,-46.5625,22.76
252.5625,-11.3125,-46.5,22.79
252.5625,-11.3125,-46.5,22.80
252.5625,-11.3125,-46.5,22.83
252.5625,-11.3125,-46.5,22.84
252.5625,-11.3125,-46.5,22.87
252.5625,-11.25,-46.5,22.88
252.5625,-11.25,-46.5,22.91
252.5625,-11.25,-46.5,22.92
252.5625,-11.25,-46.5,22.95
252.5625,-11.25,-46.5,22.96
252.5625,-11.25,-46.5,22.99
252.5625,-11.25,-46.5,23.00
252.5625,-11.25,-46.5,23.03
252.5625,-11.25,-46.5,23.04
252.5625,-11.25,-46.5,23.07
252.5625,-11.25,-46.5,23.08
252.5625,-11.25,-46.5,23.11
252.5625,-11.25,-46.5,23.12
252.5625,-11.25,-46.5,23.15
252.5625,-11.25,-46.5,23.16
252.5625,-11.25,-46.5,23.19
252.5625,-11.25,-46.5,23.20
252.5,-11.25,-46.5,23.23
252.5,-11.25,-46.5,23.24
252.5,-11.25,-46.5,23.27
252.4375,-11.1875,-46.5,23.28
252.4375,-11.1875,-46.5,23.31
252.4375,-11.1875,-46.5,23.32
252.375,-11.125,-46.5,23.35
252.375,-11.125,-46.5,23.36
252.3125,-11.125,-46.5,23.39
252.3125,-11.125,-46.5,23.40
252.25,-11.0625,-46.5,23.43
252.1875,-11.0625,-46.5,23.44
252.125,-11.0,-46.5,23.47
252.0,-11.0,-46.4375,23.48
251.875,-10.9375,-46.4375,23.51
251.875,-10.9375,-46.4375,23.52
251.8125,-10.875,-46.5,23.55
251.6875,-10.875,-46.5,23.56
251.5625,-10.8125,-46.5,23.59
251.375,-10.75,-46.5,23.60
251.25,-10.6875,-46.5,23.63
251.25,-10.6875,-46.5,23.64
251.0625,-10.625,-46.5,23.67
250.9375,-10.5625,-46.5,23.68
250.75,-10.5,-46.5625,23.71
250.5625,-10.4375,-46.5625,23.72
250.375,-10.375,-46.5625,23.75
250.375,-10.375,-46.5625,23.76
250.1875,-10.3125,-46.625,23.79
249.9375,-10.1875,-46.625,23.80
249.75,-10.125,-46.6875,23.83
249.5625,-10.0625,-46.6875,23.84
249.3125,-9.9375,-46.75,23.87
249.3125,-9.9375,-46.75,23.88
249.0625,-9.875,-46.8125,23.91
248.875,-9.75,-46.8125,23.92
248.625,-9.6875,-46.875,23.95
248.375,-9.5625,-46.9375,23.96
248.125,-9.4375,-47.0,23.99
248.125,-9.4375,-47.0,24.00
247.875,-9.3125,-47.0625,24.03
247.625,-9.1875,-47.125,24.04
247.375,-9.0625,-47.1875,24.07
247.125,-9.0,-47.25,24.08
246.875,-8.875,-47.3125,24.11
246.875,-8.875,-47.3125,24.12
246.5625,-8.6875,-47.4375,24.15
246.25,-8.5625,-47.5,24.16
245.9375,-8.375,-47.625,24.19
245.5625,-8.25,-47.75,24.20
245.1875,-8.0625,-47.875,24.23
245.1875,-8.0625,-47.875,24.24
244.8125,-7.875,-48.0,24.27
244.4375,-7.6875,-48.125,24.28
244.0625,-7.5625,-48.25,24.31
243.6875,-7.375,-48.375,24.32
243.3125,-7.1875,-48.5,24.35
243.3125,-7.1875,-48.5,24.36
242.9375,-7.0,-48.625,24.39
242.5625,-6.8125,-48.75,24.40
242.1875,-6.625,-48.875,24.43
241.8125,-6.4375,-49.0,24.44
241.375,-6.25,-49.125,24.47
241.375,-6.25,-49.125,24.48
241.0,-6.0625,-49.25,24.51
240.5625,-5.8125,-49.3125,24.52
240.1875,-5.625,-49.4375,24.55
239.75,-5.375,-49.5625,24.56
239.375,-5.1875,-49.6875,24.59
239.375,-5.1875,-49.6875,24.60
239.0,-4.9375,-49.75,24.63
238.625,-4.75,-49.875,24.64
238.25,-4.5625,-49.9375,24.67
237.875,-4.3125,-50.0625,24.68
237.5,-4.125,-50.125,24.71
237.5,-4.125,-50.125,24.72
237.1875,-3.9375,-50.1875,24.75
236.8125,-3.6875,-50.3125,24.76
236.5,-3.5,-50.4375,24.79
236.125,-3.3125,-50.5,24.80
236.125,-3.3125,-50.5,24.83
235.8125,-3.125,-50.625,24.84
235.4375,-3.0,-50.75,24.87
235.4375,-3.0,-50.75,24.88
235.125,-2.8125,-50.875,24.91
234.8125,-2.6875,-50.9375,24.92
234.5,-2.5625,-51.0625,24.95
234.5,-2.5625,-51.0625,24.96
234.1875,-2.375,-51.1875,24.99
233.8125,-2.25,-51.3125,25.00
233.5,-2.0625,-51.4375,25.03
233.125,-1.9375,-51.5,25.04
232.75,-1.75,-51.625,25.07
232.4375,-1.5625,-51.6875,25.08
232.0625,-1.375,-51.8125,25.11
232.0625,-1.375,-51.8125,25.12
231.3125,-1.0625,-52.0,25.15
231.3125,-1.0625,-52.0,25.16
230.9375,-0.875,-52.125,25.19
230.625,-0.6875,-52.1875,25.20
230.625,-0.6875,-52.1875,25.23
230.25,-0.5,-52.3125,25.24
229.9375,-0.3125,-52.4375,25.27
229.9375,-0.3125,-52.4375,25.28
229.5625,-0.125,-52.5,25.31
229.25,0.0,-52.625,25.32
228.875,0.125,-52.6875,25.35
228.875,0.125,-52.6875,25.36
228.5625,0.3125,-52.8125,25.39
228.25,0.4375,-52.875,25.40
227.9375,0.5625,-52.9375,25.43
227.5625,0.75,-52.9375,25.44
227.5625,0.75,-52.9375,25.47
227.25,0.875,-52.9375,25.48
226.9375,1.0,-53.0,25.51
226.9375,1.0,-53.0,25.52
226.625,1.1875,-53.0,25.55
226.375,1.3125,-53.0,25.56
226.0625,1.4375,-53.0,25.59
226.0625,1.4375,-53.0,25.60
225.8125,1.5625,-53.0625,25.63
225.625,1.75,-53.0625,25.64
225.625,1.75,-53.0625,25.67
225.4375,1.875,-53.0625,25.68
225.25,2.0,-53.0625,25.71
225.125,2.125,-53.0625,25.72
225.125,2.125,-53.0625,25.75
225.0,2.25,-53.0625,25.76
224.9375,2.3125,-53.0625,25.79
224.9375,2.3125,-53.0625,25.80
224.875,2.375,-53.125,25.83
224.8125,2.5,-53.125,25.84
224.8125,2.5,-53.1875,25.87
224.8125,2.5,-53.1875,25.88
224.8125,2.5625,-53.25,25.91
224.8125,2.5625,-53.25,25.92
224.8125,2.5625,-53.25,25.95
224.875,2.5625,-53.3125,25.96
224.9375,2.5625,-53.375,25.99
224.9375,2.5625,-53.375,26.00
224.9375,2.5625,-53.375,26.03
225.0,2.5625,-53.375,26.04
225.0625,2.5,-53.4375,26.07
225.0625,2.5,-53.4375,26.08
225.125,2.5,-53.4375,26.11
225.1875,2.5,-53.4375,26.12
241.375,-4.75,-43.25,26.15
241.375,-4.75,-43.25,26.16
241.375,-4.75,-43.1875,26.19
241.4375,-4.8125,-43.1875,26.20
241.4375,-4.8125,-43.1875,26.23
241.4375,-4.8125,-43.1875,26.24
241.4375,-4.875,-43.1875,26.27
241.4375,-4.875,-43.1875,26.28
241.4375,-4.875,-43.125,26.31
241.4375,-4.875,-43.125,26.32
241.4375,-4.8125,-43.125,26.35
241.4375,-4.8125,-43.125,26.36
241.5,-4.8125,-43.125,26.39
241.5,-4.8125,-43.125,26.40
241.5,-4.75,-43.0625,26.43
241.5,-4.75,-43.0625,26.44
241.5,-4.6875,-43.0,26.47
241.5,-4.6875,-43.0,26.48
241.5625,-4.6875,-43.0,26.51
241.5625,-4.625,-43.0,26.52
241.5625,-4.625,-42.9375,26.55
241.5625,-4.625,-42.9375,26.56
241.5625,-4.625,-42.9375,26.59
241.625,-4.625,-42.9375,26.60
241.625,-4.625,-42.9375,26.63
241.625,-4.625,-42.9375,26.64
241.625,-4.625,-43.0,26.67
241.625,-4.625,-43.0,26.68
241.6875,-4.625,-43.0,26.71
241.6875,-4.625,-43.0,26.72
241.8125,-4.6875,-43.0625,26.75
241.8125,-4.6875,-43.0625,26.76
241.875,-4.6875,-43.125,26.79
241.875,-4.6875,-43.125,26.80
241.9375,-4.75,-43.125,26.83
242.0,-4.6875,-43.125,26.84
242.0,-4.6875,-43.125,26.87
242.0625,-4.6875,-43.125,26.88
242.125,-4.6875,-43.125,26.91
242.25,-4.6875,-43.0625,26.92
242.3125,-4.625,-43.0,26.95
242.3125,-4.625,-43.0,26.96
242.375,-4.625,-42.9375,26.99
242.375,-4.625,-42.9375,27.00
242.5,-4.5625,-42.875,27.03
242.5625,-4.5625,-42.8125,27.04
242.6875,-4.5,-42.75,27.07
242.6875,-4.5,-42.75,27.08
242.75,-4.5,-42.6875,27.11
242.875,-4.5,-42.5625,27.12
242.875,-4.5,-42.5625,27.15
242.9375,-4.5625,-42.5,27.16
243.0625,-4.5625,-42.4375,27.19
243.125,-4.5625,-42.4375,27.20
243.25,-4.625,-42.375,27.23
243.25,-4.625,-42.375,27.24
243.3125,-4.6875,-42.3125,27.27
243.3125,-4.6875,-42.3125,27.28
243.4375,-4.6875,-42.3125,27.31
243.5,-4.75,-42.25,27.32
243.5625,-4.8125,-42.25,27.35
243.5625,-4.8125,-42.25,27.36
243.6875,-4.8125,-42.25,27.39
243.75,-4.875,-42.25,27.40
243.8125,-4.9375,-42.25,27.43
243.9375,-5.0,-42.25,27.44
244.0625,-5.0625,-42.25,27.47
244.0625,-5.0625,-42.25,27.48
244.1875,-5.125,-42.25,27.51
244.3125,-5.1875,-42.3125,27.52
244.5,-5.1875,-42.375,27.55
244.625,-5.25,-42.4375,27.56
244.8125,-5.3125,-42.5,27.59
244.8125,-5.3125,-42.5,27.60
245.0,-5.375,-42.5625,27.63
245.0,-5.375,-42.5625,27.64
245.25,-5.4375,-42.625,27.67
245.25,-5.4375,-42.625,27.68
245.6875,-5.5625,-42.6875,27.71
245.6875,-5.5625,-42.6875,27.72
245.875,-5.6875,-42.6875,27.75
246.125,-5.75,-42.75,27.76
246.375,-5.8125,-42.75,27.79
246.375,-5.8125,-42.75,27.80
246.875,-6.0,-42.8125,27.83
246.875,-6.0,-42.8125,27.84
247.125,-6.125,-42.8125,27.87
247.3125,-6.25,-42.8125,27.88
247.5625,-6.375,-42.8125,27.91
247.5625,-6.375,-42.8125,27.92
248.0,-6.625,-42.8125,27.95
248.0,-6.625,-42.8125,27.96
248.1875,-6.75,-42.8125,27.99
248.3125,-6.9375,-42.8125,28.00
248.5,-7.0625,-42.8125,28.03
248.5,-7.0625,-42.8125,28.04
248.8125,-7.3125,-42.8125,28.07
248.8125,-7.3125,-42.8125,28.08
248.9375,-7.4375,-42.8125,28.11
248.9375,-7.4375,-42.8125,28.12
249.0625,-7.5625,-42.8125,28.15
249.1875,-7.6875,-42.8125,28.16
249.3125,-7.75,-42.875,28.19
249.4375,-7.875,-42.875,28.20
249.5625,-7.9375,-42.875,28.23
249.5625,-7.9375,-42.875,28.24
249.625,-8.0625,-42.875,28.27
249.75,-8.125,-42.875,28.28
249.8125,-8.1875,-42.9375,28.31
249.875,-8.25,-42.9375,28.32
249.9375,-8.375,-42.9375,28.35
249.9375,-8.375,-42.9375,28.36
250.0625,-8.4375,-43.0,28.39
250.125,-8.5,-43.0,28.40
250.1875,-8.5625,-43.0625,28.43
250.25,-8.625,-43.0625,28.44
250.3125,-8.6875,-43.125,28.47
250.3125,-8.6875,-43.125,28.48
250.375,-8.75,-43.125,28.51
250.4375,-8.8125,-43.1875,28.52
250.5,-8.8125,-43.1875,28.55
250.5625,-8.875,-43.25,28.56
250.625,-8.9375,-43.25,28.59
250.625,-8.9375,-43.25,28.60
250.6875,-9.0625,-43.3125,28.63
250.75,-9.125,-43.375,28.64
250.8125,-9.1875,-43.375,28.67
250.875,-9.25,-43.4375,28.68
250.9375,-9.3125,-43.4375,28.71
250.9375,-9.3125,-43.4375,28.72
251.0,-9.3125,-43.4375,28.75
251.125,-9.375,-43.4375,28.76
251.1875,-9.4375,-43.4375,28.79
251.3125,-9.5,-43.4375,28.80
251.375,-9.5625,-43.4375,28.83
251.375,-9.5625,-43.4375,28.84
251.5,-9.625,-43.4375,28.87
251.625,-9.6875,-43.4375,28.88
251.75,-9.75,-43.4375,28.91
251.8125,-9.8125,-43.4375,28.92
251.9375,-9.8125,-43.4375,28.95
251.9375,-9.8125,-43.4375,28.96
252.0,-9.875,-43.4375,28.99
252.0625,-9.9375,-43.375,29.00
252.125,-10.0,-43.375,29.03
252.1875,-10.0625,-43.375,29.04
252.25,-10.0625,-43.375,29.07
252.25,-10.0625,-43.375,29.08
252.3125,-10.125,-43.375,29.11
252.375,-10.1875,-43.375,29.12
252.375,-10.25,-43.375,29.15
252.4375,-10.25,-43.375,29.16
252.4375,-10.3125,-43.4375,29.19
252.4375,-10.3125,-43.4375,29.20
252.4375,-10.3125,-43.4375,29.23
252.4375,-10.375,-43.5,29.24
252.4375,-10.375,-43.5,29.27
252.4375,-10.375,-43.5625,29.28
252.375,-10.375,-43.5625,29.31
252.375,-10.375,-43.5625,29.32
252.3125,-10.375,-43.625,29.35
252.25,-10.375,-43.6875,29.36
252.25,-10.375,-43.6875,29.39
252.125,-10.375,-43.8125,29.40
252.0,-10.3125,-43.875,29.43
251.8125,-10.3125,-44.0,29.44
251.8125,-10.3125,-44.0,29.47
251.5625,-10.3125,-44.125,29.48
251.3125,-10.3125,-44.25,29.51
251.3125,-10.3125,-44.25,29.52
250.75,-10.3125,-44.5625,29.55
250.75,-10.3125,-44.5625,29.56
250.4375,-10.3125,-44.6875,29.59
250.1875,-10.25,-44.875,29.60
250.1875,-10.25,-44.875,29.63
249.8125,-10.25,-45.125,29.64
249.5,-10.25,-45.3125,29.67
249.1875,-10.25,-45.5,29.68
248.875,-10.25,-45.75,29.71
248.875,-10.25,-45.75,29.72
248.5625,-10.25,-46.0,29.75
248.5625,-10.25,-46.0,29.76
248.25,-10.25,-46.1875,29.79
247.9375,-10.25,-46.4375,29.80
247.625,-10.1875,-46.625,29.83
247.375,-10.1875,-46.875,29.84
247.375,-10.1875,-46.875,29.87
247.0625,-10.1875,-47.0625,29.88
246.8125,-10.125,-47.25,29.91
246.8125,-10.125,-47.25,29.92
246.3125,-10.0625,-47.6875,29.95
246.3125,-10.0625,-47.6875,29.96
246.0625,-10.0,-47.875,29.99
245.8125,-9.9375,-48.0625,30.00
245.5625,-9.9375,-48.25,30.03
245.5625,-9.9375,-48.25,30.04
245.125,-9.8125,-48.625,30.07
245.125,-9.8125,-48.625,30.08
244.875,-9.75,-48.75,30.11
244.625,-9.6875,-48.9375,30.12
244.375,-9.625,-49.0625,30.15
244.375,-9.625,-49.0625,30.16
243.875,-9.5,-49.4375,30.19
243.6875,-9.4375,-49.5625,30.20
243.4375,-9.375,-49.75,30.23
243.4375,-9.375,-49.75,30.24
243.1875,-9.3125,-49.9375,30.27
243.0,-9.25,-50.0625,30.28
242.8125,-9.1875,-50.25,30.31
242.6875,-9.125,-50.375,30.32
242.5,-9.0625,-50.5625,30.35
242.5,-9.0625,-50.5625,30.36
233.5625,-1.4375,-40.875,30.39
233.5625,-1.4375,-40.875,30.40
233.75,-1.5,-40.875,30.43
233.75,-1.5,-40.875,30.44
233.75,-1.5625,-40.875,30.47
233.8125,-1.5625,-40.875,30.48
233.875,-1.625,-40.875,30.51
233.875,-1.625,-40.875,30.52
234.0,-1.6875,-40.875,30.55
234.0,-1.6875,-40.875,30.56
234.0625,-1.75,-40.875,30.59
234.125,-1.75,-40.875,30.60
234.1875,-1.8125,-40.875,30.63
234.1875,-1.8125,-40.875,30.64
234.3125,-1.875,-40.9375,30.67
234.3125,-1.875,-40.9375,30.68
234.375,-1.9375,-40.9375,30.71
234.5,-1.9375,-40.9375,30.72
234.5625,-2.0,-41.0,30.75
234.5625,-2.0,-41.0,30.76
234.8125,-2.0625,-41.0,30.79
234.8125,-2.0625,-41.0,30.80
234.9375,-2.125,-41.0,30.83
235.0625,-2.1875,-41.0,30.84
235.25,-2.1875,-41.0625,30.87
235.25,-2.1875,-41.0625,30.88
235.5,-2.25,-41.0625,30.91
235.5,-2.25,-41.0625,30.92
235.625,-2.3125,-41.125,30.95
235.8125,-2.3125,-41.125,30.96
235.9375,-2.375,-41.125,30.99
235.9375,-2.375,-41.125,31.00
236.125,-2.4375,-41.1875,31.03
236.125,-2.4375,-41.1875,31.04
236.25,-2.4375,-41.1875,31.06
236.3125,-2.5,-41.1875,31.08
236.375,-2.5625,-41.25,31.11
236.375,-2.5625,-41.25,31.12
236.5,-2.625,-41.25,31.15
236.5,-2.625,-41.25,31.16
236.5625,-2.6875,-41.25,31.19
236.5625,-2.6875,-41.25,31.20
236.625,-2.75,-41.3125,31.23
236.625,-2.75,-41.3125,31.24
236.625,-2.8125,-41.3125,31.27
236.625,-2.8125,-41.3125,31.28
236.625,-2.875,-41.3125,31.31
236.625,-2.875,-41.3125,31.32
236.6875,-2.875,-41.3125,31.35
236.6875,-2.875,-41.3125,31.36
236.6875,-2.9375,-41.375,31.39
236.6875,-2.9375,-41.375,31.40
236.75,-3.0,-41.375,31.43
236.75,-3.0,-41.375,31.44
236.8125,-3.0,-41.375,31.46
236.8125,-3.0,-41.375,31.48
236.875,-3.0625,-41.4375,31.51
236.875,-3.0625,-41.4375,31.52
236.9375,-3.0625,-41.4375,31.55
236.9375,-3.125,-41.4375,31.56
237.0,-3.125,-41.4375,31.59
237.0,-3.125,-41.4375,31.60
237.0625,-3.1875,-41.5,31.62
237.0625,-3.1875,-41.5,31.64
237.125,-3.1875,-41.5,31.67
237.125,-3.25,-41.5,31.68
237.1875,-3.25,-41.5,31.71
237.1875,-3.25,-41.5,31.72
237.25,-3.25,-41.5625,31.75
237.25,-3.25,-41.5625,31.76
237.25,-3.25,-41.5625,31.79
237.25,-3.25,-41.5625,31.80
237.3125,-3.25,-41.625,31.83
237.3125,-3.25,-41.625,31.84
237.3125,-3.25,-41.625,31.87
237.3125,-3.25,-41.625,31.88
237.3125,-3.25,-41.625,31.91
237.3125,-3.25,-41.6875,31.92
237.3125,-3.25,-41.6875,31.95
237.3125,-3.25,-41.6875,31.96
237.375,-3.25,-41.6875,31.99
237.375,-3.25,-41.6875,32.00
237.375,-3.25,-41.75,32.03
237.375,-3.25,-41.75,32.04
237.375,-3.25,-41.75,32.07
237.375,-3.25,-41.75,32.08
237.4375,-3.25,-41.75,32.11
237.4375,-3.25,-41.75,32.12
237.5,-3.3125,-41.75,32.15
237.5,-3.3125,-41.75,32.16
237.5625,-3.3125,-41.8125,32.19
237.625,-3.375,-41.8125,32.20
237.6875,-3.375,-41.8125,32.23
237.75,-3.4375,-41.875,32.24
237.875,-3.5,-41.875,32.27
237.875,-3.5,-41.875,32.28
237.9375,-3.5625,-41.875,32.31
238.0625,-3.625,-41.9375,32.32
238.125,-3.625,-41.9375,32.35
238.25,-3.6875,-41.9375,32.36
238.375,-3.75,-41.9375,32.38
238.375,-3.75,-41.9375,32.40
238.5,-3.875,-41.9375,32.43
238.625,-3.9375,-41.9375,32.44
238.75,-4.0,-41.9375,32.47
238.875,-4.0625,-41.9375,32.48
239.0,-4.125,-41.9375,32.50
239.0,-4.125,-41.9375,32.52
239.125,-4.1875,-41.9375,32.55
239.25,-4.25,-42.0,32.56
239.4375,-4.25,-42.0,32.58
239.5625,-4.3125,-42.0,32.60
239.6875,-4.375,-42.0,32.62
239.6875,-4.375,-42.0,32.64
239.8125,-4.4375,-42.0,32.67
240.0,-4.5,-42.0,32.68
240.125,-4.5,-42.0,32.70
240.3125,-4.5625,-42.0,32.72
240.4375,-4.625,-42.0,32.74
240.4375,-4.625,-42.0,32.76
240.625,-4.6875,-42.0,32.79
240.8125,-4.6875,-42.0,32.80
240.9375,-4.75,-42.0625,32.82
241.125,-4.8125,-42.0625,32.84
241.3125,-4.875,-42.0625,32.87
241.3125,-4.875,-42.0625,32.88
241.5,-4.9375,-42.0625,32.90
241.625,-5.0,-42.0625,32.92
241.8125,-5.0625,-42.0625,32.95
241.9375,-5.125,-42.0625,32.96
242.125,-5.1875,-42.0625,32.98
242.125,-5.1875,-42.0625,33.00
242.25,-5.25,-42.0625,33.02
242.375,-5.3125,-42.0625,33.04
242.5,-5.3125,-42.0625,33.07
242.625,-5.375,-42.0625,33.08
242.6875,-5.4375,-42.0,33.11
242.6875,-5.4375,-42.0,33.12
242.8125,-5.5625,-42.0,33.14
242.9375,-5.625,-42.0,33.16
243.0,-5.6875,-41.9375,33.19
243.125,-5.75,-41.9375,33.20
243.1875,-5.8125,-41.9375,33.22
243.1875,-5.8125,-41.9375,33.24
243.25,-5.8125,-41.9375,33.26
243.375,-5.875,-41.9375,33.28
243.4375,-5.875,-41.875,33.30
243.5,-5.9375,-41.875,33.32
243.5625,-5.9375,-41.875,33.34
243.5625,-5.9375,-41.875,33.36
243.625,-6.0,-41.875,33.38
243.6875,-6.0,-41.875,33.40
243.75,-6.0,-41.875,33.42
243.8125,-6.0625,-41.875,33.44
243.875,-6.0625,-41.875,33.47
243.875,-6.0625,-41.875,33.48
244.0,-6.0625,-41.875,33.51
244.0625,-6.0,-41.875,33.52
244.125,-6.0,-41.9375,33.55
244.1875,-5.9375,-42.0,33.56
244.3125,-5.875,-42.125,33.58
244.3125,-5.875,-42.125,33.60
244.4375,-5.875,-42.3125,33.63
244.4375,-5.875,-42.3125,33.64
244.5625,-5.8125,-42.5,33.67
244.75,-5.8125,-42.6875,33.68
244.875,-5.8125,-42.875,33.71
244.875,-5.8125,-42.875,33.72
245.0,-5.75,-43.0,33.75
245.0,-5.75,-43.0,33.76
245.1875,-5.75,-43.1875,33.78
245.3125,-5.75,-43.25,33.80
245.3125,-5.75,-43.25,33.83
245.4375,-5.75,-43.375,33.84
245.5625,-5.8125,-43.4375,33.87
245.6875,-5.8125,-43.4375,33.88
245.8125,-5.8125,-43.5,33.90
245.8125,-5.8125,-43.5,33.92
245.875,-5.875,-43.5,33.94
245.875,-5.875,-43.5,33.96
246.0,-5.875,-43.4375,33.99
246.0,-5.875,-43.4375,34.00
246.0625,-5.875,-43.4375,34.03
246.125,-5.875,-43.375,34.04
246.125,-5.875,-43.3125,34.06
246.125,-5.875,-43.3125,34.08
246.125,-5.9375,-43.1875,34.11
246.125,-5.9375,-43.1875,34.12
246.125,-5.9375,-43.125,34.15
246.125,-5.875,-43.0625,34.16
246.0625,-5.875,-42.9375,34.19
246.0625,-5.875,-42.9375,34.20
246.0,-5.8125,-42.875,34.23
246.0,-5.75,-42.8125,34.24
246.0,-5.75,-42.8125,34.26
245.9375,-5.75,-42.8125,34.28
245.875,-5.6875,-42.75,34.31
245.875,-5.6875,-42.75,34.32
245.8125,-5.625,-42.6875,34.34
245.8125,-5.5625,-42.625,34.36
245.75,-5.5,-42.5625,34.39
245.6875,-5.4375,-42.5,34.40
245.625,-5.375,-42.4375,34.43
245.625,-5.375,-42.4375,34.44
245.5625,-5.3125,-42.375,34.47
245.5,-5.3125,-42.3125,34.48
245.5,-5.25,-42.25,34.50
245.4375,-5.25,-42.25,34.52
245.375,-5.1875,-42.1875,34.54
245.375,-5.1875,-42.1875,34.56
245.375,-5.1875,-42.1875,34.58
245.3125,-5.1875,-42.125,34.60
245.3125,-5.125,-42.125,34.62
245.25,-5.125,-42.0625,34.64
245.25,-5.125,-42.0625,34.67
245.25,-5.125,-42.0625,34.68
245.25,-5.125,-42.0,34.70
245.1875,-5.0625,-42.0,34.72
252.75,-9.625,-52.125,34.74
252.75,-9.625,-52.125,34.76
252.75,-9.625,-52.125,34.78
252.75,-9.625,-52.125,34.80
252.75,-9.625,-52.125,34.82
252.75,-9.6875,-52.125,34.84
252.75,-9.6875,-52.125,34.87
252.75,-9.6875,-52.125,34.88
252.75,-9.6875,-52.125,34.90
252.75,-9.6875,-52.125,34.92
252.75,-9.6875,-52.125,34.94
252.75,-9.6875,-52.125,34.96
252.75,-9.6875,-52.125,34.99
252.75,-9.6875,-52.125,35.00
252.75,-9.6875,-52.125,35.02
252.75,-9.6875,-52.125,35.04
252.75,-9.6875,-52.125,35.07
252.75,-9.6875,-52.125,35.08
252.75,-9.6875,-52.125,35.11
252.75,-9.6875,-52.125,35.12
252.75,-9.6875,-52.125,35.14
252.75,-9.6875,-52.125,35.16
252.75,-9.6875,-52.125,35.18
252.75,-9.6875,-52.125,35.20
252.75,-9.6875,-52.125,35.22
252.75,-9.6875,-52.125,35.24
252.75,-9.6875,-52.0625,35.26
252.75,-9.6875,-52.0625,35.28
252.75,-9.6875,-52.0625,35.30
252.75,-9.6875,-52.0625,35.32
252.75,-9.6875,-52.0625,35.34
252.75,-9.75,-52.0625,35.36
252.6875,-9.75,-52.0,35.38
252.6875,-9.75,-52.0,35.40
252.6875,-9.75,-52.0,35.43
252.6875,-9.75,-52.0,35.44
252.625,-9.75,-52.0,35.46
252.625,-9.75,-52.0,35.48
252.5625,-9.75,-52.0,35.50
252.5625,-9.75,-52.0,35.52
252.5625,-9.75,-52.0,35.54
252.5625,-9.75,-52.0,35.56
252.5,-9.75,-52.0,35.58
252.5,-9.75,-52.0,35.60
252.4375,-9.75,-52.0,35.63
252.4375,-9.75,-52.0,35.64
252.4375,-9.75,-52.0625,35.66
252.4375,-9.75,-52.0625,35.68
252.375,-9.75,-52.0625,35.70
252.375,-9.75,-52.0,35.72
252.375,-9.75,-52.0,35.74
252.375,-9.75,-52.0,35.76
252.3125,-9.75,-51.9375,35.78
252.3125,-9.75,-51.9375,35.80
252.3125,-9.75,-51.875,35.82
252.3125,-9.6875,-51.875,35.84
252.3125,-9.6875,-51.8125,35.87
252.3125,-9.6875,-51.8125,35.88
252.25,-9.6875,-51.8125,35.90
252.25,-9.6875,-51.8125,35.92
252.25,-9.6875,-51.75,35.94
252.25,-9.6875,-51.75,35.96
252.25,-9.6875,-51.75,35.98
252.25,-9.6875,-51.75,36.00
252.1875,-9.6875,-51.75,36.02
252.1875,-9.625,-51.75,36.04
252.1875,-9.625,-51.75,36.07
252.1875,-9.625,-51.75,36.08
252.125,-9.625,-51.75,36.10
252.125,-9.625,-51.75,36.12
252.125,-9.625,-51.75,36.14
252.125,-9.625,-51.75,36.16
252.0625,-9.5625,-51.75,36.18
252.0625,-9.5625,-51.75,36.20
252.0625,-9.5625,-51.75,36.22
252.0,-9.625,-51.75,36.24
252.0,-9.625,-51.8125,36.27
252.0,-9.625,-51.8125,36.28
252.0,-9.625,-51.8125,36.30
252.0,-9.625,-51.8125,36.32
252.0,-9.625,-51.875,36.34
252.0,-9.625,-51.875,36.36
252.0,-9.625,-51.875,36.38
252.0,-9.625,-51.875,36.40
252.0,-9.625,-51.875,36.42
252.0,-9.625,-51.875,36.44
252.0,-9.625,-51.9375,36.46
252.0,-9.625,-51.9375,36.48
252.0,-9.625,-51.9375,36.50
252.0,-9.625,-51.9375,36.52
252.0,-9.625,-51.9375,36.53
252.0,-9.625,-51.9375,36.57
252.0,-9.625,-51.9375,36.57
252.0,-9.625,-51.9375,36.60
252.0,-9.625,-51.9375,36.60
252.0,-9.625,-51.9375,36.60
252.0,-9.625,-51.9375,36.60
252.0,-9.625,-51.9375,36.68
252.0,-9.625,-51.9375,36.68
252.0,-9.625,-51.9375,36.68
252.0,-9.625,-51.9375,36.68
252.0,-9.625,-51.9375,36.68
252.0,-9.625,-51.9375,36.68
252.0,-9.625,-51.9375,36.68
252.0,-9.625,-51.9375,36.82
252.0,-9.625,-51.9375,36.82
252.0,-9.625,-51.9375,36.82
252.0,-9.625,-51.9375,36.82
252.0,-9.625,-51.9375,36.82
252.0,-9.625,-51.9375,36.82
252.0,-9.625,-51.9375,36.82
252.0,-9.625,-51.9375,36.82
252.0,-9.625,-51.9375,36.82
252.0,-9.625,-51.9375,36.82
252.0,-9.625,-51.9375,36.82
252.0,-9.625,-51.9375,36.82
252.0,-9.625,-51.9375,37.06
252.0,-9.625,-51.9375,37.06
252.0,-9.625,-51.9375,37.06
252.0,-9.625,-51.9375,37.06
252.0,-9.625,-51.9375,37.06
252.0,-9.625,-51.9375,37.06
252.0,-9.625,-51.9375,37.06
252.0,-9.625,-51.9375,37.06
252.0,-9.625,-51.9375,37.06
252.0,-9.625,-51.9375,37.06
252.0,-9.625,-51.9375,37.06
252.0,-9.625,-51.9375,37.06
252.0,-9.625,-51.9375,37.06
252.0,-9.625,-51.9375,37.06
252.0,-9.625,-51.9375,37.06
252.0,-9.625,-51.9375,37.06
252.0,-9.625,-51.9375,37.06
252.0,-9.625,-51.9375,37.40
252.0,-9.625,-51.9375,37.40
252.0,-9.625,-51.9375,37.40
252.0,-9.625,-51.9375,37.40
252.0,-9.625,-51.9375,37.40
252.0,-9.625,-51.9375,37.40
252.0,-9.625,-51.9375,37.52
252.0,-9.625,-51.9375,37.52
251.9375,-9.625,-51.9375,37.56
251.9375,-9.625,-51.9375,37.59
251.9375,-9.625,-51.9375,37.59
251.9375,-9.625,-51.9375,37.59
251.9375,-9.625,-51.9375,37.64
251.9375,-9.625,-51.9375,37.64
251.9375,-9.625,-51.9375,37.64
251.9375,-9.625,-51.9375,37.70
251.9375,-9.625,-51.9375,37.70
251.9375,-9.625,-51.9375,37.74
251.9375,-9.625,-51.9375,37.74
251.9375,-9.625,-51.875,37.79
251.875,-9.625,-51.875,37.80
251.875,-9.625,-51.875,37.83
251.875,-9.625,-51.8125,37.84
251.8125,-9.5625,-51.8125,37.87
251.8125,-9.5625,-51.8125,37.88
251.8125,-9.5625,-51.8125,37.91
251.8125,-9.5625,-51.8125,37.92
251.8125,-9.5625,-51.75,37.95
251.75,-9.5625,-51.75,37.96
251.75,-9.5,-51.75,37.99
251.75,-9.5,-51.75,38.00
251.75,-9.5,-51.75,38.03
251.75,-9.5,-51.75,38.04
251.75,-9.5,-51.75,38.07
251.6875,-9.5,-51.75,38.08
251.6875,-9.5,-51.75,38.11
251.6875,-9.5,-51.75,38.12
251.6875,-9.5,-51.75,38.15
251.6875,-9.5,-51.75,38.16
251.6875,-9.5,-51.75,38.19
251.6875,-9.5,-51.75,38.20
251.6875,-9.5,-51.75,38.23
251.6875,-9.5,-51.75,38.24
251.625,-9.5,-51.75,38.27
251.625,-9.5,-51.75,38.28
251.625,-9.5,-51.75,38.31
251.5625,-9.5,-51.75,38.32
251.5625,-9.5,-51.75,38.34
251.5,-9.5,-51.75,38.36
251.4375,-9.5,-51.8125,38.39
251.4375,-9.5,-51.8125,38.40
251.4375,-9.5,-51.75,38.43
251.375,-9.5,-51.75,38.44
251.25,-9.5,-51.75,38.47
251.1875,-9.4375,-51.75,38.48
251.125,-9.4375,-51.75,38.51
251.0,-9.4375,-51.6875,38.52
250.875,-9.375,-51.6875,38.55
250.875,-9.375,-51.6875,38.56
250.625,-9.3125,-51.625,38.59
250.625,-9.3125,-51.625,38.60
250.4375,-9.3125,-51.625,38.63
250.3125,-9.25,-51.625,38.64
250.125,-9.25,-51.625,38.67
250.125,-9.25,-51.625,38.68
249.9375,-9.1875,-51.625,38.71
249.75,-9.125,-51.625,38.72
249.5625,-9.0625,-51.625,38.75
249.5625,-9.0625,-51.625,38.76
249.375,-9.0625,-51.625,38.79
249.1875,-9.0,-51.625,38.80
249.1875,-9.0,-51.625,38.83
249.0,-8.9375,-51.6875,38.84
248.75,-8.875,-51.6875,38.87
248.5625,-8.8125,-51.6875,38.88
248.3125,-8.75,-51.75,38.91
248.3125,-8.75,-51.75,38.92
248.0625,-8.6875,-51.75,38.95
247.8125,-8.625,-51.8125,38.96
247.5625,-8.5,-51.8125,38.99
247.3125,-8.4375,-51.875,39.00
247.0625,-8.375,-51.875,39.03
247.0625,-8.375,-51.875,39.04
246.75,-8.3125,-51.9375,39.07
246.5,-8.1875,-51.9375,39.08
246.1875,-8.125,-52.0,39.11
245.875,-8.0625,-52.0,39.12
245.5625,-7.9375,-52.0625,39.15
245.5625,-7.9375,-52.0625,39.16
245.25,-7.875,-52.0625,39.19
244.9375,-7.8125,-52.125,39.20
244.5625,-7.6875,-52.125,39.23
244.25,-7.625,-52.1875,39.24
243.9375,-7.5625,-52.25,39.27
243.9375,-7.5625,-52.25,39.28
243.625,-7.4375,-52.3125,39.31
243.3125,-7.375,-52.3125,39.32
243.0,-7.25,-52.375,39.35
242.6875,-7.125,-52.4375,39.36
242.375,-7.0625,-52.5,39.39
242.375,-7.0625,-52.5,39.40
242.125,-6.9375,-52.5,39.43
241.8125,-6.8125,-52.5625,39.44
241.5625,-6.75,-52.5625,39.47
241.375,-6.6875,-52.625,39.48
241.125,-6.5625,-52.6875,39.51
241.125,-6.5625,-52.6875,39.52
240.875,-6.5,-52.6875,39.55
240.6875,-6.375,-52.75,39.56
240.5,-6.25,-52.75,39.59
240.3125,-6.1875,-52.8125,39.60
240.125,-6.0625,-52.8125,39.63
240.125,-6.0625,-52.8125,39.64
239.9375,-6.0,-52.8125,39.67
239.75,-5.875,-52.8125,39.68
239.5625,-5.8125,-52.875,39.71
239.4375,-5.75,-52.875,39.72
239.25,-5.6875,-52.9375,39.75
239.25,-5.6875,-52.9375,39.76
239.125,-5.5625,-52.9375,39.79
238.9375,-5.5,-53.0,39.80
238.8125,-5.375,-53.0625,39.83
238.625,-5.3125,-53.0625,39.84
238.4375,-5.1875,-53.125,39.87
238.4375,-5.1875,-53.125,39.88
238.25,-5.0625,-53.125,39.91
238.0625,-5.0,-53.125,39.92
237.875,-4.875,-53.125,39.95
237.6875,-4.8125,-53.1875,39.96
237.5,-4.6875,-53.1875,39.99
237.5,-4.6875,-53.1875,40.00
237.3125,-4.625,-53.1875,40.03
237.125,-4.5,-53.1875,40.04
236.9375,-4.4375,-53.1875,40.07
236.75,-4.375,-53.1875,40.08
236.5625,-4.25,-53.1875,40.11
236.5625,-4.25,-53.1875,40.12
236.4375,-4.1875,-53.1875,40.15
236.3125,-4.125,-53.1875,40.16
236.1875,-4.0625,-53.1875,40.19
236.0625,-4.0,-53.1875,40.20
229.625,-0.75,-51.5625,40.23
229.625,-0.8125,-51.5625,40.24
229.625,-0.8125,-51.5625,40.27
229.625,-0.8125,-51.5625,40.28
229.6875,-0.8125,-51.5625,40.31
229.6875,-0.875,-51.5625,40.32
229.75,-0.875,-51.5625,40.35
229.8125,-0.9375,-51.5625,40.36
229.875,-0.9375,-51.5625,40.39
229.875,-0.9375,-51.5625,40.40
229.9375,-1.0,-51.5625,40.43
230.0,-1.0,-51.5625,40.44
230.0625,-1.0625,-51.5625,40.47
230.125,-1.0625,-51.5625,40.48
230.1875,-1.125,-51.5625,40.51
230.1875,-1.125,-51.5625,40.52
230.25,-1.125,-51.625,40.55
230.375,-1.125,-51.625,40.56
230.4375,-1.1875,-51.625,40.59
230.5,-1.25,-51.625,40.60
230.5625,-1.25,-51.625,40.63
230.5625,-1.25,-51.625,40.64
230.6875,-1.3125,-51.625,40.67
230.75,-1.3125,-51.6875,40.68
230.875,-1.375,-51.6875,40.71
230.9375,-1.4375,-51.6875,40.72
231.0625,-1.5,-51.6875,40.75
231.0625,-1.5,-51.6875,40.76
231.1875,-1.5625,-51.6875,40.79
231.3125,-1.625,-51.6875,40.80
231.4375,-1.6875,-51.75,40.83
231.625,-1.75,-51.75,40.84
231.75,-1.875,-51.75,40.87
Current Task:,VR Task 2
Task Start:,02:36:06 PM
Heading, Roll, Pitch, Task Time
241.625,-5.5,-49.375,0.01
241.625,-5.5,-49.375,0.04
241.625,-5.5,-49.375,0.05
241.6875,-5.5,-49.375,0.08
241.6875,-5.5625,-49.4375,0.09
241.6875,-5.5625,-49.4375,0.12
241.6875,-5.5625,-49.4375,0.13
241.75,-5.5625,-49.4375,0.16
241.75,-5.5625,-49.4375,0.17
241.75,-5.5625,-49.4375,0.20
241.8125,-5.5625,-49.5,0.21
241.8125,-5.5625,-49.5,0.24
241.8125,-5.5625,-49.5,0.25
241.8125,-5.5625,-49.5,0.28
241.8125,-5.5625,-49.5,0.29
241.8125,-5.5625,-49.5,0.32
241.8125,-5.5625,-49.5,0.33
241.8125,-5.5625,-49.5,0.36
241.8125,-5.5625,-49.5,0.37
241.8125,-5.5625,-49.5,0.40
241.8125,-5.5625,-49.5,0.41
241.8125,-5.5625,-49.5,0.44
241.8125,-5.5625,-49.5,0.45
241.8125,-5.5625,-49.5,0.48
241.8125,-5.5625,-49.5,0.49
241.8125,-5.5625,-49.5,0.52
241.8125,-5.5625,-49.5,0.53
241.8125,-5.5625,-49.4375,0.56
241.8125,-5.5625,-49.4375,0.57
241.8125,-5.5625,-49.4375,0.60
241.8125,-5.5625,-49.4375,0.61
241.8125,-5.5625,-49.4375,0.64
241.8125,-5.5625,-49.4375,0.65
241.8125,-5.5625,-49.375,0.68
241.8125,-5.5625,-49.375,0.69
241.8125,-5.5625,-49.375,0.72
241.8125,-5.5625,-49.375,0.73
241.8125,-5.5625,-49.375,0.76
241.8125,-5.5625,-49.375,0.77
241.8125,-5.5625,-49.3125,0.80
241.8125,-5.5625,-49.3125,0.81
241.8125,-5.5625,-49.3125,0.84
241.8125,-5.5625,-49.3125,0.85
241.8125,-5.5625,-49.3125,0.88
241.8125,-5.5625,-49.25,0.89
241.8125,-5.5625,-49.25,0.92
241.8125,-5.5625,-49.25,0.93
241.8125,-5.5625,-49.25,0.96
241.8125,-5.5625,-49.25,0.97
241.8125,-5.5625,-49.25,1.00
241.8125,-5.5625,-49.25,1.01
241.8125,-5.5625,-49.1875,1.04
241.8125,-5.5625,-49.1875,1.05
241.8125,-5.5625,-49.1875,1.08
241.8125,-5.5625,-49.1875,1.09
240.625,-5.5625,-49.625,1.12
240.625,-5.5625,-49.625,1.13
240.625,-5.5625,-49.625,1.16
240.625,-5.5625,-49.625,1.17
240.5625,-5.5625,-49.625,1.20
240.5625,-5.5625,-49.625,1.21
240.5625,-5.5,-49.5625,1.24
240.5625,-5.5,-49.5625,1.25
240.5625,-5.5,-49.5625,1.28
240.5625,-5.5,-49.5625,1.29
240.5625,-5.5,-49.5625,1.32
240.5625,-5.5,-49.5625,1.33
240.5625,-5.5,-49.5625,1.36
240.5625,-5.5,-49.5625,1.37
240.5625,-5.5,-49.5625,1.40
240.5625,-5.5,-49.5625,1.41
240.5625,-5.5,-49.5625,1.44
240.5625,-5.5,-49.5625,1.45
240.5625,-5.5,-49.5625,1.48
240.5625,-5.5,-49.5625,1.49
240.5625,-5.5,-49.5625,1.52
240.5625,-5.5,-49.5625,1.53
240.5625,-5.5,-49.5625,1.56
240.5625,-5.5,-49.5625,1.57
240.5625,-5.5,-49.5625,1.60
240.5625,-5.5,-49.5625,1.61
240.5625,-5.5,-49.5625,1.64
240.5625,-5.5,-49.5625,1.65
240.5625,-5.5,-49.5625,1.68
240.5625,-5.5,-49.5625,1.69
240.5625,-5.5,-49.5625,1.72
240.5625,-5.5,-49.5625,1.73
240.5625,-5.5,-49.5625,1.76
240.5625,-5.5,-49.5625,1.77
240.5625,-5.5,-49.5625,1.80
240.5625,-5.5,-49.5625,1.81
240.5625,-5.5,-49.5625,1.84
240.5625,-5.5,-49.5625,1.85
240.5625,-5.5,-49.5625,1.88
240.5625,-5.5,-49.5625,1.89
240.5625,-5.5,-49.5625,1.92
240.5625,-5.5,-49.5625,1.93
240.625,-5.5,-49.5625,1.96
240.625,-5.5,-49.5625,1.97
240.625,-5.5,-49.5,2.00
240.625,-5.5625,-49.5,2.01
240.625,-5.5625,-49.5,2.04
240.625,-5.5625,-49.5,2.05
240.6875,-5.5625,-49.5,2.08
240.6875,-5.5625,-49.5,2.09
240.6875,-5.5625,-49.5,2.12
240.6875,-5.5,-49.5,2.13
240.6875,-5.5,-49.5,2.16
240.6875,-5.5,-49.5,2.17
240.6875,-5.5,-49.5,2.20
240.6875,-5.5,-49.5,2.21
240.6875,-5.5,-49.5,2.24
240.6875,-5.5,-49.5625,2.25
240.6875,-5.5,-49.5625,2.28
240.6875,-5.5,-49.5625,2.29
240.6875,-5.5,-49.5625,2.32
240.6875,-5.5,-49.5625,2.33
240.6875,-5.5,-49.5625,2.36
240.6875,-5.5,-49.5625,2.37
240.6875,-5.5,-49.5625,2.40
240.6875,-5.5625,-49.5625,2.41
240.6875,-5.5625,-49.5625,2.44
240.6875,-5.5625,-49.5625,2.45
240.6875,-5.5625,-49.5625,2.48
240.6875,-5.5625,-49.5625,2.49
240.6875,-5.5625,-49.5625,2.52
240.6875,-5.5625,-49.5625,2.53
240.625,-5.5625,-49.625,2.56
240.625,-5.5625,-49.625,2.57
240.625,-5.5625,-49.625,2.60
240.625,-5.5625,-49.625,2.61
240.625,-5.5625,-49.625,2.64
240.625,-5.5625,-49.625,2.65
240.625,-5.5625,-49.625,2.68
240.625,-5.625,-49.6875,2.69
240.625,-5.625,-49.6875,2.71
240.625,-5.625,-49.6875,2.73
240.625,-5.625,-49.6875,2.76
240.625,-5.625,-49.6875,2.76
240.625,-5.625,-49.6875,2.79
240.625,-5.625,-49.6875,2.79
240.625,-5.625,-49.6875,2.84
240.625,-5.625,-49.6875,2.84
240.625,-5.625,-49.6875,2.84
240.625,-5.625,-49.6875,2.89
240.625,-5.625,-49.6875,2.89
240.625,-5.625,-49.6875,2.89
240.625,-5.625,-49.6875,2.89
240.625,-5.625,-49.6875,2.97
240.625,-5.625,-49.6875,2.97
240.625,-5.625,-49.6875,2.97
240.625,-5.625,-49.6875,2.97
240.625,-5.625,-49.6875,2.97
240.625,-5.625,-49.75,3.07
240.625,-5.625,-49.75,3.07
240.625,-5.625,-49.75,3.07
240.625,-5.625,-49.75,3.07
240.625,-5.625,-49.75,3.07
240.625,-5.625,-49.75,3.07
240.625,-5.625,-49.75,3.20
240.625,-5.625,-49.75,3.20
240.625,-5.625,-49.75,3.20
240.625,-5.625,-49.75,3.20
240.625,-5.625,-49.75,3.20
240.625,-5.625,-49.75,3.20
240.625,-5.625,-49.75,3.20
240.625,-5.625,-49.75,3.20
240.625,-5.625,-49.75,3.35
240.625,-5.625,-49.75,3.35
240.625,-5.625,-49.75,3.35
240.625,-5.625,-49.75,3.35
240.625,-5.625,-49.75,3.35
240.625,-5.625,-49.75,3.35
240.625,-5.625,-49.75,3.35
240.625,-5.625,-49.75,3.35
240.625,-5.625,-49.75,3.35
240.625,-5.625,-49.75,3.35
240.625,-5.625,-49.75,3.55
240.625,-5.625,-49.75,3.55
240.625,-5.625,-49.75,3.55
240.625,-5.625,-49.75,3.55
240.625,-5.625,-49.75,3.55
240.625,-5.625,-49.75,3.55
240.625,-5.625,-49.75,3.55
240.625,-5.625,-49.75,3.55
240.625,-5.625,-49.75,3.55
240.625,-5.625,-49.75,3.55
240.625,-5.625,-49.75,3.55
240.625,-5.625,-49.75,3.55
240.625,-5.625,-49.75,3.55
240.625,-5.625,-49.75,3.81
240.625,-5.625,-49.75,3.81
240.625,-5.625,-49.75,3.81
240.625,-5.625,-49.75,3.81
240.625,-5.625,-49.75,3.81
240.625,-5.625,-49.75,3.81
240.625,-5.625,-49.75,3.81
240.625,-5.625,-49.75,3.81
240.625,-5.625,-49.75,3.81
240.625,-5.625,-49.75,3.81
240.625,-5.625,-49.75,3.81
240.625,-5.625,-49.75,3.81
240.625,-5.625,-49.75,3.81
240.625,-5.625,-49.75,3.81
240.625,-5.625,-49.75,3.81
240.625,-5.625,-49.75,3.81
240.625,-5.625,-49.75,4.14
240.625,-5.625,-49.75,4.14
240.625,-5.625,-49.75,4.14
240.625,-5.625,-49.75,4.14
240.625,-5.625,-49.75,4.14
240.625,-5.625,-49.75,4.14
240.625,-5.625,-49.75,4.14
240.625,-5.625,-49.75,4.14
240.625,-5.625,-49.75,4.14
240.625,-5.625,-49.75,4.14
240.625,-5.625,-49.75,4.14
240.625,-5.625,-49.75,4.14
240.625,-5.625,-49.75,4.14
240.625,-5.625,-49.75,4.14
240.625,-5.625,-49.75,4.14
240.625,-5.625,-49.75,4.14
240.625,-5.625,-49.75,4.14
240.625,-5.625,-49.75,4.47
240.625,-5.625,-49.75,4.47
240.625,-5.625,-49.75,4.47
240.625,-5.625,-49.75,4.47
240.625,-5.625,-49.75,4.47
240.625,-5.625,-49.75,4.47
240.625,-5.625,-49.75,4.47
240.625,-5.625,-49.75,4.47
240.625,-5.625,-49.75,4.47
240.625,-5.625,-49.75,4.47
240.625,-5.625,-49.75,4.47
240.625,-5.625,-49.75,4.47
240.625,-5.625,-49.75,4.47
240.625,-5.625,-49.75,4.47
240.625,-5.625,-49.75,4.47
240.625,-5.625,-49.75,4.47
240.625,-5.625,-49.75,4.47
240.625,-5.625,-49.75,4.80
240.625,-5.625,-49.75,4.80
240.625,-5.625,-49.75,4.80
240.625,-5.625,-49.75,4.80
240.625,-5.625,-49.75,4.80
240.625,-5.625,-49.75,4.80
240.625,-5.625,-49.75,4.80
240.625,-5.625,-49.75,4.80
240.625,-5.625,-49.75,4.80
240.625,-5.625,-49.75,4.80
240.625,-5.625,-49.75,4.80
240.625,-5.625,-49.75,4.80
240.625,-5.625,-49.75,4.80
240.625,-5.625,-49.75,4.80
240.625,-5.625,-49.75,4.80
240.625,-5.625,-49.75,4.80
240.625,-5.625,-49.8125,5.14
240.625,-5.625,-49.8125,5.14
240.625,-5.625,-49.8125,5.14
240.625,-5.625,-49.8125,5.14
240.625,-5.625,-49.8125,5.14
240.625,-5.625,-49.8125,5.14
240.625,-5.625,-49.8125,5.14
240.625,-5.625,-49.8125,5.14
240.625,-5.625,-49.8125,5.14
240.625,-5.625,-49.8125,5.14
240.625,-5.625,-49.8125,5.14
240.625,-5.625,-49.8125,5.14
240.625,-5.625,-49.8125,5.14
240.625,-5.625,-49.8125,5.14
240.625,-5.625,-49.8125,5.14
240.625,-5.625,-49.8125,5.14
240.625,-5.625,-49.8125,5.14
240.625,-5.625,-49.8125,5.47
240.625,-5.625,-49.8125,5.47
240.625,-5.625,-49.8125,5.47
240.625,-5.625,-49.8125,5.47
240.625,-5.625,-49.8125,5.47
240.625,-5.625,-49.8125,5.47
240.625,-5.625,-49.8125,5.47
240.625,-5.625,-49.8125,5.47
240.625,-5.625,-49.8125,5.47
240.625,-5.625,-49.8125,5.47
240.625,-5.625,-49.8125,5.47
240.625,-5.625,-49.8125,5.47
240.625,-5.625,-49.8125,5.47
240.625,-5.625,-49.8125,5.47
240.625,-5.625,-49.8125,5.47
240.625,-5.625,-49.8125,5.47
240.625,-5.625,-49.8125,5.47
240.625,-5.625,-49.8125,5.80
240.625,-5.625,-49.8125,5.80
240.625,-5.625,-49.8125,5.80
240.625,-5.625,-49.8125,5.80
240.625,-5.625,-49.8125,5.80
240.625,-5.625,-49.8125,5.80
240.625,-5.625,-49.8125,5.80
240.625,-5.625,-49.8125,5.80
240.625,-5.625,-49.8125,5.80
240.625,-5.625,-49.8125,5.80
240.625,-5.625,-49.8125,5.80
240.625,-5.625,-49.8125,5.80
240.625,-5.625,-49.8125,5.80
240.625,-5.625,-49.8125,5.80
240.625,-5.625,-49.8125,5.80
240.625,-5.625,-49.8125,5.80
240.625,-5.625,-49.8125,6.14
240.625,-5.625,-49.8125,6.14
240.625,-5.625,-49.8125,6.14
240.625,-5.625,-49.8125,6.14
240.625,-5.625,-49.8125,6.14
240.625,-5.625,-49.8125,6.14
240.625,-5.625,-49.8125,6.14
240.625,-5.625,-49.8125,6.14
240.625,-5.625,-49.8125,6.14
240.625,-5.625,-49.8125,6.14
240.625,-5.625,-49.8125,6.14
240.625,-5.625,-49.8125,6.14
240.625,-5.625,-49.8125,6.14
240.625,-5.625,-49.8125,6.14
240.625,-5.625,-49.8125,6.14
240.625,-5.625,-49.8125,6.14
240.625,-5.625,-49.8125,6.14
240.625,-5.625,-49.8125,6.47
240.625,-5.625,-49.8125,6.47
240.625,-5.625,-49.8125,6.47
240.625,-5.625,-49.8125,6.47
240.625,-5.625,-49.8125,6.47
240.625,-5.625,-49.8125,6.47
240.625,-5.625,-49.8125,6.47
240.625,-5.625,-49.8125,6.47
240.625,-5.625,-49.8125,6.47
240.625,-5.625,-49.8125,6.47
240.625,-5.625,-49.8125,6.47
240.625,-5.625,-49.8125,6.47
240.625,-5.625,-49.8125,6.47
240.625,-5.625,-49.8125,6.47
240.625,-5.625,-49.8125,6.47
240.625,-5.625,-49.8125,6.47
240.625,-5.625,-49.8125,6.47
240.625,-5.625,-49.8125,6.80
240.625,-5.625,-49.8125,6.80
240.625,-5.625,-49.8125,6.80
240.625,-5.625,-49.8125,6.80
240.625,-5.625,-49.8125,6.80
240.625,-5.625,-49.8125,6.80
240.625,-5.625,-49.8125,6.80
240.625,-5.625,-49.8125,6.80
240.625,-5.625,-49.8125,6.80
240.625,-5.625,-49.8125,6.80
240.625,-5.625,-49.8125,6.80
240.625,-5.625,-49.8125,6.80
240.625,-5.625,-49.8125,6.80
240.625,-5.625,-49.8125,6.80
240.625,-5.625,-49.8125,6.80
240.625,-5.625,-49.8125,6.80
240.625,-5.5625,-49.8125,7.14
240.625,-5.5625,-49.8125,7.14
240.625,-5.5625,-49.8125,7.14
240.625,-5.5625,-49.8125,7.14
240.625,-5.5625,-49.8125,7.14
240.625,-5.5625,-49.8125,7.14
240.625,-5.5625,-49.8125,7.14
240.625,-5.5625,-49.8125,7.14
240.625,-5.5625,-49.8125,7.14
240.625,-5.5625,-49.8125,7.14
240.625,-5.5625,-49.8125,7.14
240.625,-5.5625,-49.8125,7.14
240.625,-5.5625,-49.8125,7.14
240.625,-5.5625,-49.8125,7.14
240.625,-5.5625,-49.8125,7.14
240.625,-5.5625,-49.8125,7.14
240.625,-5.5625,-49.8125,7.14
240.625,-5.5625,-49.8125,7.47
240.625,-5.5625,-49.8125,7.47
240.625,-5.5625,-49.8125,7.47
240.625,-5.5625,-49.8125,7.47
240.625,-5.5625,-49.8125,7.47
240.625,-5.5625,-49.8125,7.47
240.625,-5.5625,-49.8125,7.47
240.625,-5.5625,-49.8125,7.47
240.625,-5.5625,-49.8125,7.47
240.625,-5.5625,-49.8125,7.47
240.625,-5.5625,-49.8125,7.47
240.625,-5.5625,-49.8125,7.47
240.625,-5.5625,-49.8125,7.47
240.625,-5.5625,-49.8125,7.47
240.625,-5.5625,-49.8125,7.47
240.625,-5.5625,-49.8125,7.47
240.625,-5.5625,-49.8125,7.47
240.625,-5.5625,-49.8125,7.80
240.625,-5.5625,-49.8125,7.80
240.625,-5.5625,-49.8125,7.80
240.625,-5.5625,-49.8125,7.80
240.625,-5.5625,-49.8125,7.80
240.625,-5.5625,-49.8125,7.80
240.625,-5.5625,-49.8125,7.80
240.625,-5.5625,-49.8125,7.80
240.625,-5.5625,-49.8125,7.80
240.625,-5.5625,-49.8125,7.80
240.625,-5.5625,-49.8125,7.80
240.625,-5.5625,-49.8125,7.80
240.625,-5.5625,-49.8125,7.80
240.625,-5.5625,-49.8125,7.80
240.625,-5.5625,-49.8125,7.80
240.625,-5.5625,-49.8125,7.80
240.625,-5.5625,-49.8125,8.14
240.625,-5.5625,-49.8125,8.14
240.625,-5.5625,-49.8125,8.14
240.625,-5.5625,-49.8125,8.14
240.625,-5.5625,-49.8125,8.14
240.625,-5.5625,-49.8125,8.14
240.625,-5.5625,-49.8125,8.14
240.625,-5.5625,-49.8125,8.14
240.625,-5.5625,-49.8125,8.14
240.625,-5.5625,-49.8125,8.14
240.625,-5.5625,-49.8125,8.14
240.625,-5.5625,-49.8125,8.14
240.625,-5.5625,-49.8125,8.14
240.625,-5.5625,-49.8125,8.14
240.625,-5.5625,-49.8125,8.14
240.625,-5.5625,-49.8125,8.14
240.625,-5.5625,-49.8125,8.14
240.625,-5.5625,-49.8125,8.47
240.625,-5.5625,-49.8125,8.47
240.625,-5.5625,-49.8125,8.47
240.625,-5.5625,-49.8125,8.47
240.625,-5.5625,-49.8125,8.47
240.625,-5.5625,-49.8125,8.47
240.625,-5.5625,-49.8125,8.47
240.625,-5.5625,-49.8125,8.47
240.625,-5.5625,-49.8125,8.47
240.625,-5.5625,-49.8125,8.47
240.625,-5.5625,-49.8125,8.47
240.625,-5.5625,-49.8125,8.47
240.625,-5.5625,-49.8125,8.47
240.625,-5.5625,-49.8125,8.47
240.625,-5.5625,-49.8125,8.47
240.625,-5.5625,-49.8125,8.47
240.625,-5.5625,-49.8125,8.47
240.625,-5.5625,-49.8125,8.80
240.625,-5.5625,-49.8125,8.80
240.625,-5.5625,-49.8125,8.80
240.625,-5.5625,-49.8125,8.80
240.625,-5.5625,-49.8125,8.80
240.625,-5.5625,-49.8125,8.80
240.625,-5.5625,-49.8125,8.80
240.625,-5.5625,-49.8125,8.80
240.625,-5.5625,-49.8125,8.80
240.625,-5.5625,-49.8125,8.80
240.625,-5.5625,-49.8125,8.80
240.625,-5.5625,-49.8125,8.80
240.625,-5.5625,-49.8125,8.80
240.625,-5.5625,-49.8125,8.80
240.625,-5.5625,-49.8125,8.80
240.625,-5.5625,-49.8125,8.80
240.625,-5.5625,-49.8125,9.14
240.625,-5.5625,-49.8125,9.14
240.625,-5.5625,-49.8125,9.14
240.625,-5.5625,-49.8125,9.14
240.625,-5.5625,-49.8125,9.14
240.625,-5.5625,-49.8125,9.14
240.625,-5.5625,-49.8125,9.14
240.625,-5.5625,-49.8125,9.14
240.625,-5.5625,-49.8125,9.14
240.625,-5.5625,-49.8125,9.14
240.625,-5.5625,-49.8125,9.14
240.625,-5.5625,-49.8125,9.14
240.625,-5.5625,-49.8125,9.14
240.625,-5.5625,-49.8125,9.14
240.625,-5.5625,-49.8125,9.14
240.625,-5.5625,-49.8125,9.14
240.625,-5.5625,-49.8125,9.14
240.5625,-5.5625,-49.8125,9.47
240.5625,-5.5625,-49.8125,9.47
240.5625,-5.5625,-49.8125,9.47
240.5625,-5.5625,-49.8125,9.47
240.5625,-5.5625,-49.8125,9.47
240.5625,-5.5625,-49.8125,9.47
240.5625,-5.5625,-49.8125,9.47
240.5625,-5.5625,-49.8125,9.47
240.5625,-5.5625,-49.8125,9.47
240.5625,-5.5625,-49.8125,9.47
240.5625,-5.5625,-49.8125,9.47
240.5625,-5.5625,-49.8125,9.47
240.5625,-5.5625,-49.8125,9.47
240.5625,-5.5625,-49.8125,9.47
240.5625,-5.5625,-49.8125,9.47
240.5625,-5.5625,-49.8125,9.47
240.5625,-5.5625,-49.8125,9.47
240.5625,-5.5625,-49.8125,9.80
240.5625,-5.5625,-49.8125,9.80
240.5625,-5.5625,-49.8125,9.80
240.5625,-5.5625,-49.8125,9.80
240.5625,-5.5625,-49.8125,9.80
240.5625,-5.5625,-49.8125,9.80
240.5625,-5.5625,-49.8125,9.80
240.5625,-5.5625,-49.8125,9.80
240.5625,-5.5625,-49.8125,9.80
240.5625,-5.5625,-49.8125,9.80
240.5625,-5.5625,-49.8125,9.80
240.5625,-5.5625,-49.8125,9.80
240.5625,-5.5625,-49.8125,9.80
240.5625,-5.5625,-49.8125,9.80
240.5625,-5.5625,-49.8125,9.80
240.5625,-5.5625,-49.8125,9.80
240.5625,-5.5625,-49.8125,10.14
240.5625,-5.5625,-49.8125,10.14
240.5625,-5.5625,-49.8125,10.14
240.5625,-5.5625,-49.8125,10.14
240.5625,-5.5625,-49.8125,10.14
240.5625,-5.5625,-49.8125,10.14
240.5625,-5.5625,-49.8125,10.14
240.5625,-5.5625,-49.8125,10.14
240.5625,-5.5625,-49.8125,10.14
240.5625,-5.5625,-49.8125,10.14
240.5625,-5.5625,-49.8125,10.14
240.5625,-5.5625,-49.8125,10.14
240.5625,-5.5625,-49.8125,10.14
240.5625,-5.5625,-49.8125,10.14
240.5625,-5.5625,-49.8125,10.14
240.5625,-5.5625,-49.8125,10.14
240.5625,-5.5625,-49.8125,10.14
240.5625,-5.5625,-49.8125,10.47
240.5625,-5.5625,-49.8125,10.47
240.5625,-5.5625,-49.8125,10.47
240.5625,-5.5625,-49.8125,10.47
240.5625,-5.5625,-49.8125,10.47
240.5625,-5.5625,-49.8125,10.47
240.5625,-5.5625,-49.8125,10.47
240.5625,-5.5625,-49.8125,10.47
240.5625,-5.5625,-49.8125,10.47
240.5625,-5.5625,-49.8125,10.47
240.5625,-5.5625,-49.8125,10.47
240.5625,-5.5625,-49.8125,10.47
240.5625,-5.5625,-49.8125,10.47
240.5625,-5.5625,-49.8125,10.47
240.5625,-5.5625,-49.8125,10.47
240.5625,-5.5625,-49.8125,10.47
240.5625,-5.5625,-49.8125,10.47
240.5625,-5.5625,-49.8125,10.80
240.5625,-5.5625,-49.8125,10.80
240.5625,-5.5625,-49.8125,10.80
240.5625,-5.5625,-49.8125,10.80
240.5625,-5.5625,-49.8125,10.80
240.5625,-5.5625,-49.8125,10.80
240.5625,-5.5625,-49.8125,10.80
240.5625,-5.5625,-49.8125,10.80
240.5625,-5.5625,-49.8125,10.80
240.5625,-5.5625,-49.8125,10.80
240.5625,-5.5625,-49.8125,10.80
240.5625,-5.5625,-49.8125,10.80
240.5625,-5.5625,-49.8125,10.80
240.5625,-5.5625,-49.8125,10.80
240.5625,-5.5625,-49.8125,10.80
240.5625,-5.5625,-49.8125,10.80
240.5625,-5.5625,-49.8125,11.14
240.5625,-5.5625,-49.8125,11.14
240.5625,-5.5625,-49.8125,11.14
240.5625,-5.5625,-49.8125,11.14
240.5625,-5.5625,-49.8125,11.14
240.5625,-5.5625,-49.8125,11.14
240.5625,-5.5625,-49.8125,11.14
240.5625,-5.5625,-49.8125,11.14
240.5625,-5.5625,-49.8125,11.14
240.5625,-5.5625,-49.8125,11.14
240.5625,-5.5625,-49.8125,11.14
240.5625,-5.5625,-49.8125,11.14
240.5625,-5.5625,-49.8125,11.14
240.5625,-5.5625,-49.8125,11.14
240.5625,-5.5625,-49.8125,11.14
240.5625,-5.5625,-49.8125,11.14
240.5625,-5.5625,-49.8125,11.14
240.5625,-5.5625,-49.8125,11.47
240.5625,-5.5625,-49.8125,11.47
240.5625,-5.5625,-49.8125,11.47
240.5625,-5.5625,-49.8125,11.47
240.5625,-5.5625,-49.8125,11.47
240.5625,-5.5625,-49.8125,11.47
240.5625,-5.5625,-49.8125,11.47
240.5625,-5.5625,-49.8125,11.47
240.5625,-5.5625,-49.8125,11.47
240.5625,-5.5625,-49.8125,11.47
240.5625,-5.5625,-49.8125,11.47
240.5625,-5.5625,-49.8125,11.47
240.5625,-5.5625,-49.8125,11.47
240.5625,-5.5625,-49.8125,11.47
240.5625,-5.5625,-49.8125,11.47
240.5625,-5.5625,-49.8125,11.47
240.5625,-5.5625,-49.8125,11.47
240.5625,-5.5625,-49.8125,11.80
240.5625,-5.5625,-49.8125,11.80
240.5625,-5.5625,-49.8125,11.80
240.5625,-5.5625,-49.8125,11.80
240.5625,-5.5625,-49.8125,11.80
240.5625,-5.5625,-49.8125,11.80
240.5625,-5.5625,-49.8125,11.80
240.5625,-5.5625,-49.8125,11.80
240.5625,-5.5625,-49.8125,11.80
240.5625,-5.5625,-49.8125,11.80
240.5625,-5.5625,-49.8125,11.80
240.5625,-5.5625,-49.8125,11.80
240.5625,-5.5625,-49.8125,11.80
240.5625,-5.5625,-49.8125,11.80
240.5625,-5.5625,-49.8125,11.80
240.5625,-5.5625,-49.8125,11.80
240.5625,-5.5625,-49.8125,12.14
240.5625,-5.5625,-49.8125,12.14
240.5625,-5.5625,-49.8125,12.14
240.5625,-5.5625,-49.8125,12.14
240.5625,-5.5625,-49.8125,12.14
240.5625,-5.5625,-49.8125,12.14
240.5625,-5.5625,-49.8125,12.14
240.5625,-5.5625,-49.8125,12.14
240.5625,-5.5625,-49.8125,12.14
240.5625,-5.5625,-49.8125,12.14
240.5625,-5.5625,-49.8125,12.14
240.5625,-5.5625,-49.8125,12.14
240.5625,-5.5625,-49.8125,12.14
240.5625,-5.5625,-49.8125,12.14
240.5625,-5.5625,-49.8125,12.14
240.5625,-5.5625,-49.8125,12.14
240.5625,-5.5625,-49.8125,12.14
240.5625,-5.5625,-49.8125,12.47
240.5625,-5.5625,-49.8125,12.47
240.5625,-5.5625,-49.8125,12.47
240.5625,-5.5625,-49.8125,12.47
240.5625,-5.5625,-49.8125,12.47
240.5625,-5.5625,-49.8125,12.47
240.5625,-5.5625,-49.8125,12.47
240.5625,-5.5625,-49.8125,12.47
240.5625,-5.5625,-49.8125,12.47
240.5625,-5.5625,-49.8125,12.47
240.5625,-5.5625,-49.8125,12.47
240.5625,-5.5625,-49.8125,12.47
240.5625,-5.5625,-49.8125,12.47
240.5625,-5.5625,-49.8125,12.47
240.5625,-5.5625,-49.8125,12.47
240.5625,-5.5625,-49.8125,12.47
240.5625,-5.5625,-49.8125,12.47
240.5625,-5.5625,-49.8125,12.80
240.5625,-5.5625,-49.8125,12.80
240.5625,-5.5625,-49.8125,12.80
240.5625,-5.5625,-49.8125,12.80
240.5625,-5.5625,-49.8125,12.80
240.5625,-5.5625,-49.8125,12.80
240.5625,-5.5625,-49.8125,12.80
240.5625,-5.5625,-49.8125,12.80
240.5625,-5.5625,-49.8125,12.80
240.5625,-5.5625,-49.8125,12.80
240.5625,-5.5625,-49.8125,12.80
240.5625,-5.5625,-49.8125,12.80
240.5625,-5.5625,-49.8125,12.80
240.5625,-5.5625,-49.8125,12.80
240.5625,-5.5625,-49.8125,12.80
240.5625,-5.5625,-49.8125,12.80
240.5625,-5.5625,-49.8125,13.14
240.5625,-5.5625,-49.8125,13.14
240.5625,-5.5625,-49.8125,13.14
240.5625,-5.5625,-49.8125,13.14
240.5625,-5.5625,-49.8125,13.14
240.5625,-5.5625,-49.8125,13.14
240.5625,-5.5625,-49.8125,13.14
240.5625,-5.5625,-49.8125,13.14
240.5625,-5.5625,-49.8125,13.14
240.5625,-5.5625,-49.8125,13.14
240.5625,-5.5625,-49.8125,13.14
240.5625,-5.5625,-49.8125,13.14
240.5625,-5.5625,-49.8125,13.14
240.5625,-5.5625,-49.8125,13.14
240.5625,-5.5625,-49.8125,13.14
240.5625,-5.5625,-49.8125,13.14
240.5625,-5.5625,-49.8125,13.14
240.5625,-5.5,-49.8125,13.47
240.5625,-5.5,-49.8125,13.47
240.5625,-5.5,-49.8125,13.47
240.5625,-5.5,-49.8125,13.47
240.5625,-5.5,-49.8125,13.47
240.5625,-5.5,-49.8125,13.47
240.5625,-5.5,-49.8125,13.47
240.5625,-5.5,-49.8125,13.47
240.5625,-5.5,-49.8125,13.47
240.5625,-5.5,-49.8125,13.47
240.5625,-5.5,-49.8125,13.47
240.5625,-5.5,-49.8125,13.47
240.5625,-5.5,-49.8125,13.47
240.5625,-5.5,-49.8125,13.47
240.5625,-5.5,-49.8125,13.47
240.5625,-5.5,-49.8125,13.47
240.5625,-5.5,-49.8125,13.47
240.5625,-5.5,-49.8125,13.80
240.5625,-5.5,-49.8125,13.80
240.5625,-5.5,-49.8125,13.80
240.5625,-5.5,-49.8125,13.80
240.5625,-5.5,-49.8125,13.80
240.5625,-5.5,-49.8125,13.80
240.5625,-5.5,-49.8125,13.80
240.5625,-5.5,-49.8125,13.80
240.5625,-5.5,-49.8125,13.80
240.5625,-5.5,-49.8125,13.80
240.5625,-5.5,-49.8125,13.80
240.5625,-5.5,-49.8125,13.80
240.5625,-5.5,-49.8125,13.80
240.5625,-5.5,-49.8125,13.80
240.5625,-5.5,-49.8125,13.80
240.5625,-5.5,-49.8125,13.80
240.5625,-5.5,-49.8125,14.14
240.5625,-5.5,-49.8125,14.14
240.5625,-5.5,-49.8125,14.14
240.5625,-5.5,-49.8125,14.14
240.5625,-5.5,-49.8125,14.14
240.5625,-5.5,-49.8125,14.14
240.5625,-5.5,-49.8125,14.14
240.5625,-5.5,-49.8125,14.14
240.5625,-5.5,-49.8125,14.14
240.5625,-5.5,-49.8125,14.14
240.5625,-5.5,-49.8125,14.14
240.5625,-5.5,-49.8125,14.14
240.5625,-5.5,-49.8125,14.14
240.5625,-5.5,-49.8125,14.14
240.5625,-5.5,-49.8125,14.14
240.5625,-5.5,-49.8125,14.14
240.5625,-5.5,-49.8125,14.14
240.5625,-5.5,-49.8125,14.47
240.5625,-5.5,-49.8125,14.47
240.5625,-5.5,-49.8125,14.47
240.5625,-5.5,-49.8125,14.47
240.5625,-5.5,-49.8125,14.47
240.5625,-5.5,-49.8125,14.47
240.5625,-5.5,-49.8125,14.47
240.5625,-5.5,-49.8125,14.47
240.5625,-5.5,-49.8125,14.47
240.5625,-5.5,-49.8125,14.47
240.5625,-5.5,-49.8125,14.47
240.5625,-5.5,-49.8125,14.47
240.5625,-5.5,-49.8125,14.47
240.5625,-5.5,-49.8125,14.47
240.5625,-5.5,-49.8125,14.47
240.5625,-5.5,-49.8125,14.47
240.5625,-5.5,-49.8125,14.47
240.5625,-5.5,-49.8125,14.80
240.5625,-5.5,-49.8125,14.80
240.5625,-5.5,-49.8125,14.80
240.5625,-5.5,-49.8125,14.80
240.5625,-5.5,-49.8125,14.80
240.5625,-5.5,-49.8125,14.80
240.5625,-5.5,-49.8125,14.80
240.5625,-5.5,-49.8125,14.80
240.5625,-5.5,-49.8125,14.80
240.5625,-5.5,-49.8125,14.80
240.5625,-5.5,-49.8125,14.80
240.5625,-5.5,-49.8125,14.80
240.5625,-5.5,-49.8125,14.80
240.5625,-5.5,-49.8125,14.80
240.5625,-5.5,-49.8125,14.80
240.5625,-5.5,-49.8125,14.80
240.5,-5.5,-49.8125,15.14
240.5,-5.5,-49.8125,15.14
240.5,-5.5,-49.8125,15.14
240.5,-5.5,-49.8125,15.14
240.5,-5.5,-49.8125,15.14
240.5,-5.5,-49.8125,15.14
240.5,-5.5,-49.8125,15.14
240.5,-5.5,-49.8125,15.14
240.5,-5.5,-49.8125,15.14
240.5,-5.5,-49.8125,15.14
240.5,-5.5,-49.8125,15.14
240.5,-5.5,-49.8125,15.14
240.5,-5.5,-49.8125,15.14
240.5,-5.5,-49.8125,15.14
240.5,-5.5,-49.8125,15.14
240.5,-5.5,-49.8125,15.14
240.5,-5.5,-49.8125,15.14
240.5,-5.5,-49.8125,15.47
240.5,-5.5,-49.8125,15.47
240.5,-5.5,-49.8125,15.47
240.5,-5.5,-49.8125,15.47
240.5,-5.5,-49.8125,15.47
240.5,-5.5,-49.8125,15.47
240.5,-5.5,-49.8125,15.47
240.5,-5.5,-49.8125,15.47
240.5,-5.5,-49.8125,15.47
240.5,-5.5,-49.8125,15.47
240.5,-5.5,-49.8125,15.47
240.5,-5.5,-49.8125,15.47
240.5,-5.5,-49.8125,15.47
240.5,-5.5,-49.8125,15.47
240.5,-5.5,-49.8125,15.47
240.5,-5.5,-49.8125,15.47
240.5,-5.5,-49.8125,15.47
240.5,-5.5,-49.8125,15.80
240.5,-5.5,-49.8125,15.80
240.5,-5.5,-49.8125,15.80
240.5,-5.5,-49.8125,15.80
240.5,-5.5,-49.8125,15.80
240.5,-5.5,-49.8125,15.80
240.5,-5.5,-49.8125,15.80
240.5,-5.5,-49.8125,15.80
240.5,-5.5,-49.8125,15.80
240.5,-5.5,-49.8125,15.80
240.5,-5.5,-49.8125,15.80
240.5,-5.5,-49.8125,15.80
240.5,-5.5,-49.8125,15.80
240.5,-5.5,-49.8125,15.80
240.5,-5.5,-49.8125,15.80
240.5,-5.5,-49.8125,15.80
240.5,-5.5,-49.8125,16.14
240.5,-5.5,-49.8125,16.14
240.5,-5.5,-49.8125,16.14
240.5,-5.5,-49.8125,16.14
240.5,-5.5,-49.8125,16.14
240.5,-5.5,-49.8125,16.14
240.5,-5.5,-49.8125,16.14
240.5,-5.5,-49.8125,16.14
240.5,-5.5,-49.8125,16.14
240.5,-5.5,-49.8125,16.14
240.5,-5.5,-49.8125,16.14
240.5,-5.5,-49.8125,16.14
240.5,-5.5,-49.8125,16.14
240.5,-5.5,-49.8125,16.14
240.5,-5.5,-49.8125,16.14
240.5,-5.5,-49.8125,16.14
240.5,-5.5,-49.8125,16.14
240.5,-5.5,-49.8125,16.47
240.5,-5.5,-49.8125,16.47
240.5,-5.5,-49.8125,16.47
240.5,-5.5,-49.8125,16.47
240.5,-5.5,-49.8125,16.47
240.5,-5.5,-49.8125,16.47
240.5,-5.5,-49.8125,16.47
240.5,-5.5,-49.8125,16.47
240.5,-5.5,-49.8125,16.47
240.5,-5.5,-49.8125,16.47
240.5,-5.5,-49.8125,16.47
240.5,-5.5,-49.8125,16.47
240.5,-5.5,-49.8125,16.47
240.5,-5.5,-49.8125,16.47
240.5,-5.5,-49.8125,16.47
240.5,-5.5,-49.8125,16.47
240.5,-5.5,-49.8125,16.47
240.5,-5.5,-49.8125,16.80
240.5,-5.5,-49.8125,16.80
240.5,-5.5,-49.8125,16.80
240.5,-5.5,-49.8125,16.80
240.5,-5.5,-49.8125,16.80
240.5,-5.5,-49.8125,16.80
240.5,-5.5,-49.8125,16.80
240.5,-5.5,-49.8125,16.80
240.5,-5.5,-49.8125,16.80
240.5,-5.5,-49.8125,16.80
240.5,-5.5,-49.8125,16.80
240.5,-5.5,-49.8125,16.80
240.5,-5.5,-49.8125,16.80
240.5,-5.5,-49.8125,16.80
240.5,-5.5,-49.8125,16.80
240.5,-5.5,-49.8125,16.80
240.5,-5.4375,-49.8125,17.14
240.5,-5.4375,-49.8125,17.14
240.5,-5.4375,-49.8125,17.14
240.5,-5.4375,-49.8125,17.14
240.5,-5.4375,-49.8125,17.14
240.5,-5.4375,-49.8125,17.14
240.5,-5.4375,-49.8125,17.14
240.5,-5.4375,-49.8125,17.14
240.5,-5.4375,-49.8125,17.14
240.5,-5.4375,-49.8125,17.14
240.5,-5.4375,-49.8125,17.14
240.5,-5.4375,-49.8125,17.14
240.5,-5.4375,-49.8125,17.14
240.5,-5.4375,-49.8125,17.14
240.5,-5.4375,-49.8125,17.14
240.5,-5.4375,-49.8125,17.14
240.5,-5.4375,-49.8125,17.14
240.5,-5.4375,-49.8125,17.47
240.5,-5.4375,-49.8125,17.47
240.5,-5.4375,-49.8125,17.47
240.5,-5.4375,-49.8125,17.47
240.5,-5.4375,-49.8125,17.47
240.5,-5.4375,-49.8125,17.47
240.5,-5.4375,-49.8125,17.47
240.5,-5.4375,-49.8125,17.47
240.5,-5.4375,-49.8125,17.47
240.5,-5.4375,-49.8125,17.47
240.5,-5.4375,-49.8125,17.47
240.5,-5.4375,-49.8125,17.47
240.5,-5.4375,-49.8125,17.47
240.5,-5.4375,-49.8125,17.47
240.5,-5.4375,-49.8125,17.47
240.5,-5.4375,-49.8125,17.47
240.5,-5.4375,-49.8125,17.47
240.5,-5.4375,-49.8125,17.80
240.5,-5.4375,-49.8125,17.80
240.5,-5.4375,-49.8125,17.80
240.5,-5.4375,-49.8125,17.80
240.5,-5.4375,-49.8125,17.80
240.5,-5.4375,-49.8125,17.80
240.5,-5.4375,-49.8125,17.80
240.5,-5.4375,-49.8125,17.80
240.5,-5.4375,-49.8125,17.80
240.5,-5.4375,-49.8125,17.80
240.5,-5.4375,-49.8125,17.80
240.5,-5.4375,-49.8125,17.80
240.5,-5.4375,-49.8125,17.80
240.5,-5.4375,-49.8125,17.80
240.5,-5.4375,-49.8125,17.80
240.5,-5.4375,-49.8125,17.80
240.5,-5.4375,-49.8125,18.14
240.5,-5.4375,-49.8125,18.14
240.5,-5.4375,-49.8125,18.14
240.5,-5.4375,-49.8125,18.14
240.5,-5.4375,-49.8125,18.14
240.5,-5.4375,-49.8125,18.14
240.5,-5.4375,-49.8125,18.14
240.5,-5.4375,-49.8125,18.14
240.5,-5.4375,-49.8125,18.14
240.5,-5.4375,-49.8125,18.14
240.5,-5.4375,-49.8125,18.14
240.5,-5.4375,-49.8125,18.14
240.5,-5.4375,-49.8125,18.14
240.5,-5.4375,-49.8125,18.14
240.5,-5.4375,-49.8125,18.14
240.5,-5.4375,-49.8125,18.14
240.5,-5.4375,-49.8125,18.14
240.4375,-5.4375,-49.875,18.47
240.4375,-5.4375,-49.875,18.47
240.4375,-5.4375,-49.875,18.47
240.4375,-5.4375,-49.875,18.47
240.4375,-5.4375,-49.875,18.47
240.4375,-5.4375,-49.875,18.47
240.4375,-5.4375,-49.875,18.47
240.4375,-5.4375,-49.875,18.47
240.4375,-5.4375,-49.875,18.47
240.4375,-5.4375,-49.875,18.47
240.4375,-5.4375,-49.875,18.47
240.4375,-5.4375,-49.875,18.47
240.4375,-5.4375,-49.875,18.47
240.4375,-5.4375,-49.875,18.47
240.4375,-5.4375,-49.875,18.47
240.4375,-5.4375,-49.875,18.47
240.4375,-5.4375,-49.875,18.47
240.4375,-5.4375,-49.875,18.80
240.4375,-5.4375,-49.875,18.80
240.4375,-5.4375,-49.875,18.80
240.4375,-5.4375,-49.875,18.80
240.4375,-5.4375,-49.875,18.80
240.4375,-5.4375,-49.875,18.80
240.4375,-5.4375,-49.875,18.80
240.4375,-5.4375,-49.875,18.80
240.4375,-5.4375,-49.875,18.80
240.4375,-5.4375,-49.875,18.80
240.4375,-5.4375,-49.875,18.80
240.4375,-5.4375,-49.875,18.80
240.4375,-5.4375,-49.875,18.80
240.4375,-5.4375,-49.875,18.80
240.4375,-5.4375,-49.875,18.80
240.4375,-5.4375,-49.875,18.80
240.4375,-5.4375,-49.875,19.14
240.4375,-5.4375,-49.875,19.14
240.4375,-5.4375,-49.875,19.14
240.4375,-5.4375,-49.875,19.14
240.4375,-5.4375,-49.875,19.14
240.4375,-5.4375,-49.875,19.14
240.4375,-5.4375,-49.875,19.14
240.4375,-5.4375,-49.875,19.14
240.4375,-5.4375,-49.875,19.14
240.4375,-5.4375,-49.875,19.14
240.4375,-5.4375,-49.875,19.14
240.4375,-5.4375,-49.875,19.14
240.4375,-5.4375,-49.875,19.14
240.4375,-5.4375,-49.875,19.14
240.4375,-5.4375,-49.875,19.14
240.4375,-5.4375,-49.875,19.14
240.4375,-5.4375,-49.875,19.14
240.4375,-5.4375,-49.875,19.47
240.4375,-5.4375,-49.875,19.47
240.4375,-5.4375,-49.875,19.47
240.4375,-5.4375,-49.875,19.47
240.4375,-5.4375,-49.875,19.47
240.4375,-5.4375,-49.875,19.47
240.4375,-5.4375,-49.875,19.47
240.4375,-5.4375,-49.875,19.47
240.4375,-5.4375,-49.875,19.47
240.4375,-5.4375,-49.875,19.47
240.4375,-5.4375,-49.875,19.47
240.4375,-5.4375,-49.875,19.47
240.4375,-5.4375,-49.875,19.47
240.4375,-5.4375,-49.875,19.47
240.4375,-5.4375,-49.875,19.47
240.4375,-5.4375,-49.875,19.47
240.4375,-5.4375,-49.875,19.47
240.4375,-5.4375,-49.875,19.80
240.4375,-5.4375,-49.875,19.80
240.4375,-5.4375,-49.875,19.80
240.4375,-5.4375,-49.875,19.80
240.4375,-5.4375,-49.875,19.80
240.4375,-5.4375,-49.875,19.80
240.4375,-5.4375,-49.875,19.80
240.4375,-5.4375,-49.875,19.80
240.4375,-5.4375,-49.875,19.80
240.4375,-5.4375,-49.875,19.80
240.4375,-5.4375,-49.875,19.80
240.4375,-5.4375,-49.875,19.80
240.4375,-5.4375,-49.875,19.80
240.4375,-5.4375,-49.875,19.80
240.4375,-5.4375,-49.875,19.80
240.4375,-5.4375,-49.875,19.80
240.375,-5.375,-49.875,20.14
240.375,-5.375,-49.875,20.14
240.375,-5.375,-49.875,20.14
240.375,-5.375,-49.875,20.14
240.375,-5.375,-49.875,20.14
240.375,-5.375,-49.875,20.14
240.375,-5.375,-49.875,20.14
240.375,-5.375,-49.875,20.14
240.375,-5.375,-49.875,20.14
240.375,-5.375,-49.875,20.14
240.375,-5.375,-49.875,20.14
240.375,-5.375,-49.875,20.14
240.375,-5.375,-49.875,20.14
240.375,-5.375,-49.875,20.14
240.375,-5.375,-49.875,20.14
240.375,-5.375,-49.875,20.14
240.375,-5.375,-49.875,20.14
240.375,-5.375,-49.875,20.47
240.375,-5.375,-49.875,20.47
240.375,-5.375,-49.875,20.47
240.375,-5.375,-49.875,20.47
240.375,-5.375,-49.875,20.47
240.375,-5.375,-49.875,20.47
240.375,-5.375,-49.875,20.47
240.375,-5.375,-49.875,20.47
240.375,-5.375,-49.875,20.47
240.375,-5.375,-49.875,20.47
240.375,-5.375,-49.875,20.47
240.375,-5.375,-49.875,20.47
240.375,-5.375,-49.875,20.47
240.375,-5.375,-49.875,20.47
240.375,-5.375,-49.875,20.47
240.375,-5.375,-49.875,20.47
240.375,-5.375,-49.875,20.47
240.375,-5.375,-49.875,20.80
240.375,-5.375,-49.875,20.80
240.375,-5.375,-49.875,20.80
240.375,-5.375,-49.875,20.80
240.375,-5.375,-49.875,20.80
240.375,-5.375,-49.875,20.80
240.375,-5.375,-49.875,20.80
240.375,-5.375,-49.875,20.80
240.375,-5.375,-49.875,20.80
240.375,-5.375,-49.875,20.80
240.375,-5.375,-49.875,20.80
240.375,-5.375,-49.875,20.80
240.375,-5.375,-49.875,20.80
240.375,-5.375,-49.875,20.80
240.375,-5.375,-49.875,20.80
240.375,-5.375,-49.875,20.80
240.375,-5.375,-49.875,21.14
240.375,-5.375,-49.875,21.14
240.375,-5.375,-49.875,21.14
240.375,-5.375,-49.875,21.14
240.375,-5.375,-49.875,21.14
240.375,-5.375,-49.875,21.14
240.375,-5.375,-49.875,21.14
240.375,-5.375,-49.875,21.14
240.375,-5.375,-49.875,21.14
240.375,-5.375,-49.875,21.14
240.375,-5.375,-49.875,21.14
240.375,-5.375,-49.875,21.14
240.375,-5.375,-49.875,21.14
240.375,-5.375,-49.875,21.14
240.375,-5.375,-49.875,21.14
240.375,-5.375,-49.875,21.14
240.375,-5.375,-49.875,21.14
240.375,-5.375,-49.875,21.47
240.375,-5.375,-49.875,21.47
240.375,-5.375,-49.875,21.47
240.375,-5.375,-49.875,21.47
240.375,-5.375,-49.875,21.47
240.375,-5.375,-49.875,21.47
240.375,-5.375,-49.875,21.47
240.375,-5.375,-49.875,21.47
240.375,-5.375,-49.875,21.47
240.375,-5.375,-49.875,21.47
240.375,-5.375,-49.875,21.47
240.375,-5.375,-49.875,21.47
240.375,-5.375,-49.875,21.47
240.375,-5.375,-49.875,21.47
240.375,-5.375,-49.875,21.47
240.375,-5.375,-49.875,21.47
240.375,-5.375,-49.875,21.47
240.375,-5.375,-49.875,21.80
240.375,-5.375,-49.875,21.80
240.375,-5.375,-49.875,21.80
240.375,-5.375,-49.875,21.80
240.375,-5.375,-49.875,21.80
240.375,-5.375,-49.875,21.80
240.375,-5.375,-49.875,21.80
240.375,-5.375,-49.875,21.80
240.375,-5.375,-49.875,21.80
240.375,-5.375,-49.875,21.80
240.375,-5.375,-49.875,21.80
240.375,-5.375,-49.875,21.80
240.375,-5.375,-49.875,21.80
240.375,-5.375,-49.875,21.80
240.375,-5.375,-49.875,21.80
240.375,-5.375,-49.875,21.80
240.375,-5.375,-49.875,22.14
240.375,-5.375,-49.875,22.14
240.375,-5.375,-49.875,22.14
240.375,-5.375,-49.875,22.14
240.375,-5.375,-49.875,22.14
240.375,-5.375,-49.875,22.14
240.375,-5.375,-49.875,22.14
240.375,-5.375,-49.875,22.14
240.375,-5.375,-49.875,22.14
240.375,-5.375,-49.875,22.14
240.375,-5.375,-49.875,22.14
240.375,-5.375,-49.875,22.14
240.375,-5.375,-49.875,22.14
240.375,-5.375,-49.875,22.14
240.375,-5.375,-49.875,22.14
240.375,-5.375,-49.875,22.14
240.375,-5.375,-49.875,22.14
240.375,-5.375,-49.875,22.47
240.375,-5.375,-49.875,22.47
240.375,-5.375,-49.875,22.47
240.375,-5.375,-49.875,22.47
240.375,-5.375,-49.875,22.47
240.375,-5.375,-49.875,22.47
240.375,-5.375,-49.875,22.47
240.375,-5.375,-49.875,22.47
240.375,-5.375,-49.875,22.47
240.375,-5.375,-49.875,22.47
240.375,-5.375,-49.875,22.47
240.375,-5.375,-49.875,22.47
240.375,-5.375,-49.875,22.47
240.375,-5.375,-49.875,22.47
240.375,-5.375,-49.875,22.47
240.375,-5.375,-49.875,22.47
240.375,-5.375,-49.875,22.47
240.375,-5.375,-49.875,22.80
240.375,-5.375,-49.875,22.80
240.375,-5.375,-49.875,22.80
240.375,-5.375,-49.875,22.80
240.375,-5.375,-49.875,22.80
240.375,-5.375,-49.875,22.80
240.375,-5.375,-49.875,22.80
240.375,-5.375,-49.875,22.80
240.375,-5.375,-49.875,22.80
240.375,-5.375,-49.875,22.80
240.375,-5.375,-49.875,22.80
240.375,-5.375,-49.875,22.80
240.375,-5.375,-49.875,22.80
240.375,-5.375,-49.875,22.80
240.375,-5.375,-49.875,22.80
240.375,-5.375,-49.875,22.80
240.375,-5.3125,-49.875,23.14
240.375,-5.3125,-49.875,23.14
240.375,-5.3125,-49.875,23.14
240.375,-5.3125,-49.875,23.14
240.375,-5.3125,-49.875,23.14
240.375,-5.3125,-49.875,23.14
240.375,-5.3125,-49.875,23.14
240.375,-5.3125,-49.875,23.14
240.375,-5.3125,-49.875,23.14
240.375,-5.3125,-49.875,23.14
240.375,-5.3125,-49.875,23.14
240.375,-5.3125,-49.875,23.14
240.375,-5.3125,-49.875,23.14
240.375,-5.3125,-49.875,23.14
240.375,-5.3125,-49.875,23.14
240.375,-5.3125,-49.875,23.14
240.375,-5.3125,-49.875,23.14
240.375,-5.3125,-49.875,23.47
240.375,-5.3125,-49.875,23.47
240.375,-5.3125,-49.875,23.47
240.375,-5.3125,-49.875,23.47
240.375,-5.3125,-49.875,23.47
240.375,-5.3125,-49.875,23.47
240.375,-5.3125,-49.875,23.47
240.375,-5.3125,-49.875,23.47
240.375,-5.3125,-49.875,23.47
240.375,-5.3125,-49.875,23.47
240.375,-5.3125,-49.875,23.47
240.375,-5.3125,-49.875,23.47
240.375,-5.3125,-49.875,23.47
240.375,-5.3125,-49.875,23.47
240.375,-5.3125,-49.875,23.47
240.375,-5.3125,-49.875,23.47
240.375,-5.3125,-49.875,23.47
240.375,-5.3125,-49.875,23.80
240.375,-5.3125,-49.875,23.80
240.375,-5.3125,-49.875,23.80
240.375,-5.3125,-49.875,23.80
240.375,-5.3125,-49.875,23.80
240.375,-5.3125,-49.875,23.80
240.375,-5.3125,-49.875,23.80
240.375,-5.3125,-49.875,23.80
240.375,-5.3125,-49.875,23.80
240.375,-5.3125,-49.875,23.80
240.375,-5.3125,-49.875,23.80
240.375,-5.3125,-49.875,23.80
240.375,-5.3125,-49.875,23.80
240.375,-5.3125,-49.875,23.80
240.375,-5.3125,-49.875,23.80
240.375,-5.3125,-49.875,23.80
240.375,-5.3125,-49.875,24.14
240.375,-5.3125,-49.875,24.14
240.375,-5.3125,-49.875,24.14
240.375,-5.3125,-49.875,24.14
240.375,-5.3125,-49.875,24.14
240.375,-5.3125,-49.875,24.14
240.375,-5.3125,-49.875,24.14
240.375,-5.3125,-49.875,24.14
240.375,-5.3125,-49.875,24.14
240.375,-5.3125,-49.875,24.14
240.375,-5.3125,-49.875,24.14
240.375,-5.3125,-49.875,24.14
240.375,-5.3125,-49.875,24.14
240.375,-5.3125,-49.875,24.14
240.375,-5.3125,-49.875,24.14
240.375,-5.3125,-49.875,24.14
240.375,-5.3125,-49.875,24.14
240.3125,-5.3125,-49.875,24.47
240.3125,-5.3125,-49.875,24.47
240.3125,-5.3125,-49.875,24.47
240.3125,-5.3125,-49.875,24.47
240.3125,-5.3125,-49.875,24.47
240.3125,-5.3125,-49.875,24.47
240.3125,-5.3125,-49.875,24.47
240.3125,-5.3125,-49.875,24.47
240.3125,-5.3125,-49.875,24.47
240.3125,-5.3125,-49.875,24.47
240.3125,-5.3125,-49.875,24.47
240.3125,-5.3125,-49.875,24.47
240.3125,-5.3125,-49.875,24.47
240.3125,-5.3125,-49.875,24.47
240.3125,-5.3125,-49.875,24.47
240.3125,-5.3125,-49.875,24.47
240.3125,-5.3125,-49.875,24.47
240.3125,-5.3125,-49.875,24.80
240.3125,-5.3125,-49.875,24.80
240.3125,-5.3125,-49.875,24.80
240.3125,-5.3125,-49.875,24.80
240.3125,-5.3125,-49.875,24.80
240.3125,-5.3125,-49.875,24.80
240.3125,-5.3125,-49.875,24.80
240.3125,-5.3125,-49.875,24.80
240.3125,-5.3125,-49.875,24.80
240.3125,-5.3125,-49.875,24.80
240.3125,-5.3125,-49.875,24.80
240.3125,-5.3125,-49.875,24.80
240.3125,-5.3125,-49.875,24.80
240.3125,-5.3125,-49.875,24.80
240.3125,-5.3125,-49.875,24.80
240.3125,-5.3125,-49.875,24.80
240.3125,-5.3125,-49.875,25.14
240.3125,-5.3125,-49.875,25.14
240.3125,-5.3125,-49.875,25.14
240.3125,-5.3125,-49.875,25.14
240.3125,-5.3125,-49.875,25.14
240.3125,-5.3125,-49.875,25.14
240.3125,-5.3125,-49.875,25.14
240.3125,-5.3125,-49.875,25.14
240.3125,-5.3125,-49.875,25.14
240.3125,-5.3125,-49.875,25.14
240.3125,-5.3125,-49.875,25.14
240.3125,-5.3125,-49.875,25.14
240.3125,-5.3125,-49.875,25.14
240.3125,-5.3125,-49.875,25.14
240.3125,-5.3125,-49.875,25.14
240.3125,-5.3125,-49.875,25.14
240.3125,-5.3125,-49.875,25.14
240.3125,-5.3125,-49.875,25.47
240.3125,-5.3125,-49.875,25.47
240.3125,-5.3125,-49.875,25.47
240.3125,-5.3125,-49.875,25.47
240.3125,-5.3125,-49.875,25.47
240.3125,-5.3125,-49.875,25.47
240.3125,-5.3125,-49.875,25.47
240.3125,-5.3125,-49.875,25.47
240.3125,-5.3125,-49.875,25.47
240.3125,-5.3125,-49.875,25.47
240.3125,-5.3125,-49.875,25.47
240.3125,-5.3125,-49.875,25.47
240.3125,-5.3125,-49.875,25.47
240.3125,-5.3125,-49.875,25.47
240.3125,-5.3125,-49.875,25.47
240.3125,-5.3125,-49.875,25.47
240.3125,-5.3125,-49.875,25.47
240.3125,-5.25,-49.875,25.80
240.3125,-5.25,-49.875,25.80
240.3125,-5.25,-49.875,25.80
240.3125,-5.25,-49.875,25.80
240.3125,-5.25,-49.875,25.80
240.3125,-5.25,-49.875,25.80
240.3125,-5.25,-49.875,25.80
240.3125,-5.25,-49.875,25.80
240.3125,-5.25,-49.875,25.80
240.3125,-5.25,-49.875,25.80
240.3125,-5.25,-49.875,25.80
240.3125,-5.25,-49.875,25.80
240.3125,-5.25,-49.875,25.80
240.3125,-5.25,-49.875,25.80
240.3125,-5.25,-49.875,25.80
240.3125,-5.25,-49.875,25.80
240.3125,-5.25,-49.875,26.14
240.3125,-5.25,-49.875,26.14
240.3125,-5.25,-49.875,26.14
240.3125,-5.25,-49.875,26.14
240.3125,-5.25,-49.875,26.14
240.3125,-5.25,-49.875,26.14
240.3125,-5.25,-49.875,26.14
240.3125,-5.25,-49.875,26.14
240.3125,-5.25,-49.875,26.14
240.3125,-5.25,-49.875,26.14
240.3125,-5.25,-49.875,26.14
240.3125,-5.25,-49.875,26.14
240.3125,-5.25,-49.875,26.14
240.3125,-5.25,-49.875,26.14
240.3125,-5.25,-49.875,26.14
240.3125,-5.25,-49.875,26.14
240.3125,-5.25,-49.875,26.14
240.3125,-5.25,-49.875,26.47
240.3125,-5.25,-49.875,26.47
240.3125,-5.25,-49.875,26.47
240.3125,-5.25,-49.875,26.47
240.3125,-5.25,-49.875,26.47
240.3125,-5.25,-49.875,26.47
240.3125,-5.25,-49.875,26.47
240.3125,-5.25,-49.875,26.47
240.3125,-5.25,-49.875,26.47
240.3125,-5.25,-49.875,26.47
240.3125,-5.25,-49.875,26.47
240.3125,-5.25,-49.875,26.47
240.3125,-5.25,-49.875,26.47
240.3125,-5.25,-49.875,26.47
240.3125,-5.25,-49.875,26.47
240.3125,-5.25,-49.875,26.47
240.3125,-5.25,-49.875,26.47
240.3125,-5.25,-49.875,26.80
240.3125,-5.25,-49.875,26.80
240.3125,-5.25,-49.875,26.80
240.3125,-5.25,-49.875,26.80
240.3125,-5.25,-49.875,26.80
240.3125,-5.25,-49.875,26.80
240.3125,-5.25,-49.875,26.80
240.3125,-5.25,-49.875,26.80
240.3125,-5.25,-49.875,26.80
240.3125,-5.25,-49.875,26.80
240.3125,-5.25,-49.875,26.80
240.3125,-5.25,-49.875,26.80
240.3125,-5.25,-49.875,26.80
240.3125,-5.25,-49.875,26.80
240.3125,-5.25,-49.875,26.80
240.3125,-5.25,-49.875,26.80
240.3125,-5.25,-49.875,27.14
240.3125,-5.25,-49.875,27.14
240.3125,-5.25,-49.875,27.14
240.3125,-5.25,-49.875,27.14
240.3125,-5.25,-49.875,27.14
240.3125,-5.25,-49.875,27.14
240.3125,-5.25,-49.875,27.14
240.3125,-5.25,-49.875,27.14
240.3125,-5.25,-49.875,27.14
240.3125,-5.25,-49.875,27.14
240.3125,-5.25,-49.875,27.14
240.3125,-5.25,-49.875,27.14
240.3125,-5.25,-49.875,27.14
240.3125,-5.25,-49.875,27.14
240.3125,-5.25,-49.875,27.14
240.3125,-5.25,-49.875,27.14
240.3125,-5.25,-49.875,27.14
240.3125,-5.25,-49.875,27.47
240.3125,-5.25,-49.875,27.47
240.3125,-5.25,-49.875,27.47
240.3125,-5.25,-49.875,27.47
240.3125,-5.25,-49.875,27.47
240.3125,-5.25,-49.875,27.47
240.3125,-5.25,-49.875,27.47
240.3125,-5.25,-49.875,27.47
240.3125,-5.25,-49.875,27.47
240.3125,-5.25,-49.875,27.47
240.3125,-5.25,-49.875,27.47
240.3125,-5.25,-49.875,27.47
240.3125,-5.25,-49.875,27.47
240.3125,-5.25,-49.875,27.47
240.3125,-5.25,-49.875,27.47
240.3125,-5.25,-49.875,27.47
240.3125,-5.25,-49.875,27.47
240.3125,-5.25,-49.875,27.80
240.3125,-5.25,-49.875,27.80
240.3125,-5.25,-49.875,27.80
240.3125,-5.25,-49.875,27.80
240.3125,-5.25,-49.875,27.80
240.3125,-5.25,-49.875,27.80
240.3125,-5.25,-49.875,27.80
240.3125,-5.25,-49.875,27.80
240.3125,-5.25,-49.875,27.80
240.3125,-5.25,-49.875,27.80
240.3125,-5.25,-49.875,27.80
240.3125,-5.25,-49.875,27.80
240.3125,-5.25,-49.875,27.80
240.3125,-5.25,-49.875,27.80
240.3125,-5.25,-49.875,27.80
240.3125,-5.25,-49.875,27.80
240.25,-5.25,-49.875,28.14
240.25,-5.25,-49.875,28.14
240.25,-5.25,-49.875,28.14
240.25,-5.25,-49.875,28.14
240.25,-5.25,-49.875,28.14
240.25,-5.25,-49.875,28.14
240.25,-5.25,-49.875,28.14
240.25,-5.25,-49.875,28.14
240.25,-5.25,-49.875,28.14
240.25,-5.25,-49.875,28.14
240.25,-5.25,-49.875,28.14
240.25,-5.25,-49.875,28.14
240.25,-5.25,-49.875,28.14
240.25,-5.25,-49.875,28.14
240.25,-5.25,-49.875,28.14
240.25,-5.25,-49.875,28.14
240.25,-5.25,-49.875,28.14
240.25,-5.25,-49.875,28.47
240.25,-5.25,-49.875,28.47
240.25,-5.25,-49.875,28.47
240.25,-5.25,-49.875,28.47
240.25,-5.25,-49.875,28.47
240.25,-5.25,-49.875,28.47
240.25,-5.25,-49.875,28.47
240.25,-5.25,-49.875,28.47
240.25,-5.25,-49.875,28.47
240.25,-5.25,-49.875,28.47
240.25,-5.25,-49.875,28.47
240.25,-5.25,-49.875,28.47
240.25,-5.25,-49.875,28.47
240.25,-5.25,-49.875,28.47
240.25,-5.25,-49.875,28.47
240.25,-5.25,-49.875,28.47
240.25,-5.25,-49.875,28.47
240.3125,-5.3125,-49.875,28.80
240.3125,-5.3125,-49.875,28.80
240.3125,-5.3125,-49.875,28.80
240.3125,-5.3125,-49.875,28.80
240.3125,-5.3125,-49.875,28.80
240.3125,-5.3125,-49.875,28.80
240.3125,-5.3125,-49.875,28.80
240.3125,-5.3125,-49.875,28.80
240.3125,-5.3125,-49.875,28.80
240.3125,-5.3125,-49.875,28.80
240.3125,-5.3125,-49.875,28.80
240.3125,-5.3125,-49.875,28.80
240.3125,-5.3125,-49.875,28.80
240.3125,-5.3125,-49.875,28.80
240.3125,-5.3125,-49.875,28.80
240.3125,-5.3125,-49.875,28.80
240.3125,-5.3125,-49.875,29.14
240.3125,-5.3125,-49.875,29.14
240.3125,-5.3125,-49.875,29.14
240.3125,-5.3125,-49.875,29.14
240.3125,-5.3125,-49.875,29.14
240.3125,-5.3125,-49.875,29.14
240.3125,-5.3125,-49.875,29.14
240.3125,-5.3125,-49.875,29.14
240.3125,-5.3125,-49.875,29.14
240.3125,-5.3125,-49.875,29.14
240.3125,-5.3125,-49.875,29.14
240.3125,-5.3125,-49.875,29.14
240.3125,-5.3125,-49.875,29.14
240.3125,-5.3125,-49.875,29.14
240.3125,-5.3125,-49.875,29.14
240.3125,-5.3125,-49.875,29.14
240.3125,-5.3125,-49.875,29.14
240.3125,-5.3125,-49.875,29.47
240.3125,-5.3125,-49.875,29.47
240.3125,-5.3125,-49.875,29.47
240.3125,-5.3125,-49.875,29.47
240.3125,-5.3125,-49.875,29.47
240.3125,-5.3125,-49.875,29.47
240.3125,-5.3125,-49.875,29.47
240.3125,-5.3125,-49.875,29.47
240.3125,-5.3125,-49.875,29.47
240.3125,-5.3125,-49.875,29.47
240.3125,-5.3125,-49.875,29.47
240.3125,-5.3125,-49.875,29.47
240.3125,-5.3125,-49.875,29.47
240.3125,-5.3125,-49.875,29.47
240.3125,-5.3125,-49.875,29.47
240.3125,-5.3125,-49.875,29.47
240.3125,-5.3125,-49.875,29.47
240.3125,-5.3125,-49.875,29.80
240.3125,-5.3125,-49.875,29.80
240.3125,-5.3125,-49.875,29.80
240.3125,-5.3125,-49.875,29.80
240.3125,-5.3125,-49.875,29.80
240.3125,-5.3125,-49.875,29.80
240.3125,-5.3125,-49.875,29.80
240.3125,-5.3125,-49.875,29.80
240.3125,-5.3125,-49.875,29.80
240.3125,-5.3125,-49.875,29.80
240.3125,-5.3125,-49.875,29.80
240.3125,-5.3125,-49.875,29.80
240.3125,-5.3125,-49.875,29.80
240.3125,-5.3125,-49.875,29.80
240.3125,-5.3125,-49.875,29.80
240.3125,-5.3125,-49.875,29.80
240.3125,-5.3125,-49.875,30.14
240.3125,-5.3125,-49.875,30.14
240.3125,-5.3125,-49.875,30.14
240.3125,-5.3125,-49.875,30.14
240.3125,-5.3125,-49.875,30.14
240.3125,-5.3125,-49.875,30.14
240.3125,-5.3125,-49.875,30.14
240.3125,-5.3125,-49.875,30.14
240.3125,-5.3125,-49.875,30.14
240.3125,-5.3125,-49.875,30.14
240.3125,-5.3125,-49.875,30.14
240.3125,-5.3125,-49.875,30.14
240.3125,-5.3125,-49.875,30.14
240.3125,-5.3125,-49.875,30.14
240.3125,-5.3125,-49.875,30.14
240.3125,-5.3125,-49.875,30.14
240.3125,-5.3125,-49.875,30.14
240.3125,-5.3125,-49.875,30.47
240.3125,-5.3125,-49.875,30.47
240.3125,-5.3125,-49.875,30.47
240.3125,-5.3125,-49.875,30.47
240.3125,-5.3125,-49.875,30.47
240.3125,-5.3125,-49.875,30.47
240.3125,-5.3125,-49.875,30.47
240.3125,-5.3125,-49.875,30.47
240.3125,-5.3125,-49.875,30.47
240.3125,-5.3125,-49.875,30.47
240.3125,-5.3125,-49.875,30.47
240.3125,-5.3125,-49.875,30.47
240.3125,-5.3125,-49.875,30.47
240.3125,-5.3125,-49.875,30.47
240.3125,-5.3125,-49.875,30.47
240.3125,-5.3125,-49.875,30.47
240.3125,-5.3125,-49.875,30.47
240.3125,-5.3125,-49.875,30.80
240.3125,-5.3125,-49.875,30.80
240.3125,-5.3125,-49.875,30.80
240.3125,-5.3125,-49.875,30.80
240.3125,-5.3125,-49.875,30.80
240.3125,-5.3125,-49.875,30.80
240.3125,-5.3125,-49.875,30.80
240.3125,-5.3125,-49.875,30.80
240.3125,-5.3125,-49.875,30.80
240.3125,-5.3125,-49.875,30.80
240.3125,-5.3125,-49.875,30.80
240.3125,-5.3125,-49.875,30.80
240.3125,-5.3125,-49.875,30.80
240.3125,-5.3125,-49.875,30.80
240.3125,-5.3125,-49.875,30.80
240.3125,-5.3125,-49.875,30.80
240.3125,-5.3125,-49.875,31.14
240.3125,-5.3125,-49.875,31.14
240.3125,-5.3125,-49.875,31.14
240.3125,-5.3125,-49.875,31.14
240.3125,-5.3125,-49.875,31.14
240.3125,-5.3125,-49.875,31.14
240.3125,-5.3125,-49.875,31.14
240.3125,-5.3125,-49.875,31.14
240.3125,-5.3125,-49.875,31.14
240.3125,-5.3125,-49.875,31.14
240.3125,-5.3125,-49.875,31.14
240.3125,-5.3125,-49.875,31.14
240.3125,-5.3125,-49.875,31.14
240.3125,-5.3125,-49.875,31.14
240.3125,-5.3125,-49.875,31.14
240.3125,-5.3125,-49.875,31.14
240.3125,-5.3125,-49.875,31.14
240.3125,-5.3125,-49.875,31.47
240.3125,-5.3125,-49.875,31.47
240.3125,-5.3125,-49.875,31.47
240.3125,-5.3125,-49.875,31.47
240.3125,-5.3125,-49.875,31.47
240.3125,-5.3125,-49.875,31.47
240.3125,-5.3125,-49.875,31.47
240.3125,-5.3125,-49.875,31.47
240.3125,-5.3125,-49.875,31.47
240.3125,-5.3125,-49.875,31.47
240.3125,-5.3125,-49.875,31.47
240.3125,-5.3125,-49.875,31.47
240.3125,-5.3125,-49.875,31.47
240.3125,-5.3125,-49.875,31.47
240.3125,-5.3125,-49.875,31.47
240.3125,-5.3125,-49.875,31.47
240.3125,-5.3125,-49.875,31.47
240.3125,-5.3125,-49.875,31.80
240.3125,-5.3125,-49.875,31.80
240.3125,-5.3125,-49.875,31.80
240.3125,-5.3125,-49.875,31.80
240.3125,-5.3125,-49.875,31.80
240.3125,-5.3125,-49.875,31.80
240.3125,-5.3125,-49.875,31.80
240.3125,-5.3125,-49.875,31.80
240.3125,-5.3125,-49.875,31.80
240.3125,-5.3125,-49.875,31.80
240.3125,-5.3125,-49.875,31.80
240.3125,-5.3125,-49.875,31.80
240.3125,-5.3125,-49.875,31.80
240.3125,-5.3125,-49.875,31.80
240.3125,-5.3125,-49.875,31.80
240.3125,-5.3125,-49.875,31.80
240.3125,-5.3125,-49.8125,32.14
240.3125,-5.3125,-49.8125,32.14
240.3125,-5.3125,-49.8125,32.14
240.3125,-5.3125,-49.8125,32.14
240.3125,-5.3125,-49.8125,32.14
240.3125,-5.3125,-49.8125,32.14
240.3125,-5.3125,-49.8125,32.14
240.3125,-5.3125,-49.8125,32.14
240.3125,-5.3125,-49.8125,32.14
240.3125,-5.3125,-49.8125,32.14
240.3125,-5.3125,-49.8125,32.14
240.3125,-5.3125,-49.8125,32.14
240.3125,-5.3125,-49.8125,32.14
240.3125,-5.3125,-49.8125,32.14
240.3125,-5.3125,-49.8125,32.14
240.3125,-5.3125,-49.8125,32.14
240.3125,-5.3125,-49.8125,32.14
240.3125,-5.3125,-49.8125,32.47
240.3125,-5.3125,-49.8125,32.47
240.3125,-5.3125,-49.8125,32.47
240.3125,-5.3125,-49.8125,32.47
240.3125,-5.3125,-49.8125,32.47
240.3125,-5.3125,-49.8125,32.47
240.3125,-5.3125,-49.8125,32.47
240.3125,-5.3125,-49.8125,32.47
240.3125,-5.3125,-49.8125,32.47
240.3125,-5.3125,-49.8125,32.47
240.3125,-5.3125,-49.8125,32.47
240.3125,-5.3125,-49.8125,32.47
240.3125,-5.3125,-49.8125,32.47
240.3125,-5.3125,-49.8125,32.47
240.3125,-5.3125,-49.8125,32.47
240.3125,-5.3125,-49.8125,32.47
240.3125,-5.3125,-49.8125,32.47
240.3125,-5.3125,-49.8125,32.80
240.3125,-5.3125,-49.8125,32.80
240.3125,-5.3125,-49.8125,32.80
240.3125,-5.3125,-49.8125,32.80
240.3125,-5.3125,-49.8125,32.80
240.3125,-5.3125,-49.8125,32.80
240.3125,-5.3125,-49.8125,32.80
240.3125,-5.3125,-49.8125,32.80
240.3125,-5.3125,-49.8125,32.80
240.3125,-5.3125,-49.8125,32.80
240.3125,-5.3125,-49.8125,32.80
240.3125,-5.3125,-49.8125,32.80
240.3125,-5.3125,-49.8125,32.80
240.3125,-5.3125,-49.8125,32.80
240.3125,-5.3125,-49.8125,32.80
240.3125,-5.3125,-49.8125,32.80
240.3125,-5.3125,-49.8125,33.14
240.3125,-5.3125,-49.8125,33.14
240.3125,-5.3125,-49.8125,33.14
240.3125,-5.3125,-49.8125,33.14
240.3125,-5.3125,-49.8125,33.14
240.3125,-5.3125,-49.8125,33.14
240.3125,-5.3125,-49.8125,33.14
240.3125,-5.3125,-49.8125,33.14
240.3125,-5.3125,-49.8125,33.14
240.3125,-5.3125,-49.8125,33.14
240.3125,-5.3125,-49.8125,33.14
240.3125,-5.3125,-49.8125,33.14
240.3125,-5.3125,-49.8125,33.14
240.3125,-5.3125,-49.8125,33.14
240.3125,-5.3125,-49.8125,33.14
240.3125,-5.3125,-49.8125,33.14
240.3125,-5.3125,-49.8125,33.14
240.375,-5.3125,-49.8125,33.47
240.375,-5.3125,-49.8125,33.47
240.375,-5.3125,-49.8125,33.47
240.375,-5.3125,-49.8125,33.47
240.375,-5.3125,-49.8125,33.47
240.375,-5.3125,-49.8125,33.47
240.375,-5.3125,-49.8125,33.47
240.375,-5.3125,-49.8125,33.47
240.375,-5.3125,-49.8125,33.47
240.375,-5.3125,-49.8125,33.47
240.375,-5.3125,-49.8125,33.47
240.375,-5.3125,-49.8125,33.47
240.375,-5.3125,-49.8125,33.47
240.375,-5.3125,-49.8125,33.47
240.375,-5.3125,-49.8125,33.47
240.375,-5.3125,-49.8125,33.47
240.375,-5.3125,-49.8125,33.47
240.375,-5.3125,-49.8125,33.80
240.375,-5.3125,-49.8125,33.80
240.375,-5.3125,-49.8125,33.80
240.375,-5.3125,-49.8125,33.80
240.375,-5.3125,-49.8125,33.80
240.375,-5.3125,-49.8125,33.80
240.375,-5.3125,-49.8125,33.80
240.375,-5.3125,-49.8125,33.80
240.375,-5.3125,-49.8125,33.80
240.375,-5.3125,-49.8125,33.80
240.375,-5.3125,-49.8125,33.80
240.375,-5.3125,-49.8125,33.80
240.375,-5.3125,-49.8125,33.80
240.375,-5.3125,-49.8125,33.80
240.375,-5.3125,-49.8125,33.80
240.375,-5.3125,-49.8125,33.80
240.375,-5.25,-49.8125,34.14
240.375,-5.25,-49.8125,34.14
240.375,-5.25,-49.8125,34.14
240.375,-5.25,-49.8125,34.14
240.375,-5.25,-49.8125,34.14
240.375,-5.25,-49.8125,34.14
240.375,-5.25,-49.8125,34.14
240.375,-5.25,-49.8125,34.14
240.375,-5.25,-49.8125,34.14
240.375,-5.25,-49.8125,34.14
240.375,-5.25,-49.8125,34.14
240.375,-5.25,-49.8125,34.14
240.375,-5.25,-49.8125,34.14
240.375,-5.25,-49.8125,34.14
240.375,-5.25,-49.8125,34.14
240.375,-5.25,-49.8125,34.14
240.375,-5.25,-49.8125,34.14
240.375,-5.25,-49.8125,34.47
240.375,-5.25,-49.8125,34.47
240.375,-5.25,-49.8125,34.47
240.375,-5.25,-49.8125,34.47
240.375,-5.25,-49.8125,34.47
240.375,-5.25,-49.8125,34.47
240.375,-5.25,-49.8125,34.47
240.375,-5.25,-49.8125,34.47
240.375,-5.25,-49.8125,34.47
240.375,-5.25,-49.8125,34.47
240.375,-5.25,-49.8125,34.47
240.375,-5.25,-49.8125,34.47
240.375,-5.25,-49.8125,34.47
240.375,-5.25,-49.8125,34.47
240.375,-5.25,-49.8125,34.47
240.375,-5.25,-49.8125,34.47
240.375,-5.25,-49.8125,34.47
240.375,-5.25,-49.8125,34.80
240.375,-5.25,-49.8125,34.80
240.375,-5.25,-49.8125,34.80
240.375,-5.25,-49.8125,34.80
240.375,-5.25,-49.8125,34.80
240.375,-5.25,-49.8125,34.80
240.375,-5.25,-49.8125,34.80
240.375,-5.25,-49.8125,34.80
240.375,-5.25,-49.8125,34.80
240.375,-5.25,-49.8125,34.80
240.375,-5.25,-49.8125,34.80
240.375,-5.25,-49.8125,34.80
240.375,-5.25,-49.8125,34.80
240.375,-5.25,-49.8125,34.80
240.375,-5.25,-49.8125,34.80
240.375,-5.25,-49.8125,34.80
240.375,-5.25,-49.8125,35.14
240.375,-5.25,-49.8125,35.14
240.375,-5.25,-49.8125,35.14
240.375,-5.25,-49.8125,35.14
240.375,-5.25,-49.8125,35.14
240.375,-5.25,-49.8125,35.14
240.375,-5.25,-49.8125,35.14
240.375,-5.25,-49.8125,35.14
240.375,-5.25,-49.8125,35.14
240.375,-5.25,-49.8125,35.14
240.375,-5.25,-49.8125,35.14
240.375,-5.25,-49.8125,35.14
240.375,-5.25,-49.8125,35.14
240.375,-5.25,-49.8125,35.14
240.375,-5.25,-49.8125,35.14
240.375,-5.25,-49.8125,35.14
240.375,-5.25,-49.8125,35.14
240.375,-5.25,-49.8125,35.47
240.375,-5.25,-49.8125,35.47
240.375,-5.25,-49.8125,35.47
240.375,-5.25,-49.8125,35.47
240.375,-5.25,-49.8125,35.47
240.375,-5.25,-49.8125,35.47
240.375,-5.25,-49.8125,35.47
240.375,-5.25,-49.8125,35.47
240.375,-5.25,-49.8125,35.47
240.375,-5.25,-49.8125,35.47
240.375,-5.25,-49.8125,35.47
240.375,-5.25,-49.8125,35.47
240.375,-5.25,-49.8125,35.47
240.375,-5.25,-49.8125,35.47
240.375,-5.25,-49.8125,35.47
240.375,-5.25,-49.8125,35.47
240.375,-5.25,-49.8125,35.47
240.375,-5.25,-49.8125,35.80
240.375,-5.25,-49.8125,35.80
240.375,-5.25,-49.8125,35.80
240.375,-5.25,-49.8125,35.80
240.375,-5.25,-49.8125,35.80
240.375,-5.25,-49.8125,35.80
240.375,-5.25,-49.8125,35.80
240.375,-5.25,-49.8125,35.80
240.375,-5.25,-49.8125,35.80
240.375,-5.25,-49.8125,35.80
240.375,-5.25,-49.8125,35.80
240.375,-5.25,-49.8125,35.80
240.375,-5.25,-49.8125,35.80
240.375,-5.25,-49.8125,35.80
240.375,-5.25,-49.8125,35.80
240.375,-5.25,-49.8125,35.80
240.375,-5.25,-49.8125,36.14
240.375,-5.25,-49.8125,36.14
240.375,-5.25,-49.8125,36.14
240.375,-5.25,-49.8125,36.14
240.375,-5.25,-49.8125,36.14
240.375,-5.25,-49.8125,36.14
240.375,-5.25,-49.8125,36.14
240.375,-5.25,-49.8125,36.14
240.375,-5.25,-49.8125,36.14
240.375,-5.25,-49.8125,36.14
240.375,-5.25,-49.8125,36.14
240.375,-5.25,-49.8125,36.14
240.375,-5.25,-49.8125,36.14
240.375,-5.25,-49.8125,36.14
240.375,-5.25,-49.8125,36.14
240.375,-5.25,-49.8125,36.14
240.375,-5.25,-49.8125,36.14
240.375,-5.25,-49.8125,36.47
240.375,-5.25,-49.8125,36.47
240.375,-5.25,-49.8125,36.47
240.375,-5.25,-49.8125,36.47
240.375,-5.25,-49.8125,36.47
240.375,-5.25,-49.8125,36.47
240.375,-5.25,-49.8125,36.47
240.375,-5.25,-49.8125,36.47
240.375,-5.25,-49.8125,36.47
240.375,-5.25,-49.8125,36.47
240.375,-5.25,-49.8125,36.47
240.375,-5.25,-49.8125,36.47
240.375,-5.25,-49.8125,36.47
240.375,-5.25,-49.8125,36.47
240.375,-5.25,-49.8125,36.47
240.375,-5.25,-49.8125,36.47
240.375,-5.25,-49.8125,36.47
240.375,-5.25,-49.8125,36.80
240.375,-5.25,-49.8125,36.80
240.375,-5.25,-49.8125,36.80
240.375,-5.25,-49.8125,36.80
240.375,-5.25,-49.8125,36.80
240.375,-5.25,-49.8125,36.80
240.375,-5.25,-49.8125,36.80
240.375,-5.25,-49.8125,36.80
240.375,-5.25,-49.8125,36.80
240.375,-5.25,-49.8125,36.80
240.375,-5.25,-49.8125,36.80
240.375,-5.25,-49.8125,36.80
240.375,-5.25,-49.8125,36.80
240.375,-5.25,-49.8125,36.80
240.375,-5.25,-49.8125,36.80
240.375,-5.25,-49.8125,36.80
240.375,-5.25,-49.8125,37.14
240.375,-5.25,-49.8125,37.14
240.375,-5.25,-49.8125,37.14
240.375,-5.25,-49.8125,37.14
240.375,-5.25,-49.8125,37.14
240.375,-5.25,-49.8125,37.14
240.375,-5.25,-49.8125,37.14
240.375,-5.25,-49.8125,37.14
240.375,-5.25,-49.8125,37.14
240.375,-5.25,-49.8125,37.14
240.375,-5.25,-49.8125,37.14
240.375,-5.25,-49.8125,37.14
240.375,-5.25,-49.8125,37.14
240.375,-5.25,-49.8125,37.14
240.375,-5.25,-49.8125,37.14
240.375,-5.25,-49.8125,37.14
240.375,-5.25,-49.8125,37.14
240.375,-5.25,-49.8125,37.47
240.375,-5.25,-49.8125,37.47
240.375,-5.25,-49.8125,37.47
240.375,-5.25,-49.8125,37.47
240.375,-5.25,-49.8125,37.47
240.375,-5.25,-49.8125,37.47
240.375,-5.25,-49.8125,37.47
240.375,-5.25,-49.8125,37.47
240.375,-5.25,-49.8125,37.47
240.375,-5.25,-49.8125,37.47
240.375,-5.25,-49.8125,37.47
240.375,-5.25,-49.8125,37.47
240.375,-5.25,-49.8125,37.47
240.375,-5.25,-49.8125,37.47
240.375,-5.25,-49.8125,37.47
240.375,-5.25,-49.8125,37.47
240.375,-5.25,-49.8125,37.47
240.375,-5.25,-49.8125,37.80
240.375,-5.25,-49.8125,37.80
240.375,-5.25,-49.8125,37.80
240.375,-5.25,-49.8125,37.80
240.375,-5.25,-49.8125,37.80
240.375,-5.25,-49.8125,37.80
240.375,-5.25,-49.8125,37.80
240.375,-5.25,-49.8125,37.80
240.375,-5.25,-49.8125,37.80
240.375,-5.25,-49.8125,37.80
240.375,-5.25,-49.8125,37.80
240.375,-5.25,-49.8125,37.80
240.375,-5.25,-49.8125,37.80
240.375,-5.25,-49.8125,37.80
240.375,-5.25,-49.8125,37.80
240.375,-5.25,-49.8125,37.80
240.375,-5.25,-49.8125,38.14
240.375,-5.25,-49.8125,38.14
240.375,-5.25,-49.8125,38.14
240.375,-5.25,-49.8125,38.14
240.375,-5.25,-49.8125,38.14
240.375,-5.25,-49.8125,38.14
240.375,-5.25,-49.8125,38.14
240.375,-5.25,-49.8125,38.14
240.375,-5.25,-49.8125,38.14
240.375,-5.25,-49.8125,38.14
240.375,-5.25,-49.8125,38.14
240.375,-5.25,-49.8125,38.14
240.375,-5.25,-49.8125,38.14
240.375,-5.25,-49.8125,38.14
240.375,-5.25,-49.8125,38.14
240.375,-5.25,-49.8125,38.14
240.375,-5.25,-49.8125,38.14
240.3125,-5.25,-49.8125,38.47
240.3125,-5.25,-49.8125,38.47
240.3125,-5.25,-49.8125,38.47
240.3125,-5.25,-49.8125,38.47
240.3125,-5.25,-49.8125,38.47
240.3125,-5.25,-49.8125,38.47
240.3125,-5.25,-49.8125,38.47
240.3125,-5.25,-49.8125,38.47
240.3125,-5.25,-49.8125,38.47
240.3125,-5.25,-49.8125,38.47
240.3125,-5.25,-49.8125,38.47
240.3125,-5.25,-49.8125,38.47
240.3125,-5.25,-49.8125,38.47
240.3125,-5.25,-49.8125,38.47
240.3125,-5.25,-49.8125,38.47
240.3125,-5.25,-49.8125,38.47
240.3125,-5.25,-49.8125,38.47
240.3125,-5.25,-49.8125,38.80
240.3125,-5.25,-49.8125,38.80
240.3125,-5.25,-49.8125,38.80
240.3125,-5.25,-49.8125,38.80
240.3125,-5.25,-49.8125,38.80
240.3125,-5.25,-49.8125,38.80
240.3125,-5.25,-49.8125,38.80
240.3125,-5.25,-49.8125,38.80
240.3125,-5.25,-49.8125,38.80
240.3125,-5.25,-49.8125,38.80
240.3125,-5.25,-49.8125,38.80
240.3125,-5.25,-49.8125,38.80
240.3125,-5.25,-49.8125,38.80
240.3125,-5.25,-49.8125,38.80
240.3125,-5.25,-49.8125,38.80
240.3125,-5.25,-49.8125,38.80
240.3125,-5.25,-49.8125,39.14
240.3125,-5.25,-49.8125,39.14
240.3125,-5.25,-49.8125,39.14
240.3125,-5.25,-49.8125,39.14
240.3125,-5.25,-49.8125,39.14
240.3125,-5.25,-49.8125,39.14
240.3125,-5.25,-49.8125,39.14
240.3125,-5.25,-49.8125,39.14
240.3125,-5.25,-49.8125,39.14
240.3125,-5.25,-49.8125,39.14
240.3125,-5.25,-49.8125,39.14
240.3125,-5.25,-49.8125,39.14
240.3125,-5.25,-49.8125,39.14
240.3125,-5.25,-49.8125,39.14
240.3125,-5.25,-49.8125,39.14
240.3125,-5.25,-49.8125,39.14
240.3125,-5.25,-49.8125,39.14
240.3125,-5.25,-49.8125,39.47
240.3125,-5.25,-49.8125,39.47
240.3125,-5.25,-49.8125,39.47
240.3125,-5.25,-49.8125,39.47
240.3125,-5.25,-49.8125,39.47
240.3125,-5.25,-49.8125,39.47
240.3125,-5.25,-49.8125,39.47
240.3125,-5.25,-49.8125,39.47
240.3125,-5.25,-49.8125,39.47
240.3125,-5.25,-49.8125,39.47
240.3125,-5.25,-49.8125,39.47
240.3125,-5.25,-49.8125,39.47
240.3125,-5.25,-49.8125,39.47
240.3125,-5.25,-49.8125,39.47
240.3125,-5.25,-49.8125,39.47
240.3125,-5.25,-49.8125,39.47
240.3125,-5.25,-49.8125,39.47
240.3125,-5.25,-49.8125,39.80
240.3125,-5.25,-49.8125,39.80
240.3125,-5.25,-49.8125,39.80
240.3125,-5.25,-49.8125,39.80
240.3125,-5.25,-49.8125,39.80
240.3125,-5.25,-49.8125,39.80
240.3125,-5.25,-49.8125,39.80
240.3125,-5.25,-49.8125,39.80
240.3125,-5.25,-49.8125,39.80
240.3125,-5.25,-49.8125,39.80
240.3125,-5.25,-49.8125,39.80
240.3125,-5.25,-49.8125,39.80
240.3125,-5.25,-49.8125,39.80
240.3125,-5.25,-49.8125,39.80
240.3125,-5.25,-49.8125,39.80
240.3125,-5.25,-49.8125,39.80
240.3125,-5.25,-49.8125,40.14
240.3125,-5.25,-49.8125,40.14
240.3125,-5.25,-49.8125,40.14
240.3125,-5.25,-49.8125,40.14
240.3125,-5.25,-49.8125,40.14
240.3125,-5.25,-49.8125,40.14
240.3125,-5.25,-49.8125,40.14
240.3125,-5.25,-49.8125,40.14
240.3125,-5.25,-49.8125,40.14
240.3125,-5.25,-49.8125,40.14
240.3125,-5.25,-49.8125,40.14
240.3125,-5.25,-49.8125,40.14
240.3125,-5.25,-49.8125,40.14
240.3125,-5.25,-49.8125,40.14
240.3125,-5.25,-49.8125,40.14
240.3125,-5.25,-49.8125,40.14
240.3125,-5.25,-49.8125,40.14
240.3125,-5.25,-49.8125,40.47
240.3125,-5.25,-49.8125,40.47
240.3125,-5.25,-49.8125,40.47
240.3125,-5.25,-49.8125,40.47
240.3125,-5.25,-49.8125,40.47
240.3125,-5.25,-49.8125,40.47
240.3125,-5.25,-49.8125,40.47
240.3125,-5.25,-49.8125,40.47
240.3125,-5.25,-49.8125,40.47
240.3125,-5.25,-49.8125,40.47
240.3125,-5.25,-49.8125,40.47
240.3125,-5.25,-49.8125,40.47
240.3125,-5.25,-49.8125,40.47
240.3125,-5.25,-49.8125,40.47
240.3125,-5.25,-49.8125,40.47
240.3125,-5.25,-49.8125,40.47
240.3125,-5.25,-49.8125,40.47
240.3125,-5.25,-49.8125,40.80
240.3125,-5.25,-49.8125,40.80
240.3125,-5.25,-49.8125,40.80
240.3125,-5.25,-49.8125,40.80
240.3125,-5.25,-49.8125,40.80
240.3125,-5.25,-49.8125,40.80
240.3125,-5.25,-49.8125,40.80
240.3125,-5.25,-49.8125,40.80
240.3125,-5.25,-49.8125,40.80
240.3125,-5.25,-49.8125,40.80
240.3125,-5.25,-49.8125,40.80
240.3125,-5.25,-49.8125,40.80
240.3125,-5.25,-49.8125,40.80
240.3125,-5.25,-49.8125,40.80
240.3125,-5.25,-49.8125,40.80
240.3125,-5.25,-49.8125,40.80
240.25,-5.25,-49.8125,41.14
240.25,-5.25,-49.8125,41.14
240.25,-5.25,-49.8125,41.14
240.25,-5.25,-49.8125,41.14
240.25,-5.25,-49.8125,41.14
240.25,-5.25,-49.8125,41.14
240.25,-5.25,-49.8125,41.14
240.25,-5.25,-49.8125,41.14
240.25,-5.25,-49.8125,41.14
240.25,-5.25,-49.8125,41.14
240.25,-5.25,-49.8125,41.14
240.25,-5.25,-49.8125,41.14
240.25,-5.25,-49.8125,41.14
240.25,-5.25,-49.8125,41.14
240.25,-5.25,-49.8125,41.14
240.25,-5.25,-49.8125,41.14
240.25,-5.25,-49.8125,41.14
240.25,-5.25,-49.8125,41.47
240.25,-5.25,-49.8125,41.47
240.25,-5.25,-49.8125,41.47
240.25,-5.25,-49.8125,41.47
240.25,-5.25,-49.8125,41.47
240.25,-5.25,-49.8125,41.47
240.25,-5.25,-49.8125,41.47
240.25,-5.25,-49.8125,41.47
240.25,-5.25,-49.8125,41.47
240.25,-5.25,-49.8125,41.47
240.25,-5.25,-49.8125,41.47
240.25,-5.25,-49.8125,41.47
240.25,-5.25,-49.8125,41.47
240.25,-5.25,-49.8125,41.47
240.25,-5.25,-49.8125,41.47
240.25,-5.25,-49.8125,41.47
240.25,-5.25,-49.8125,41.47
240.25,-5.25,-49.8125,41.80
240.25,-5.25,-49.8125,41.80
240.25,-5.25,-49.8125,41.80
240.25,-5.25,-49.8125,41.80
240.25,-5.25,-49.8125,41.80
240.25,-5.25,-49.8125,41.80
240.25,-5.25,-49.8125,41.80
240.25,-5.25,-49.8125,41.80
240.25,-5.25,-49.8125,41.80
240.25,-5.25,-49.8125,41.80
240.25,-5.25,-49.8125,41.80
240.25,-5.25,-49.8125,41.80
240.25,-5.25,-49.8125,41.80
240.25,-5.25,-49.8125,41.80
240.25,-5.25,-49.8125,41.80
240.25,-5.25,-49.8125,41.80
240.25,-5.25,-49.8125,42.14
240.25,-5.25,-49.8125,42.14
240.25,-5.25,-49.8125,42.14
240.25,-5.25,-49.8125,42.14
240.25,-5.25,-49.8125,42.14
240.25,-5.25,-49.8125,42.14
240.25,-5.25,-49.8125,42.14
240.25,-5.25,-49.8125,42.14
240.25,-5.25,-49.8125,42.14
240.25,-5.25,-49.8125,42.14
240.25,-5.25,-49.8125,42.14
240.25,-5.25,-49.8125,42.14
240.25,-5.25,-49.8125,42.14
240.25,-5.25,-49.8125,42.14
240.25,-5.25,-49.8125,42.14
240.25,-5.25,-49.8125,42.14
240.25,-5.25,-49.8125,42.14
240.25,-5.1875,-49.8125,42.47
240.25,-5.1875,-49.8125,42.47
240.25,-5.1875,-49.8125,42.47
240.25,-5.1875,-49.8125,42.47
240.25,-5.1875,-49.8125,42.47
240.25,-5.1875,-49.8125,42.47
240.25,-5.1875,-49.8125,42.47
240.25,-5.1875,-49.8125,42.47
240.25,-5.1875,-49.8125,42.47
240.25,-5.1875,-49.8125,42.47
240.25,-5.1875,-49.8125,42.47
240.25,-5.1875,-49.8125,42.47
240.25,-5.1875,-49.8125,42.47
240.25,-5.1875,-49.8125,42.47
240.25,-5.1875,-49.8125,42.47
240.25,-5.1875,-49.8125,42.47
240.25,-5.1875,-49.8125,42.47
240.25,-5.1875,-49.8125,42.80
240.25,-5.1875,-49.8125,42.80
240.25,-5.1875,-49.8125,42.80
240.25,-5.1875,-49.8125,42.80
240.25,-5.1875,-49.8125,42.80
240.25,-5.1875,-49.8125,42.80
240.25,-5.1875,-49.8125,42.80
240.25,-5.1875,-49.8125,42.80
240.25,-5.1875,-49.8125,42.80
240.25,-5.1875,-49.8125,42.80
240.25,-5.1875,-49.8125,42.80
240.25,-5.1875,-49.8125,42.80
240.25,-5.1875,-49.8125,42.80
240.25,-5.1875,-49.8125,42.80
240.25,-5.1875,-49.8125,42.80
240.25,-5.1875,-49.8125,42.80
240.25,-5.1875,-49.8125,43.14
240.25,-5.1875,-49.8125,43.14
240.25,-5.1875,-49.8125,43.14
240.25,-5.1875,-49.8125,43.14
240.25,-5.1875,-49.8125,43.14
240.25,-5.1875,-49.8125,43.14
240.25,-5.1875,-49.8125,43.14
240.25,-5.1875,-49.8125,43.14
240.25,-5.1875,-49.8125,43.14
240.25,-5.1875,-49.8125,43.14
240.25,-5.1875,-49.8125,43.14
240.25,-5.1875,-49.8125,43.14
240.25,-5.1875,-49.8125,43.14
240.25,-5.1875,-49.8125,43.14
240.25,-5.1875,-49.8125,43.14
240.25,-5.1875,-49.8125,43.14
240.25,-5.1875,-49.8125,43.14
240.1875,-5.1875,-49.8125,43.47
240.1875,-5.1875,-49.8125,43.47
240.1875,-5.1875,-49.8125,43.47
240.1875,-5.1875,-49.8125,43.47
240.1875,-5.1875,-49.8125,43.47
240.1875,-5.1875,-49.8125,43.47
240.1875,-5.1875,-49.8125,43.47
240.1875,-5.1875,-49.8125,43.47
240.1875,-5.1875,-49.8125,43.47
240.1875,-5.1875,-49.8125,43.47
240.1875,-5.1875,-49.8125,43.47
240.1875,-5.1875,-49.8125,43.47
240.1875,-5.1875,-49.8125,43.47
240.1875,-5.1875,-49.8125,43.47
240.1875,-5.1875,-49.8125,43.47
240.1875,-5.1875,-49.8125,43.47
240.1875,-5.1875,-49.8125,43.47
240.1875,-5.1875,-49.8125,43.80
240.1875,-5.1875,-49.8125,43.80
240.1875,-5.1875,-49.8125,43.80
240.1875,-5.1875,-49.8125,43.80
240.1875,-5.1875,-49.8125,43.80
240.1875,-5.1875,-49.8125,43.80
240.1875,-5.1875,-49.8125,43.80
240.1875,-5.1875,-49.8125,43.80
240.1875,-5.1875,-49.8125,43.80
240.1875,-5.1875,-49.8125,43.80
240.1875,-5.1875,-49.8125,43.80
240.1875,-5.1875,-49.8125,43.80
240.1875,-5.1875,-49.8125,43.80
240.1875,-5.1875,-49.8125,43.80
240.1875,-5.1875,-49.8125,43.80
240.1875,-5.1875,-49.8125,43.80
240.1875,-5.1875,-49.8125,44.14
240.1875,-5.1875,-49.8125,44.14
240.1875,-5.1875,-49.8125,44.14
240.1875,-5.1875,-49.8125,44.14
240.1875,-5.1875,-49.8125,44.14
240.1875,-5.1875,-49.8125,44.14
240.1875,-5.1875,-49.8125,44.14
240.1875,-5.1875,-49.8125,44.14
240.1875,-5.1875,-49.8125,44.14
240.1875,-5.1875,-49.8125,44.14
240.1875,-5.1875,-49.8125,44.14
240.1875,-5.1875,-49.8125,44.14
240.1875,-5.1875,-49.8125,44.14
240.1875,-5.1875,-49.8125,44.14
240.1875,-5.1875,-49.8125,44.14
240.1875,-5.1875,-49.8125,44.14
240.1875,-5.1875,-49.8125,44.14
240.1875,-5.1875,-49.8125,44.47
240.1875,-5.1875,-49.8125,44.47
240.1875,-5.1875,-49.8125,44.47
240.1875,-5.1875,-49.8125,44.47
240.1875,-5.1875,-49.8125,44.47
240.1875,-5.1875,-49.8125,44.47
240.1875,-5.1875,-49.8125,44.47
240.1875,-5.1875,-49.8125,44.47
240.1875,-5.1875,-49.8125,44.47
240.1875,-5.1875,-49.8125,44.47
240.1875,-5.1875,-49.8125,44.47
240.1875,-5.1875,-49.8125,44.47
240.1875,-5.1875,-49.8125,44.47
240.1875,-5.1875,-49.8125,44.47
240.1875,-5.1875,-49.8125,44.47
240.1875,-5.1875,-49.8125,44.47
240.1875,-5.1875,-49.8125,44.47
240.1875,-5.1875,-49.8125,44.80
240.1875,-5.1875,-49.8125,44.80
240.1875,-5.1875,-49.8125,44.80
240.1875,-5.1875,-49.8125,44.80
240.1875,-5.1875,-49.8125,44.80
240.1875,-5.1875,-49.8125,44.80
240.1875,-5.1875,-49.8125,44.80
240.1875,-5.1875,-49.8125,44.80
240.1875,-5.1875,-49.8125,44.80
240.1875,-5.1875,-49.8125,44.80
240.1875,-5.1875,-49.8125,44.80
240.1875,-5.1875,-49.8125,44.80
240.1875,-5.1875,-49.8125,44.80
240.1875,-5.1875,-49.8125,44.80
240.1875,-5.1875,-49.8125,44.80
240.1875,-5.1875,-49.8125,44.80
240.1875,-5.1875,-49.8125,45.14
240.1875,-5.1875,-49.8125,45.14
240.1875,-5.1875,-49.8125,45.14
240.1875,-5.1875,-49.8125,45.14
240.1875,-5.1875,-49.8125,45.14
240.1875,-5.1875,-49.8125,45.14
240.1875,-5.1875,-49.8125,45.14
240.1875,-5.1875,-49.8125,45.14
240.1875,-5.1875,-49.8125,45.14
240.1875,-5.1875,-49.8125,45.14
240.1875,-5.1875,-49.8125,45.14
240.1875,-5.1875,-49.8125,45.14
240.1875,-5.1875,-49.8125,45.14
240.1875,-5.1875,-49.8125,45.14
240.1875,-5.1875,-49.8125,45.14
240.1875,-5.1875,-49.8125,45.14
240.1875,-5.1875,-49.8125,45.14
240.1875,-5.1875,-49.8125,45.47
240.1875,-5.1875,-49.8125,45.47
240.1875,-5.1875,-49.8125,45.47
240.1875,-5.1875,-49.8125,45.47
240.1875,-5.1875,-49.8125,45.47
240.1875,-5.1875,-49.8125,45.47
240.1875,-5.1875,-49.8125,45.47
240.1875,-5.1875,-49.8125,45.47
240.1875,-5.1875,-49.8125,45.47
240.1875,-5.1875,-49.8125,45.47
240.1875,-5.1875,-49.8125,45.47
240.1875,-5.1875,-49.8125,45.47
240.1875,-5.1875,-49.8125,45.47
240.1875,-5.1875,-49.8125,45.47
240.1875,-5.1875,-49.8125,45.47
240.1875,-5.1875,-49.8125,45.47
240.1875,-5.1875,-49.8125,45.47
240.1875,-5.1875,-49.8125,45.80
240.1875,-5.1875,-49.8125,45.80
240.1875,-5.1875,-49.8125,45.80
240.1875,-5.1875,-49.8125,45.80
240.1875,-5.1875,-49.8125,45.80
240.1875,-5.1875,-49.8125,45.80
240.1875,-5.1875,-49.8125,45.80
240.1875,-5.1875,-49.8125,45.80
240.1875,-5.1875,-49.8125,45.80
240.1875,-5.1875,-49.8125,45.80
240.1875,-5.1875,-49.8125,45.80
240.1875,-5.1875,-49.8125,45.80
240.1875,-5.1875,-49.8125,45.80
240.1875,-5.1875,-49.8125,45.80
240.1875,-5.1875,-49.8125,45.80
240.1875,-5.1875,-49.8125,45.80
240.1875,-5.1875,-49.8125,46.14
240.1875,-5.1875,-49.8125,46.14
240.1875,-5.1875,-49.8125,46.14
240.1875,-5.1875,-49.8125,46.14
240.1875,-5.1875,-49.8125,46.14
240.1875,-5.1875,-49.8125,46.14
240.1875,-5.1875,-49.8125,46.14
240.1875,-5.1875,-49.8125,46.14
240.1875,-5.1875,-49.8125,46.14
240.1875,-5.1875,-49.8125,46.14
240.1875,-5.1875,-49.8125,46.14
240.1875,-5.1875,-49.8125,46.14
240.1875,-5.1875,-49.8125,46.14
240.1875,-5.1875,-49.8125,46.14
240.1875,-5.1875,-49.8125,46.14
240.1875,-5.1875,-49.8125,46.14
240.1875,-5.1875,-49.8125,46.14
240.1875,-5.1875,-49.8125,46.47
240.1875,-5.1875,-49.8125,46.47
240.1875,-5.1875,-49.8125,46.47
240.1875,-5.1875,-49.8125,46.47
240.1875,-5.1875,-49.8125,46.47
240.1875,-5.1875,-49.8125,46.47
240.1875,-5.1875,-49.8125,46.47
240.1875,-5.1875,-49.8125,46.47
240.1875,-5.1875,-49.8125,46.47
240.1875,-5.1875,-49.8125,46.47
240.1875,-5.1875,-49.8125,46.47
240.1875,-5.1875,-49.8125,46.47
240.1875,-5.1875,-49.8125,46.47
240.1875,-5.1875,-49.8125,46.47
240.1875,-5.1875,-49.8125,46.47
240.1875,-5.1875,-49.8125,46.47
240.1875,-5.1875,-49.8125,46.47
240.1875,-5.1875,-49.8125,46.80
240.1875,-5.1875,-49.8125,46.80
240.1875,-5.1875,-49.8125,46.80
240.1875,-5.1875,-49.8125,46.80
240.1875,-5.1875,-49.8125,46.80
240.1875,-5.1875,-49.8125,46.80
240.1875,-5.1875,-49.8125,46.80
240.1875,-5.1875,-49.8125,46.80
240.1875,-5.1875,-49.8125,46.80
240.1875,-5.1875,-49.8125,46.80
240.1875,-5.1875,-49.8125,46.80
240.1875,-5.1875,-49.8125,46.80
240.1875,-5.1875,-49.8125,46.80
240.1875,-5.1875,-49.8125,46.80
240.1875,-5.1875,-49.8125,46.80
240.1875,-5.1875,-49.8125,46.80
240.1875,-5.1875,-49.8125,47.14
240.1875,-5.1875,-49.8125,47.14
240.1875,-5.1875,-49.8125,47.14
240.1875,-5.1875,-49.8125,47.14
240.1875,-5.1875,-49.8125,47.14
240.1875,-5.1875,-49.8125,47.14
240.1875,-5.1875,-49.8125,47.14
240.1875,-5.1875,-49.8125,47.14
240.1875,-5.1875,-49.8125,47.14
240.1875,-5.1875,-49.8125,47.14
240.1875,-5.1875,-49.8125,47.14
240.1875,-5.1875,-49.8125,47.14
240.1875,-5.1875,-49.8125,47.14
240.1875,-5.1875,-49.8125,47.14
240.1875,-5.1875,-49.8125,47.14
240.1875,-5.1875,-49.8125,47.14
240.1875,-5.1875,-49.8125,47.14
240.1875,-5.1875,-49.8125,47.47
240.1875,-5.1875,-49.8125,47.47
240.1875,-5.1875,-49.8125,47.47
240.1875,-5.1875,-49.8125,47.47
240.1875,-5.1875,-49.8125,47.47
240.1875,-5.1875,-49.8125,47.47
240.1875,-5.1875,-49.8125,47.47
240.1875,-5.1875,-49.8125,47.47
240.1875,-5.1875,-49.8125,47.47
240.1875,-5.1875,-49.8125,47.47
240.1875,-5.1875,-49.8125,47.47
240.1875,-5.1875,-49.8125,47.47
240.1875,-5.1875,-49.8125,47.47
240.1875,-5.1875,-49.8125,47.47
240.1875,-5.1875,-49.8125,47.47
240.1875,-5.1875,-49.8125,47.47
240.1875,-5.1875,-49.8125,47.47
240.1875,-5.1875,-49.8125,47.80
240.1875,-5.1875,-49.8125,47.80
240.1875,-5.1875,-49.8125,47.80
240.1875,-5.1875,-49.8125,47.80
240.1875,-5.1875,-49.8125,47.80
240.1875,-5.1875,-49.8125,47.80
240.1875,-5.1875,-49.8125,47.80
240.1875,-5.1875,-49.8125,47.80
240.1875,-5.1875,-49.8125,47.80
240.1875,-5.1875,-49.8125,47.80
240.1875,-5.1875,-49.8125,47.80
240.1875,-5.1875,-49.8125,47.80
240.1875,-5.1875,-49.8125,47.80
240.1875,-5.1875,-49.8125,47.80
240.1875,-5.1875,-49.8125,47.80
240.1875,-5.1875,-49.8125,47.80
240.1875,-5.1875,-49.8125,48.14
240.1875,-5.1875,-49.8125,48.14
240.1875,-5.1875,-49.8125,48.14
240.1875,-5.1875,-49.8125,48.14
240.1875,-5.1875,-49.8125,48.14
240.1875,-5.1875,-49.8125,48.14
240.1875,-5.1875,-49.8125,48.14
240.1875,-5.1875,-49.8125,48.14
240.1875,-5.1875,-49.8125,48.14
240.1875,-5.1875,-49.8125,48.14
240.1875,-5.1875,-49.8125,48.14
240.1875,-5.1875,-49.8125,48.14
240.1875,-5.1875,-49.8125,48.14
240.1875,-5.1875,-49.8125,48.14
240.1875,-5.1875,-49.8125,48.14
240.1875,-5.1875,-49.8125,48.14
240.1875,-5.1875,-49.8125,48.14
240.1875,-5.1875,-49.8125,48.47
240.1875,-5.1875,-49.8125,48.47
240.1875,-5.1875,-49.8125,48.47
240.1875,-5.1875,-49.8125,48.47
240.1875,-5.1875,-49.8125,48.47
240.1875,-5.1875,-49.8125,48.47
240.1875,-5.1875,-49.8125,48.47
240.1875,-5.1875,-49.8125,48.47
240.1875,-5.1875,-49.8125,48.47
240.1875,-5.1875,-49.8125,48.47
240.1875,-5.1875,-49.8125,48.47
240.1875,-5.1875,-49.8125,48.47
240.1875,-5.1875,-49.8125,48.47
240.1875,-5.1875,-49.8125,48.47
240.1875,-5.1875,-49.8125,48.47
240.1875,-5.1875,-49.8125,48.47
240.1875,-5.1875,-49.8125,48.47
240.1875,-5.25,-49.8125,48.80
240.1875,-5.25,-49.8125,48.80
240.1875,-5.25,-49.8125,48.80
240.1875,-5.25,-49.8125,48.80
240.1875,-5.25,-49.8125,48.80
240.1875,-5.25,-49.8125,48.80
240.1875,-5.25,-49.8125,48.80
240.1875,-5.25,-49.8125,48.80
240.1875,-5.25,-49.8125,48.80
240.1875,-5.25,-49.8125,48.80
240.1875,-5.25,-49.8125,48.80
240.1875,-5.25,-49.8125,48.80
240.1875,-5.25,-49.8125,48.80
240.1875,-5.25,-49.8125,48.80
240.1875,-5.25,-49.8125,48.80
240.1875,-5.25,-49.8125,48.80
240.1875,-5.25,-49.8125,49.14
240.1875,-5.25,-49.8125,49.14
240.1875,-5.25,-49.8125,49.14
240.1875,-5.25,-49.8125,49.14
240.1875,-5.25,-49.8125,49.14
240.1875,-5.25,-49.8125,49.14
240.1875,-5.25,-49.8125,49.14
240.1875,-5.25,-49.8125,49.14
240.1875,-5.25,-49.8125,49.14
240.1875,-5.25,-49.8125,49.14
240.1875,-5.25,-49.8125,49.14
240.1875,-5.25,-49.8125,49.14
240.1875,-5.25,-49.8125,49.14
240.1875,-5.25,-49.8125,49.14
240.1875,-5.25,-49.8125,49.14
240.1875,-5.25,-49.8125,49.14
240.1875,-5.25,-49.8125,49.14
240.1875,-5.25,-49.8125,49.47
240.1875,-5.25,-49.8125,49.47
240.1875,-5.25,-49.8125,49.47
240.1875,-5.25,-49.8125,49.47
240.1875,-5.25,-49.8125,49.47
240.1875,-5.25,-49.8125,49.47
240.1875,-5.25,-49.8125,49.47
240.1875,-5.25,-49.8125,49.47
240.1875,-5.25,-49.8125,49.47
240.1875,-5.25,-49.8125,49.47
240.1875,-5.25,-49.8125,49.47
240.1875,-5.25,-49.8125,49.47
240.1875,-5.25,-49.8125,49.47
240.1875,-5.25,-49.8125,49.47
240.1875,-5.25,-49.8125,49.47
240.1875,-5.25,-49.8125,49.47
240.1875,-5.25,-49.8125,49.47
240.1875,-5.25,-49.8125,49.80
240.1875,-5.25,-49.8125,49.80
240.1875,-5.25,-49.8125,49.80
240.1875,-5.25,-49.8125,49.80
240.1875,-5.25,-49.8125,49.80
240.1875,-5.25,-49.8125,49.80
240.1875,-5.25,-49.8125,49.80
240.1875,-5.25,-49.8125,49.80
240.1875,-5.25,-49.8125,49.80
240.1875,-5.25,-49.8125,49.80
240.1875,-5.25,-49.8125,49.80
240.1875,-5.25,-49.8125,49.80
240.1875,-5.25,-49.8125,49.80
240.1875,-5.25,-49.8125,49.80
240.1875,-5.25,-49.8125,49.80
240.1875,-5.25,-49.8125,49.80
240.1875,-5.25,-49.8125,50.14
240.1875,-5.25,-49.8125,50.14
240.1875,-5.25,-49.8125,50.14
240.1875,-5.25,-49.8125,50.14
240.1875,-5.25,-49.8125,50.14
240.1875,-5.25,-49.8125,50.14
240.1875,-5.25,-49.8125,50.14
240.1875,-5.25,-49.8125,50.14
240.1875,-5.25,-49.8125,50.14
240.1875,-5.25,-49.8125,50.14
240.1875,-5.25,-49.8125,50.14
240.1875,-5.25,-49.8125,50.14
240.1875,-5.25,-49.8125,50.14
240.1875,-5.25,-49.8125,50.14
240.1875,-5.25,-49.8125,50.14
240.1875,-5.25,-49.8125,50.14
240.1875,-5.25,-49.8125,50.14
240.1875,-5.25,-49.8125,50.47
240.1875,-5.25,-49.8125,50.47
240.1875,-5.25,-49.8125,50.47
240.1875,-5.25,-49.8125,50.47
240.1875,-5.25,-49.8125,50.47
240.1875,-5.25,-49.8125,50.47
240.1875,-5.25,-49.8125,50.47
240.1875,-5.25,-49.8125,50.47
240.1875,-5.25,-49.8125,50.47
240.1875,-5.25,-49.8125,50.47
240.1875,-5.25,-49.8125,50.47
240.1875,-5.25,-49.8125,50.47
240.1875,-5.25,-49.8125,50.47
240.1875,-5.25,-49.8125,50.47
240.1875,-5.25,-49.8125,50.47
240.1875,-5.25,-49.8125,50.47
240.1875,-5.25,-49.8125,50.47
240.1875,-5.25,-49.8125,50.80
240.1875,-5.25,-49.8125,50.80
240.1875,-5.25,-49.8125,50.80
240.1875,-5.25,-49.8125,50.80
240.1875,-5.25,-49.8125,50.80
240.1875,-5.25,-49.8125,50.80
240.1875,-5.25,-49.8125,50.80
240.1875,-5.25,-49.8125,50.80
240.1875,-5.25,-49.8125,50.80
240.1875,-5.25,-49.8125,50.80
240.1875,-5.25,-49.8125,50.80
240.1875,-5.25,-49.8125,50.80
240.1875,-5.25,-49.8125,50.80
240.1875,-5.25,-49.8125,50.80
240.1875,-5.25,-49.8125,50.80
240.1875,-5.25,-49.8125,50.80
240.1875,-5.1875,-49.8125,51.14
240.1875,-5.1875,-49.8125,51.14
240.1875,-5.1875,-49.8125,51.14
240.1875,-5.1875,-49.8125,51.14
240.1875,-5.1875,-49.8125,51.14
240.1875,-5.1875,-49.8125,51.14
240.1875,-5.1875,-49.8125,51.14
240.1875,-5.1875,-49.8125,51.14
240.1875,-5.1875,-49.8125,51.14
240.1875,-5.1875,-49.8125,51.14
240.1875,-5.1875,-49.8125,51.14
240.1875,-5.1875,-49.8125,51.14
240.1875,-5.1875,-49.8125,51.14
240.1875,-5.1875,-49.8125,51.14
240.1875,-5.1875,-49.8125,51.14
240.1875,-5.1875,-49.8125,51.14
240.1875,-5.1875,-49.8125,51.14
240.1875,-5.1875,-49.8125,51.47
240.1875,-5.1875,-49.8125,51.47
240.1875,-5.1875,-49.8125,51.47
240.1875,-5.1875,-49.8125,51.47
240.1875,-5.1875,-49.8125,51.47
240.1875,-5.1875,-49.8125,51.47
240.1875,-5.1875,-49.8125,51.47
240.1875,-5.1875,-49.8125,51.47
240.1875,-5.1875,-49.8125,51.47
240.1875,-5.1875,-49.8125,51.47
240.1875,-5.1875,-49.8125,51.47
240.1875,-5.1875,-49.8125,51.47
240.1875,-5.1875,-49.8125,51.47
240.1875,-5.1875,-49.8125,51.47
240.1875,-5.1875,-49.8125,51.47
240.1875,-5.1875,-49.8125,51.47
240.1875,-5.1875,-49.8125,51.47
240.1875,-5.1875,-49.8125,51.80
240.1875,-5.1875,-49.8125,51.80
240.1875,-5.1875,-49.8125,51.80
240.1875,-5.1875,-49.8125,51.80
240.1875,-5.1875,-49.8125,51.80
240.1875,-5.1875,-49.8125,51.80
240.1875,-5.1875,-49.8125,51.80
240.1875,-5.1875,-49.8125,51.80
240.1875,-5.1875,-49.8125,51.80
240.1875,-5.1875,-49.8125,51.80
240.1875,-5.1875,-49.8125,51.80
240.1875,-5.1875,-49.8125,51.80
240.1875,-5.1875,-49.8125,51.80
240.1875,-5.1875,-49.8125,51.80
240.1875,-5.1875,-49.8125,51.80
240.1875,-5.1875,-49.8125,51.80
240.1875,-5.1875,-49.8125,52.14
240.1875,-5.1875,-49.8125,52.14
240.1875,-5.1875,-49.8125,52.14
240.1875,-5.1875,-49.8125,52.14
240.1875,-5.1875,-49.8125,52.14
240.1875,-5.1875,-49.8125,52.14
240.1875,-5.1875,-49.8125,52.14
240.1875,-5.1875,-49.8125,52.14
240.1875,-5.1875,-49.8125,52.14
240.1875,-5.1875,-49.8125,52.14
240.1875,-5.1875,-49.8125,52.14
240.1875,-5.1875,-49.8125,52.14
240.1875,-5.1875,-49.8125,52.14
240.1875,-5.1875,-49.8125,52.14
240.1875,-5.1875,-49.8125,52.14
240.1875,-5.1875,-49.8125,52.14
240.1875,-5.1875,-49.8125,52.14
240.1875,-5.1875,-49.8125,52.47
240.1875,-5.1875,-49.8125,52.47
240.1875,-5.1875,-49.8125,52.47
240.1875,-5.1875,-49.8125,52.47
240.1875,-5.1875,-49.8125,52.47
240.1875,-5.1875,-49.8125,52.47
240.1875,-5.1875,-49.8125,52.47
240.1875,-5.1875,-49.8125,52.47
240.1875,-5.1875,-49.8125,52.47
240.1875,-5.1875,-49.8125,52.47
240.1875,-5.1875,-49.8125,52.47
240.1875,-5.1875,-49.8125,52.47
240.1875,-5.1875,-49.8125,52.47
240.1875,-5.1875,-49.8125,52.47
240.1875,-5.1875,-49.8125,52.47
240.1875,-5.1875,-49.8125,52.47
240.1875,-5.1875,-49.8125,52.47
240.1875,-5.1875,-49.8125,52.80
240.1875,-5.1875,-49.8125,52.80
240.1875,-5.1875,-49.8125,52.80
240.1875,-5.1875,-49.8125,52.80
240.1875,-5.1875,-49.8125,52.80
240.1875,-5.1875,-49.8125,52.80
240.1875,-5.1875,-49.8125,52.80
240.1875,-5.1875,-49.8125,52.80
240.1875,-5.1875,-49.8125,52.80
240.1875,-5.1875,-49.8125,52.80
240.1875,-5.1875,-49.8125,52.80
240.1875,-5.1875,-49.8125,52.80
240.1875,-5.1875,-49.8125,52.80
240.1875,-5.1875,-49.8125,52.80
240.1875,-5.1875,-49.8125,52.80
240.1875,-5.1875,-49.8125,52.80
240.1875,-5.1875,-49.8125,53.14
240.1875,-5.1875,-49.8125,53.14
240.1875,-5.1875,-49.8125,53.14
240.1875,-5.1875,-49.8125,53.14
240.1875,-5.1875,-49.8125,53.14
240.1875,-5.1875,-49.8125,53.14
240.1875,-5.1875,-49.8125,53.14
240.1875,-5.1875,-49.8125,53.14
240.1875,-5.1875,-49.8125,53.14
240.1875,-5.1875,-49.8125,53.14
240.1875,-5.1875,-49.8125,53.14
240.1875,-5.1875,-49.8125,53.14
240.1875,-5.1875,-49.8125,53.14
240.1875,-5.1875,-49.8125,53.14
240.1875,-5.1875,-49.8125,53.14
240.1875,-5.1875,-49.8125,53.14
240.1875,-5.1875,-49.8125,53.14
240.1875,-5.1875,-49.8125,53.47
240.1875,-5.1875,-49.8125,53.47
240.1875,-5.1875,-49.8125,53.47
240.1875,-5.1875,-49.8125,53.47
240.1875,-5.1875,-49.8125,53.47
240.1875,-5.1875,-49.8125,53.47
240.1875,-5.1875,-49.8125,53.47
240.1875,-5.1875,-49.8125,53.47
240.1875,-5.1875,-49.8125,53.47
240.1875,-5.1875,-49.8125,53.47
240.1875,-5.1875,-49.8125,53.47
240.1875,-5.1875,-49.8125,53.47
240.1875,-5.1875,-49.8125,53.47
240.1875,-5.1875,-49.8125,53.47
240.1875,-5.1875,-49.8125,53.47
240.1875,-5.1875,-49.8125,53.47
240.1875,-5.1875,-49.8125,53.47
240.1875,-5.1875,-49.8125,53.80
240.1875,-5.1875,-49.8125,53.80
240.1875,-5.1875,-49.8125,53.80
240.1875,-5.1875,-49.8125,53.80
240.1875,-5.1875,-49.8125,53.80
240.1875,-5.1875,-49.8125,53.80
240.1875,-5.1875,-49.8125,53.80
240.1875,-5.1875,-49.8125,53.80
240.1875,-5.1875,-49.8125,53.80
240.1875,-5.1875,-49.8125,53.80
240.1875,-5.1875,-49.8125,53.80
240.1875,-5.1875,-49.8125,53.80
240.1875,-5.1875,-49.8125,53.80
240.1875,-5.1875,-49.8125,53.80
240.1875,-5.1875,-49.8125,53.80
240.1875,-5.1875,-49.8125,53.80
240.1875,-5.1875,-49.8125,54.14
240.1875,-5.1875,-49.8125,54.14
240.1875,-5.1875,-49.8125,54.14
240.1875,-5.1875,-49.8125,54.14
240.1875,-5.1875,-49.8125,54.14
240.1875,-5.1875,-49.8125,54.14
240.1875,-5.1875,-49.8125,54.14
240.1875,-5.1875,-49.8125,54.14
240.1875,-5.1875,-49.8125,54.14
240.1875,-5.1875,-49.8125,54.14
240.1875,-5.1875,-49.8125,54.14
240.1875,-5.1875,-49.8125,54.14
240.1875,-5.1875,-49.8125,54.14
240.1875,-5.1875,-49.8125,54.14
240.1875,-5.1875,-49.8125,54.14
240.1875,-5.1875,-49.8125,54.14
240.1875,-5.1875,-49.8125,54.14
240.1875,-5.1875,-49.8125,54.47
240.1875,-5.1875,-49.8125,54.47
240.1875,-5.1875,-49.8125,54.47
240.1875,-5.1875,-49.8125,54.47
240.1875,-5.1875,-49.8125,54.47
240.1875,-5.1875,-49.8125,54.47
240.1875,-5.1875,-49.8125,54.47
240.1875,-5.1875,-49.8125,54.47
240.1875,-5.1875,-49.8125,54.47
240.1875,-5.1875,-49.8125,54.47
240.1875,-5.1875,-49.8125,54.47
240.1875,-5.1875,-49.8125,54.47
240.1875,-5.1875,-49.8125,54.47
240.1875,-5.1875,-49.8125,54.47
240.1875,-5.1875,-49.8125,54.47
240.1875,-5.1875,-49.8125,54.47
240.1875,-5.1875,-49.8125,54.47
240.1875,-5.1875,-49.8125,54.80
240.1875,-5.1875,-49.8125,54.80
240.1875,-5.1875,-49.8125,54.80
240.1875,-5.1875,-49.8125,54.80
240.1875,-5.1875,-49.8125,54.80
240.1875,-5.1875,-49.8125,54.80
240.1875,-5.1875,-49.8125,54.80
240.1875,-5.1875,-49.8125,54.80
240.1875,-5.1875,-49.8125,54.80
240.1875,-5.1875,-49.8125,54.80
240.1875,-5.1875,-49.8125,54.80
240.1875,-5.1875,-49.8125,54.80
240.1875,-5.1875,-49.8125,54.80
240.1875,-5.1875,-49.8125,54.80
240.1875,-5.1875,-49.8125,54.80
240.1875,-5.1875,-49.8125,54.80
240.1875,-5.1875,-49.75,55.14
240.1875,-5.1875,-49.75,55.14
240.1875,-5.1875,-49.75,55.14
240.1875,-5.1875,-49.75,55.14
240.1875,-5.1875,-49.75,55.14
240.1875,-5.1875,-49.75,55.14
240.1875,-5.1875,-49.75,55.14
240.1875,-5.1875,-49.75,55.14
240.1875,-5.1875,-49.75,55.14
240.1875,-5.1875,-49.75,55.14
240.1875,-5.1875,-49.75,55.14
240.1875,-5.1875,-49.75,55.14
240.1875,-5.1875,-49.75,55.14
240.1875,-5.1875,-49.75,55.14
240.1875,-5.1875,-49.75,55.14
240.1875,-5.1875,-49.75,55.14
240.1875,-5.1875,-49.75,55.14
240.1875,-5.1875,-49.75,55.47
240.1875,-5.1875,-49.75,55.47
240.1875,-5.1875,-49.75,55.47
240.1875,-5.1875,-49.75,55.47
240.1875,-5.1875,-49.75,55.47
240.1875,-5.1875,-49.75,55.47
240.1875,-5.1875,-49.75,55.47
240.1875,-5.1875,-49.75,55.47
240.1875,-5.1875,-49.75,55.47
240.1875,-5.1875,-49.75,55.47
240.1875,-5.1875,-49.75,55.47
240.1875,-5.1875,-49.75,55.47
240.1875,-5.1875,-49.75,55.47
240.1875,-5.1875,-49.75,55.47
240.1875,-5.1875,-49.75,55.47
240.1875,-5.1875,-49.75,55.47
240.1875,-5.1875,-49.75,55.47
240.1875,-5.1875,-49.75,55.80
240.1875,-5.1875,-49.75,55.80
240.1875,-5.1875,-49.75,55.80
240.1875,-5.1875,-49.75,55.80
240.1875,-5.1875,-49.75,55.80
240.1875,-5.1875,-49.75,55.80
240.1875,-5.1875,-49.75,55.80
240.1875,-5.1875,-49.75,55.80
240.1875,-5.1875,-49.75,55.80
240.1875,-5.1875,-49.75,55.80
240.1875,-5.1875,-49.75,55.80
240.1875,-5.1875,-49.75,55.80
240.1875,-5.1875,-49.75,55.80
240.1875,-5.1875,-49.75,55.80
240.1875,-5.1875,-49.75,55.80
240.1875,-5.1875,-49.75,55.80
240.1875,-5.1875,-49.75,56.14
240.1875,-5.1875,-49.75,56.14
240.1875,-5.1875,-49.75,56.14
240.1875,-5.1875,-49.75,56.14
240.1875,-5.1875,-49.75,56.14
240.1875,-5.1875,-49.75,56.14
240.1875,-5.1875,-49.75,56.14
240.1875,-5.1875,-49.75,56.14
240.1875,-5.1875,-49.75,56.14
240.1875,-5.1875,-49.75,56.14
240.1875,-5.1875,-49.75,56.14
240.1875,-5.1875,-49.75,56.14
240.1875,-5.1875,-49.75,56.14
240.1875,-5.1875,-49.75,56.14
240.1875,-5.1875,-49.75,56.14
240.1875,-5.1875,-49.75,56.14
240.1875,-5.1875,-49.75,56.14
240.1875,-5.1875,-49.75,56.47
240.1875,-5.1875,-49.75,56.47
240.1875,-5.1875,-49.75,56.47
240.1875,-5.1875,-49.75,56.47
240.1875,-5.1875,-49.75,56.47
240.1875,-5.1875,-49.75,56.47
240.1875,-5.1875,-49.75,56.47
240.1875,-5.1875,-49.75,56.47
240.1875,-5.1875,-49.75,56.47
240.1875,-5.1875,-49.75,56.47
240.1875,-5.1875,-49.75,56.47
240.1875,-5.1875,-49.75,56.47
240.1875,-5.1875,-49.75,56.47
240.1875,-5.1875,-49.75,56.47
240.1875,-5.1875,-49.75,56.47
240.1875,-5.1875,-49.75,56.47
240.1875,-5.1875,-49.75,56.47
240.1875,-5.1875,-49.75,56.80
240.1875,-5.1875,-49.75,56.80
240.1875,-5.1875,-49.75,56.80
240.1875,-5.1875,-49.75,56.80
240.1875,-5.1875,-49.75,56.80
240.1875,-5.1875,-49.75,56.80
240.1875,-5.1875,-49.75,56.80
240.1875,-5.1875,-49.75,56.80
240.1875,-5.1875,-49.75,56.80
240.1875,-5.1875,-49.75,56.80
240.1875,-5.1875,-49.75,56.80
240.1875,-5.1875,-49.75,56.80
240.1875,-5.1875,-49.75,56.80
240.1875,-5.1875,-49.75,56.80
240.1875,-5.1875,-49.75,56.80
240.1875,-5.1875,-49.75,56.80
240.1875,-5.1875,-49.6875,57.14
240.1875,-5.1875,-49.6875,57.14
240.1875,-5.1875,-49.6875,57.14
240.1875,-5.1875,-49.6875,57.14
240.1875,-5.1875,-49.6875,57.14
240.1875,-5.1875,-49.6875,57.14
240.1875,-5.1875,-49.6875,57.14
240.1875,-5.1875,-49.6875,57.14
240.1875,-5.1875,-49.6875,57.14
240.1875,-5.1875,-49.6875,57.14
240.1875,-5.1875,-49.6875,57.14
240.1875,-5.1875,-49.6875,57.14
240.1875,-5.1875,-49.6875,57.14
240.1875,-5.1875,-49.6875,57.14
240.1875,-5.1875,-49.6875,57.14
240.1875,-5.1875,-49.6875,57.14
240.1875,-5.1875,-49.6875,57.14
240.1875,-5.1875,-49.6875,57.47
240.1875,-5.1875,-49.6875,57.47
240.1875,-5.1875,-49.6875,57.47
240.1875,-5.1875,-49.6875,57.47
240.1875,-5.1875,-49.6875,57.47
240.1875,-5.1875,-49.6875,57.47
240.1875,-5.1875,-49.6875,57.47
240.1875,-5.1875,-49.6875,57.47
240.1875,-5.1875,-49.6875,57.47
240.1875,-5.1875,-49.6875,57.47
240.1875,-5.1875,-49.6875,57.47
240.1875,-5.1875,-49.6875,57.47
240.1875,-5.1875,-49.6875,57.47
240.1875,-5.1875,-49.6875,57.47
240.1875,-5.1875,-49.6875,57.47
240.1875,-5.1875,-49.6875,57.47
240.1875,-5.1875,-49.6875,57.47
240.1875,-5.1875,-49.6875,57.80
240.1875,-5.1875,-49.6875,57.80
240.1875,-5.1875,-49.6875,57.80
240.1875,-5.1875,-49.6875,57.80
240.1875,-5.1875,-49.6875,57.80
240.1875,-5.1875,-49.6875,57.80
240.1875,-5.1875,-49.6875,57.80
240.1875,-5.1875,-49.6875,57.80
240.1875,-5.1875,-49.6875,57.80
240.1875,-5.1875,-49.6875,57.80
240.1875,-5.1875,-49.6875,57.80
240.1875,-5.1875,-49.6875,57.80
240.1875,-5.1875,-49.6875,57.80
240.1875,-5.1875,-49.6875,57.80
240.1875,-5.1875,-49.6875,57.80
240.1875,-5.1875,-49.6875,57.80
240.1875,-5.1875,-49.6875,58.14
240.1875,-5.1875,-49.6875,58.14
240.1875,-5.1875,-49.6875,58.14
240.1875,-5.1875,-49.6875,58.14
240.1875,-5.1875,-49.6875,58.14
240.1875,-5.1875,-49.6875,58.14
240.1875,-5.1875,-49.6875,58.14
240.1875,-5.1875,-49.6875,58.14
240.1875,-5.1875,-49.6875,58.14
240.1875,-5.1875,-49.6875,58.14
240.1875,-5.1875,-49.6875,58.14
240.1875,-5.1875,-49.6875,58.14
240.1875,-5.1875,-49.6875,58.14
240.1875,-5.1875,-49.6875,58.14
240.1875,-5.1875,-49.6875,58.14
240.1875,-5.1875,-49.6875,58.14
240.1875,-5.1875,-49.6875,58.14
240.1875,-5.1875,-49.6875,58.47
240.1875,-5.1875,-49.6875,58.47
240.1875,-5.1875,-49.6875,58.47
240.1875,-5.1875,-49.6875,58.47
240.1875,-5.1875,-49.6875,58.47
240.1875,-5.1875,-49.6875,58.47
240.1875,-5.1875,-49.6875,58.47
240.1875,-5.1875,-49.6875,58.47
240.1875,-5.1875,-49.6875,58.47
240.1875,-5.1875,-49.6875,58.47
240.1875,-5.1875,-49.6875,58.47
240.1875,-5.1875,-49.6875,58.47
240.1875,-5.1875,-49.6875,58.47
240.1875,-5.1875,-49.6875,58.47
240.1875,-5.1875,-49.6875,58.47
240.1875,-5.1875,-49.6875,58.47
240.1875,-5.1875,-49.6875,58.47
240.1875,-5.1875,-49.6875,58.80
240.1875,-5.1875,-49.6875,58.80
240.1875,-5.1875,-49.6875,58.80
240.1875,-5.1875,-49.6875,58.80
240.1875,-5.1875,-49.6875,58.80
240.1875,-5.1875,-49.6875,58.80
240.1875,-5.1875,-49.6875,58.80
240.1875,-5.1875,-49.6875,58.80
240.1875,-5.1875,-49.6875,58.80
240.1875,-5.1875,-49.6875,58.80
240.1875,-5.1875,-49.6875,58.80
240.1875,-5.1875,-49.6875,58.80
240.1875,-5.1875,-49.6875,58.80
240.1875,-5.1875,-49.6875,58.80
240.1875,-5.1875,-49.6875,58.80
240.1875,-5.1875,-49.6875,58.80
240.1875,-5.1875,-49.6875,59.14
240.1875,-5.1875,-49.6875,59.14
240.1875,-5.1875,-49.6875,59.14
240.1875,-5.1875,-49.6875,59.14
240.1875,-5.1875,-49.6875,59.14
240.1875,-5.1875,-49.6875,59.14
240.1875,-5.1875,-49.6875,59.14
240.1875,-5.1875,-49.6875,59.14
240.1875,-5.1875,-49.6875,59.14
240.1875,-5.1875,-49.6875,59.14
240.1875,-5.1875,-49.6875,59.14
240.1875,-5.1875,-49.6875,59.14
240.1875,-5.1875,-49.6875,59.14
240.1875,-5.1875,-49.6875,59.14
240.1875,-5.1875,-49.6875,59.14
240.1875,-5.1875,-49.6875,59.14
240.1875,-5.1875,-49.6875,59.14
240.1875,-5.1875,-49.6875,59.47
240.1875,-5.1875,-49.6875,59.47
240.1875,-5.1875,-49.6875,59.47
240.1875,-5.1875,-49.6875,59.47
240.1875,-5.1875,-49.6875,59.47
240.1875,-5.1875,-49.6875,59.47
240.1875,-5.1875,-49.6875,59.47
240.1875,-5.1875,-49.6875,59.47
240.1875,-5.1875,-49.6875,59.47
240.1875,-5.1875,-49.6875,59.47
240.1875,-5.1875,-49.6875,59.47
240.1875,-5.1875,-49.6875,59.47
240.1875,-5.1875,-49.6875,59.47
240.1875,-5.1875,-49.6875,59.47
240.1875,-5.1875,-49.6875,59.47
240.1875,-5.1875,-49.6875,59.47
240.1875,-5.1875,-49.6875,59.47
240.1875,-5.1875,-49.6875,59.80
240.1875,-5.1875,-49.6875,59.80
240.1875,-5.1875,-49.6875,59.80
240.1875,-5.1875,-49.6875,59.80
240.1875,-5.1875,-49.6875,59.80
240.1875,-5.1875,-49.6875,59.80
240.1875,-5.1875,-49.6875,59.80
240.1875,-5.1875,-49.6875,59.80
240.1875,-5.1875,-49.6875,59.80
240.1875,-5.1875,-49.6875,59.80
240.1875,-5.1875,-49.6875,59.80
240.1875,-5.1875,-49.6875,59.80
240.1875,-5.1875,-49.6875,59.80
240.1875,-5.1875,-49.6875,59.80
240.1875,-5.1875,-49.6875,59.80
240.1875,-5.1875,-49.6875,59.80
240.1875,-5.1875,-49.625,60.14
240.1875,-5.1875,-49.625,60.14
240.1875,-5.1875,-49.625,60.14
240.1875,-5.1875,-49.625,60.14
240.1875,-5.1875,-49.625,60.14
240.1875,-5.1875,-49.625,60.14
240.1875,-5.1875,-49.625,60.14
240.1875,-5.1875,-49.625,60.14
240.1875,-5.1875,-49.625,60.14
240.1875,-5.1875,-49.625,60.14
240.1875,-5.1875,-49.625,60.14
240.1875,-5.1875,-49.625,60.14
240.1875,-5.1875,-49.625,60.14
240.1875,-5.1875,-49.625,60.14
240.1875,-5.1875,-49.625,60.14
240.1875,-5.1875,-49.625,60.14
240.1875,-5.1875,-49.625,60.14
240.1875,-5.1875,-49.625,60.47
240.1875,-5.1875,-49.625,60.47
240.1875,-5.1875,-49.625,60.47
240.1875,-5.1875,-49.625,60.47
240.1875,-5.1875,-49.625,60.47
240.1875,-5.1875,-49.625,60.47
240.1875,-5.1875,-49.625,60.47
240.1875,-5.1875,-49.625,60.47
240.1875,-5.1875,-49.625,60.47
240.1875,-5.1875,-49.625,60.47
240.1875,-5.1875,-49.625,60.47
240.1875,-5.1875,-49.625,60.47
240.1875,-5.1875,-49.625,60.47
240.1875,-5.1875,-49.625,60.47
240.1875,-5.1875,-49.625,60.47
240.1875,-5.1875,-49.625,60.47
240.1875,-5.1875,-49.625,60.47
240.1875,-5.1875,-49.625,60.80
240.1875,-5.1875,-49.625,60.80
240.1875,-5.1875,-49.625,60.80
240.1875,-5.1875,-49.625,60.80
240.1875,-5.1875,-49.625,60.80
240.1875,-5.1875,-49.625,60.80
240.1875,-5.1875,-49.625,60.80
240.1875,-5.1875,-49.625,60.80
240.1875,-5.1875,-49.625,60.80
240.1875,-5.1875,-49.625,60.80
240.1875,-5.1875,-49.625,60.80
240.1875,-5.1875,-49.625,60.80
240.1875,-5.1875,-49.625,60.80
240.1875,-5.1875,-49.625,60.80
240.1875,-5.1875,-49.625,60.80
240.1875,-5.1875,-49.625,60.80
240.1875,-5.1875,-49.625,61.14
240.1875,-5.1875,-49.625,61.14
240.1875,-5.1875,-49.625,61.14
240.1875,-5.1875,-49.625,61.14
240.1875,-5.1875,-49.625,61.14
240.1875,-5.1875,-49.625,61.14
240.1875,-5.1875,-49.625,61.14
240.1875,-5.1875,-49.625,61.14
240.1875,-5.1875,-49.625,61.14
240.1875,-5.1875,-49.625,61.14
240.1875,-5.1875,-49.625,61.14
240.1875,-5.1875,-49.625,61.14
240.1875,-5.1875,-49.625,61.14
240.1875,-5.1875,-49.625,61.14
240.1875,-5.1875,-49.625,61.14
240.1875,-5.1875,-49.625,61.14
240.1875,-5.1875,-49.625,61.14
240.1875,-5.1875,-49.625,61.47
240.1875,-5.1875,-49.625,61.47
240.1875,-5.1875,-49.625,61.47
240.1875,-5.1875,-49.625,61.47
240.1875,-5.1875,-49.625,61.47
240.1875,-5.1875,-49.625,61.47
240.1875,-5.1875,-49.625,61.47
240.1875,-5.1875,-49.625,61.47
240.1875,-5.1875,-49.625,61.47
240.1875,-5.1875,-49.625,61.47
240.1875,-5.1875,-49.625,61.47
240.1875,-5.1875,-49.625,61.47
240.1875,-5.1875,-49.625,61.47
240.1875,-5.1875,-49.625,61.47
240.1875,-5.1875,-49.625,61.47
240.1875,-5.1875,-49.625,61.47
240.1875,-5.1875,-49.625,61.47
240.1875,-5.1875,-49.625,61.80
240.1875,-5.1875,-49.625,61.80
240.1875,-5.1875,-49.625,61.80
240.1875,-5.1875,-49.625,61.80
240.1875,-5.1875,-49.625,61.80
240.1875,-5.1875,-49.625,61.80
240.1875,-5.1875,-49.625,61.80
240.1875,-5.1875,-49.625,61.80
240.1875,-5.1875,-49.625,61.80
240.1875,-5.1875,-49.625,61.80
240.1875,-5.1875,-49.625,61.80
240.1875,-5.1875,-49.625,61.80
240.1875,-5.1875,-49.625,61.80
240.1875,-5.1875,-49.625,61.80
240.1875,-5.1875,-49.625,61.80
240.1875,-5.1875,-49.625,61.80
240.1875,-5.1875,-49.5625,62.14
240.1875,-5.1875,-49.5625,62.14
240.1875,-5.1875,-49.5625,62.14
240.1875,-5.1875,-49.5625,62.14
240.1875,-5.1875,-49.5625,62.14
240.1875,-5.1875,-49.5625,62.14
240.1875,-5.1875,-49.5625,62.14
240.1875,-5.1875,-49.5625,62.14
240.1875,-5.1875,-49.5625,62.14
240.1875,-5.1875,-49.5625,62.14
240.1875,-5.1875,-49.5625,62.14
240.1875,-5.1875,-49.5625,62.14
240.1875,-5.1875,-49.5625,62.14
240.1875,-5.1875,-49.5625,62.14
240.1875,-5.1875,-49.5625,62.14
240.1875,-5.1875,-49.5625,62.14
240.1875,-5.1875,-49.5625,62.14
240.1875,-5.1875,-49.5625,62.47
240.1875,-5.1875,-49.5625,62.47
240.1875,-5.1875,-49.5625,62.47
240.1875,-5.1875,-49.5625,62.47
240.1875,-5.1875,-49.5625,62.47
240.1875,-5.1875,-49.5625,62.47
240.1875,-5.1875,-49.5625,62.47
240.1875,-5.1875,-49.5625,62.47
240.1875,-5.1875,-49.5625,62.47
240.1875,-5.1875,-49.5625,62.47
240.1875,-5.1875,-49.5625,62.47
240.1875,-5.1875,-49.5625,62.47
240.1875,-5.1875,-49.5625,62.47
240.1875,-5.1875,-49.5625,62.47
240.1875,-5.1875,-49.5625,62.47
240.1875,-5.1875,-49.5625,62.47
240.1875,-5.1875,-49.5625,62.47
240.1875,-5.1875,-49.5625,62.80
240.1875,-5.1875,-49.5625,62.80
240.1875,-5.1875,-49.5625,62.80
240.1875,-5.1875,-49.5625,62.80
240.1875,-5.1875,-49.5625,62.80
240.1875,-5.1875,-49.5625,62.80
240.1875,-5.1875,-49.5625,62.80
240.1875,-5.1875,-49.5625,62.80
240.1875,-5.1875,-49.5625,62.80
240.1875,-5.1875,-49.5625,62.80
240.1875,-5.1875,-49.5625,62.80
240.1875,-5.1875,-49.5625,62.80
240.1875,-5.1875,-49.5625,62.80
240.1875,-5.1875,-49.5625,62.80
240.1875,-5.1875,-49.5625,62.80
240.1875,-5.1875,-49.5625,62.80
240.1875,-5.1875,-49.5625,63.14
240.1875,-5.1875,-49.5625,63.14
240.1875,-5.1875,-49.5625,63.14
240.1875,-5.1875,-49.5625,63.14
240.1875,-5.1875,-49.5625,63.14
240.1875,-5.1875,-49.5625,63.14
240.1875,-5.1875,-49.5625,63.14
240.1875,-5.1875,-49.5625,63.14
240.1875,-5.1875,-49.5625,63.14
240.1875,-5.1875,-49.5625,63.14
240.1875,-5.1875,-49.5625,63.14
240.1875,-5.1875,-49.5625,63.14
240.1875,-5.1875,-49.5625,63.14
240.1875,-5.1875,-49.5625,63.14
240.1875,-5.1875,-49.5625,63.14
240.1875,-5.1875,-49.5625,63.14
240.1875,-5.1875,-49.5625,63.14
240.1875,-5.1875,-49.5625,63.47
240.1875,-5.1875,-49.5625,63.47
240.1875,-5.1875,-49.5625,63.47
240.1875,-5.1875,-49.5625,63.47
240.1875,-5.1875,-49.5625,63.47
240.1875,-5.1875,-49.5625,63.47
240.1875,-5.1875,-49.5625,63.47
240.1875,-5.1875,-49.5625,63.47
240.1875,-5.1875,-49.5625,63.47
240.1875,-5.1875,-49.5625,63.47
240.1875,-5.1875,-49.5625,63.47
240.1875,-5.1875,-49.5625,63.47
240.1875,-5.1875,-49.5625,63.47
240.1875,-5.1875,-49.5625,63.47
240.1875,-5.1875,-49.5625,63.47
240.1875,-5.1875,-49.5625,63.47
240.1875,-5.1875,-49.5625,63.47
240.1875,-5.1875,-49.5625,63.80
240.1875,-5.1875,-49.5625,63.80
240.1875,-5.1875,-49.5625,63.80
240.1875,-5.1875,-49.5625,63.80
240.1875,-5.1875,-49.5625,63.80
240.1875,-5.1875,-49.5625,63.80
240.1875,-5.1875,-49.5625,63.80
240.1875,-5.1875,-49.5625,63.80
240.1875,-5.1875,-49.5625,63.80
240.1875,-5.1875,-49.5625,63.80
240.1875,-5.1875,-49.5625,63.80
240.1875,-5.1875,-49.5625,63.80
240.1875,-5.1875,-49.5625,63.80
240.1875,-5.1875,-49.5625,63.80
240.1875,-5.1875,-49.5625,63.80
240.1875,-5.1875,-49.5625,63.80
240.1875,-5.1875,-49.5625,64.14
240.1875,-5.1875,-49.5625,64.14
240.1875,-5.1875,-49.5625,64.14
240.1875,-5.1875,-49.5625,64.14
240.1875,-5.1875,-49.5625,64.14
240.1875,-5.1875,-49.5625,64.14
240.1875,-5.1875,-49.5625,64.14
240.1875,-5.1875,-49.5625,64.14
240.1875,-5.1875,-49.5625,64.14
240.1875,-5.1875,-49.5625,64.14
240.1875,-5.1875,-49.5625,64.14
240.1875,-5.1875,-49.5625,64.14
240.1875,-5.1875,-49.5625,64.14
240.1875,-5.1875,-49.5625,64.14
240.1875,-5.1875,-49.5625,64.14
240.1875,-5.1875,-49.5625,64.14
240.1875,-5.1875,-49.5625,64.14
240.1875,-5.1875,-49.5625,64.47
240.1875,-5.1875,-49.5625,64.47
240.1875,-5.1875,-49.5625,64.47
240.1875,-5.1875,-49.5625,64.47
240.1875,-5.1875,-49.5625,64.47
240.1875,-5.1875,-49.5625,64.47
240.1875,-5.1875,-49.5625,64.47
240.1875,-5.1875,-49.5625,64.47
240.1875,-5.1875,-49.5625,64.47
240.1875,-5.1875,-49.5625,64.47
240.1875,-5.1875,-49.5625,64.47
240.1875,-5.1875,-49.5625,64.47
240.1875,-5.1875,-49.5625,64.47
240.1875,-5.1875,-49.5625,64.47
240.1875,-5.1875,-49.5625,64.47
240.1875,-5.1875,-49.5625,64.47
240.1875,-5.1875,-49.5625,64.47
240.1875,-5.1875,-49.5625,64.80
240.1875,-5.1875,-49.5625,64.80
240.1875,-5.1875,-49.5625,64.80
240.1875,-5.1875,-49.5625,64.80
240.1875,-5.1875,-49.5625,64.80
240.1875,-5.1875,-49.5625,64.80
240.1875,-5.1875,-49.5625,64.80
240.1875,-5.1875,-49.5625,64.80
240.1875,-5.1875,-49.5625,64.80
240.1875,-5.1875,-49.5625,64.80
240.1875,-5.1875,-49.5625,64.80
240.1875,-5.1875,-49.5625,64.80
240.1875,-5.1875,-49.5625,64.80
240.1875,-5.1875,-49.5625,64.80
240.1875,-5.1875,-49.5625,64.80
240.1875,-5.1875,-49.5625,64.80
240.1875,-5.1875,-49.5625,65.14
240.1875,-5.1875,-49.5625,65.14
240.1875,-5.1875,-49.5625,65.14
240.1875,-5.1875,-49.5625,65.14
240.1875,-5.1875,-49.5625,65.14
240.1875,-5.1875,-49.5625,65.14
240.1875,-5.1875,-49.5625,65.14
240.1875,-5.1875,-49.5625,65.14
240.1875,-5.1875,-49.5625,65.14
240.1875,-5.1875,-49.5625,65.14
240.1875,-5.1875,-49.5625,65.14
240.1875,-5.1875,-49.5625,65.14
240.1875,-5.1875,-49.5625,65.14
240.1875,-5.1875,-49.5625,65.14
240.1875,-5.1875,-49.5625,65.14
240.1875,-5.1875,-49.5625,65.14
240.1875,-5.1875,-49.5625,65.14
240.1875,-5.1875,-49.5,65.47
240.1875,-5.1875,-49.5,65.47
240.1875,-5.1875,-49.5,65.47
240.1875,-5.1875,-49.5,65.47
240.1875,-5.1875,-49.5,65.47
240.1875,-5.1875,-49.5,65.47
240.1875,-5.1875,-49.5,65.47
240.1875,-5.1875,-49.5,65.47
240.1875,-5.1875,-49.5,65.47
240.1875,-5.1875,-49.5,65.47
240.1875,-5.1875,-49.5,65.47
240.1875,-5.1875,-49.5,65.47
240.1875,-5.1875,-49.5,65.47
240.1875,-5.1875,-49.5,65.47
240.1875,-5.1875,-49.5,65.47
240.1875,-5.1875,-49.5,65.47
240.1875,-5.1875,-49.5,65.47
240.1875,-5.1875,-49.5,65.80
240.1875,-5.1875,-49.5,65.80
240.1875,-5.1875,-49.5,65.80
240.1875,-5.1875,-49.5,65.80
240.1875,-5.1875,-49.5,65.80
240.1875,-5.1875,-49.5,65.80
240.1875,-5.1875,-49.5,65.80
240.1875,-5.1875,-49.5,65.80
240.1875,-5.1875,-49.5,65.80
240.1875,-5.1875,-49.5,65.80
240.1875,-5.1875,-49.5,65.80
240.1875,-5.1875,-49.5,65.80
240.1875,-5.1875,-49.5,65.80
240.1875,-5.1875,-49.5,65.80
240.1875,-5.1875,-49.5,65.80
240.1875,-5.1875,-49.5,65.80
240.5625,-5.5625,-50.1875,66.14
240.5625,-5.5625,-50.1875,66.14
240.5625,-5.5625,-50.1875,66.14
240.5625,-5.5625,-50.1875,66.14
240.5625,-5.5625,-50.1875,66.14
240.5625,-5.5625,-50.1875,66.14
240.5625,-5.5625,-50.1875,66.14
240.5625,-5.5625,-50.1875,66.14
240.5625,-5.5625,-50.1875,66.14
240.5625,-5.5625,-50.1875,66.14
240.5625,-5.5625,-50.1875,66.14
240.5625,-5.5625,-50.1875,66.14
240.5625,-5.5625,-50.1875,66.14
240.5625,-5.5625,-50.1875,66.14
240.5625,-5.5625,-50.1875,66.14
240.5625,-5.5625,-50.1875,66.14
240.5625,-5.5625,-50.1875,66.14
240.5625,-5.5625,-50.1875,66.47
240.5625,-5.5625,-50.1875,66.47
240.5625,-5.5625,-50.1875,66.47
240.5625,-5.5625,-50.1875,66.47
240.5625,-5.5625,-50.1875,66.47
240.5625,-5.5625,-50.1875,66.47
240.5625,-5.5625,-50.1875,66.47
240.5625,-5.5625,-50.1875,66.47
240.5625,-5.5625,-50.1875,66.47
240.5625,-5.5625,-50.1875,66.47
240.5625,-5.5625,-50.1875,66.47
240.5625,-5.5625,-50.1875,66.47
240.5625,-5.5625,-50.1875,66.47
240.5625,-5.5625,-50.1875,66.47
240.5625,-5.5625,-50.1875,66.47
240.5625,-5.5625,-50.1875,66.47
240.5625,-5.5625,-50.1875,66.47
240.5625,-5.5625,-50.1875,66.80
240.5625,-5.5625,-50.1875,66.80
240.5625,-5.5625,-50.1875,66.80
240.5625,-5.5625,-50.1875,66.80
240.5625,-5.5625,-50.1875,66.80
240.5625,-5.5625,-50.1875,66.80
240.5625,-5.5625,-50.1875,66.80
240.5625,-5.5625,-50.1875,66.80
240.5625,-5.5625,-50.1875,66.80
240.5625,-5.5625,-50.1875,66.80
240.5625,-5.5625,-50.1875,66.80
240.5625,-5.5625,-50.1875,66.80
240.5625,-5.5625,-50.1875,66.80
240.5625,-5.5625,-50.1875,66.80
240.5625,-5.5625,-50.1875,66.80
240.5625,-5.5625,-50.1875,66.80
240.5625,-5.5625,-50.1875,67.14
240.5625,-5.5625,-50.1875,67.14
240.5625,-5.5625,-50.1875,67.14
240.5625,-5.5625,-50.1875,67.14
240.5625,-5.5625,-50.1875,67.14
240.5625,-5.5625,-50.1875,67.14
240.5625,-5.5625,-50.1875,67.14
240.5625,-5.5625,-50.1875,67.14
240.5625,-5.5625,-50.1875,67.14
240.5625,-5.5625,-50.1875,67.14
240.5625,-5.5625,-50.1875,67.14
240.5625,-5.5625,-50.1875,67.14
240.5625,-5.5625,-50.1875,67.14
240.5625,-5.5625,-50.1875,67.14
240.5625,-5.5625,-50.1875,67.14
240.5625,-5.5625,-50.1875,67.14
240.5625,-5.5625,-50.1875,67.14
240.5625,-5.5625,-50.1875,67.47
240.5625,-5.5625,-50.1875,67.47
240.5625,-5.5625,-50.1875,67.47
240.5625,-5.5625,-50.1875,67.47
240.5625,-5.5625,-50.1875,67.47
240.5625,-5.5625,-50.1875,67.47
240.5625,-5.5625,-50.1875,67.47
240.5625,-5.5625,-50.1875,67.47
240.5625,-5.5625,-50.1875,67.47
240.5625,-5.5625,-50.1875,67.47
240.5625,-5.5625,-50.1875,67.47
240.5625,-5.5625,-50.1875,67.47
240.5625,-5.5625,-50.1875,67.47
240.5625,-5.5625,-50.1875,67.47
240.5625,-5.5625,-50.1875,67.47
240.5625,-5.5625,-50.1875,67.47
240.5625,-5.5625,-50.1875,67.47
240.5625,-5.5625,-50.1875,67.80
240.5625,-5.5625,-50.1875,67.80
240.5625,-5.5625,-50.1875,67.80
240.5625,-5.5625,-50.1875,67.80
240.5625,-5.5625,-50.1875,67.80
240.5625,-5.5625,-50.1875,67.80
240.5625,-5.5625,-50.1875,67.80
240.5625,-5.5625,-50.1875,67.80
240.5625,-5.5625,-50.1875,67.80
240.5625,-5.5625,-50.1875,67.80
240.5625,-5.5625,-50.1875,67.80
240.5625,-5.5625,-50.1875,67.80
240.5625,-5.5625,-50.1875,67.80
240.5625,-5.5625,-50.1875,67.80
240.5625,-5.5625,-50.1875,67.80
240.5625,-5.5625,-50.1875,67.80
240.5625,-5.5625,-50.1875,68.14
240.5625,-5.5625,-50.1875,68.14
240.5625,-5.5625,-50.1875,68.14
240.5625,-5.5625,-50.1875,68.14
240.5625,-5.5625,-50.1875,68.14
240.5625,-5.5625,-50.1875,68.14
240.5625,-5.5625,-50.1875,68.14
240.5625,-5.5625,-50.1875,68.14
240.5625,-5.5625,-50.1875,68.14
240.5625,-5.5625,-50.1875,68.14
240.5625,-5.5625,-50.1875,68.14
240.5625,-5.5625,-50.1875,68.14
240.5625,-5.5625,-50.1875,68.14
240.5625,-5.5625,-50.1875,68.14
240.5625,-5.5625,-50.1875,68.14
240.5625,-5.5625,-50.1875,68.14
240.5625,-5.5625,-50.1875,68.14
240.5625,-5.5625,-50.1875,68.47
240.5625,-5.5625,-50.1875,68.47
240.5625,-5.5625,-50.1875,68.47
240.5625,-5.5625,-50.1875,68.47
240.5625,-5.5625,-50.1875,68.47
240.5625,-5.5625,-50.1875,68.47
240.5625,-5.5625,-50.1875,68.47
240.5625,-5.5625,-50.1875,68.47
240.5625,-5.5625,-50.1875,68.47
240.5625,-5.5625,-50.1875,68.47
240.5625,-5.5625,-50.1875,68.47
240.5625,-5.5625,-50.1875,68.47
240.5625,-5.5625,-50.1875,68.47
240.5625,-5.5625,-50.1875,68.47
240.5625,-5.5625,-50.1875,68.47
240.5625,-5.5625,-50.1875,68.47
240.5625,-5.5625,-50.1875,68.47
240.5625,-5.5625,-50.1875,68.80
240.5625,-5.5625,-50.1875,68.80
240.5625,-5.5625,-50.1875,68.80
240.5625,-5.5625,-50.1875,68.80
240.5625,-5.5625,-50.1875,68.80
240.5625,-5.5625,-50.1875,68.80
240.5625,-5.5625,-50.1875,68.80
240.5625,-5.5625,-50.1875,68.80
240.5625,-5.5625,-50.1875,68.80
240.5625,-5.5625,-50.1875,68.80
240.5625,-5.5625,-50.1875,68.80
240.5625,-5.5625,-50.1875,68.80
240.5625,-5.5625,-50.1875,68.80
240.5625,-5.5625,-50.1875,68.80
240.5625,-5.5625,-50.1875,68.80
240.5625,-5.5625,-50.1875,68.80
240.5625,-5.5625,-50.1875,69.14
240.5625,-5.5625,-50.1875,69.14
240.5625,-5.5625,-50.1875,69.14
240.5625,-5.5625,-50.1875,69.14
240.5625,-5.5625,-50.1875,69.14
240.5625,-5.5625,-50.1875,69.14
240.5625,-5.5625,-50.1875,69.14
240.5625,-5.5625,-50.1875,69.14
240.5625,-5.5625,-50.1875,69.14
240.5625,-5.5625,-50.1875,69.14
240.5625,-5.5625,-50.1875,69.14
240.5625,-5.5625,-50.1875,69.14
240.5625,-5.5625,-50.1875,69.14
240.5625,-5.5625,-50.1875,69.14
240.5625,-5.5625,-50.1875,69.14
240.5625,-5.5625,-50.1875,69.14
240.5625,-5.5625,-50.1875,69.14
240.5625,-5.5625,-50.1875,69.47
240.5625,-5.5625,-50.1875,69.47
240.5625,-5.5625,-50.1875,69.47
240.5625,-5.5625,-50.1875,69.47
240.5625,-5.5625,-50.1875,69.47
240.5625,-5.5625,-50.1875,69.47
240.5625,-5.5625,-50.1875,69.47
240.5625,-5.5625,-50.1875,69.47
240.5625,-5.5625,-50.1875,69.47
240.5625,-5.5625,-50.1875,69.47
240.5625,-5.5625,-50.1875,69.47
240.5625,-5.5625,-50.1875,69.47
240.5625,-5.5625,-50.1875,69.47
240.5625,-5.5625,-50.1875,69.47
240.5625,-5.5625,-50.1875,69.47
240.5625,-5.5625,-50.1875,69.47
240.5625,-5.5625,-50.1875,69.47
240.5625,-5.5625,-50.1875,69.80
240.5625,-5.5625,-50.1875,69.80
240.5625,-5.5625,-50.1875,69.80
240.5625,-5.5625,-50.1875,69.80
240.5625,-5.5625,-50.1875,69.80
240.5625,-5.5625,-50.1875,69.80
240.5625,-5.5625,-50.1875,69.80
240.5625,-5.5625,-50.1875,69.80
240.5625,-5.5625,-50.1875,69.80
240.5625,-5.5625,-50.1875,69.80
240.5625,-5.5625,-50.1875,69.80
240.5625,-5.5625,-50.1875,69.80
240.5625,-5.5625,-50.1875,69.80
240.5625,-5.5625,-50.1875,69.80
240.5625,-5.5625,-50.1875,69.80
240.5625,-5.5625,-50.1875,69.80
240.5625,-5.5625,-50.1875,70.14
240.5625,-5.5625,-50.1875,70.14
240.5625,-5.5625,-50.1875,70.14
240.5625,-5.5625,-50.1875,70.14
240.5625,-5.5625,-50.1875,70.14
240.5625,-5.5625,-50.1875,70.14
240.5625,-5.5625,-50.1875,70.14
240.5625,-5.5625,-50.1875,70.14
240.5625,-5.5625,-50.1875,70.14
240.5625,-5.5625,-50.1875,70.14
240.5625,-5.5625,-50.1875,70.14
240.5625,-5.5625,-50.1875,70.14
240.5625,-5.5625,-50.1875,70.14
240.5625,-5.5625,-50.1875,70.14
240.5625,-5.5625,-50.1875,70.14
240.5625,-5.5625,-50.1875,70.14
240.5625,-5.5625,-50.1875,70.14
240.5625,-5.5625,-50.1875,70.47
240.5625,-5.5625,-50.1875,70.47
240.5625,-5.5625,-50.1875,70.47
240.5625,-5.5625,-50.1875,70.47
240.5625,-5.5625,-50.1875,70.47
240.5625,-5.5625,-50.1875,70.47
240.5625,-5.5625,-50.1875,70.47
240.5625,-5.5625,-50.1875,70.47
240.5625,-5.5625,-50.1875,70.47
240.5625,-5.5625,-50.1875,70.47
240.5625,-5.5625,-50.1875,70.47
240.5625,-5.5625,-50.1875,70.47
240.5625,-5.5625,-50.1875,70.47
240.5625,-5.5625,-50.1875,70.47
240.5625,-5.5625,-50.1875,70.47
240.5625,-5.5625,-50.1875,70.47
240.5625,-5.5625,-50.1875,70.47
240.5625,-5.5625,-50.1875,70.80
240.5625,-5.5625,-50.1875,70.80
240.5625,-5.5625,-50.1875,70.80
240.5625,-5.5625,-50.1875,70.80
240.5625,-5.5625,-50.1875,70.80
240.5625,-5.5625,-50.1875,70.80
240.5625,-5.5625,-50.1875,70.80
240.5625,-5.5625,-50.1875,70.80
240.5625,-5.5625,-50.1875,70.80
240.5625,-5.5625,-50.1875,70.80
240.5625,-5.5625,-50.1875,70.80
240.5625,-5.5625,-50.1875,70.80
240.5625,-5.5625,-50.1875,70.80
240.5625,-5.5625,-50.1875,70.80
240.5625,-5.5625,-50.1875,70.80
240.5625,-5.5625,-50.1875,70.80
240.5625,-5.5625,-50.1875,71.14
240.5625,-5.5625,-50.1875,71.14
240.5625,-5.5625,-50.1875,71.14
240.5625,-5.5625,-50.1875,71.14
240.5625,-5.5625,-50.1875,71.14
240.5625,-5.5625,-50.1875,71.14
240.5625,-5.5625,-50.1875,71.14
240.5625,-5.5625,-50.1875,71.14
240.5625,-5.5625,-50.1875,71.14
240.5625,-5.5625,-50.1875,71.14
240.5625,-5.5625,-50.1875,71.14
240.5625,-5.5625,-50.1875,71.14
240.5625,-5.5625,-50.1875,71.14
240.5625,-5.5625,-50.1875,71.14
240.5625,-5.5625,-50.1875,71.14
240.5625,-5.5625,-50.1875,71.14
240.5625,-5.5625,-50.1875,71.14
240.5625,-5.5625,-50.1875,71.47
240.5625,-5.5625,-50.1875,71.47
240.5625,-5.5625,-50.1875,71.47
240.5625,-5.5625,-50.1875,71.47
240.5625,-5.5625,-50.1875,71.47
240.5625,-5.5625,-50.1875,71.47
240.5625,-5.5625,-50.1875,71.47
240.5625,-5.5625,-50.1875,71.47
240.5625,-5.5625,-50.1875,71.47
240.5625,-5.5625,-50.1875,71.47
240.5625,-5.5625,-50.1875,71.47
240.5625,-5.5625,-50.1875,71.47
240.5625,-5.5625,-50.1875,71.47
240.5625,-5.5625,-50.1875,71.47
240.5625,-5.5625,-50.1875,71.47
240.5625,-5.5625,-50.1875,71.47
240.5625,-5.5625,-50.1875,71.47
240.5625,-5.5625,-50.1875,71.80
240.5625,-5.5625,-50.1875,71.80
240.5625,-5.5625,-50.1875,71.80
240.5625,-5.5625,-50.1875,71.80
240.5625,-5.5625,-50.1875,71.80
240.5625,-5.5625,-50.1875,71.80
240.5625,-5.5625,-50.1875,71.80
240.5625,-5.5625,-50.1875,71.80
240.5625,-5.5625,-50.1875,71.80
240.5625,-5.5625,-50.1875,71.80
240.5625,-5.5625,-50.1875,71.80
240.5625,-5.5625,-50.1875,71.80
240.5625,-5.5625,-50.1875,71.80
240.5625,-5.5625,-50.1875,71.80
240.5625,-5.5625,-50.1875,71.80
240.5625,-5.5625,-50.1875,71.80
240.5625,-5.5625,-50.1875,72.14
240.5625,-5.5625,-50.1875,72.14
240.5625,-5.5625,-50.1875,72.14
240.5625,-5.5625,-50.1875,72.14
240.5625,-5.5625,-50.1875,72.14
240.5625,-5.5625,-50.1875,72.14
240.5625,-5.5625,-50.1875,72.14
240.5625,-5.5625,-50.1875,72.14
240.5625,-5.5625,-50.1875,72.14
240.5625,-5.5625,-50.1875,72.14
240.5625,-5.5625,-50.1875,72.14
240.5625,-5.5625,-50.1875,72.14
240.5625,-5.5625,-50.1875,72.14
240.5625,-5.5625,-50.1875,72.14
240.5625,-5.5625,-50.1875,72.14
240.5625,-5.5625,-50.1875,72.14
240.5625,-5.5625,-50.1875,72.14
240.5625,-5.5625,-50.1875,72.47
240.5625,-5.5625,-50.1875,72.47
240.5625,-5.5625,-50.1875,72.47
240.5625,-5.5625,-50.1875,72.47
240.5625,-5.5625,-50.1875,72.47
240.5625,-5.5625,-50.1875,72.47
240.5625,-5.5625,-50.1875,72.47
240.5625,-5.5625,-50.1875,72.47
240.5625,-5.5625,-50.1875,72.47
240.5625,-5.5625,-50.1875,72.47
240.5625,-5.5625,-50.1875,72.47
240.5625,-5.5625,-50.1875,72.47
240.5625,-5.5625,-50.1875,72.47
240.5625,-5.5625,-50.1875,72.47
240.5625,-5.5625,-50.1875,72.47
240.5625,-5.5625,-50.1875,72.47
240.5625,-5.5625,-50.1875,72.47
240.5625,-5.5625,-50.1875,72.80
240.5625,-5.5625,-50.1875,72.80
240.5625,-5.5625,-50.1875,72.80
240.5625,-5.5625,-50.1875,72.80
240.5625,-5.5625,-50.1875,72.80
240.5625,-5.5625,-50.1875,72.80
240.5625,-5.5625,-50.1875,72.80
240.5625,-5.5625,-50.1875,72.80
240.5625,-5.5625,-50.1875,72.80
240.5625,-5.5625,-50.1875,72.80
240.5625,-5.5625,-50.1875,72.80
240.5625,-5.5625,-50.1875,72.80
240.5625,-5.5625,-50.1875,72.80
240.5625,-5.5625,-50.1875,72.80
240.5625,-5.5625,-50.1875,72.80
240.5625,-5.5625,-50.1875,72.80
240.5625,-5.5625,-50.1875,73.14
240.5625,-5.5625,-50.1875,73.14
240.5625,-5.5625,-50.1875,73.14
240.5625,-5.5625,-50.1875,73.14
240.5625,-5.5625,-50.1875,73.14
240.5625,-5.5625,-50.1875,73.14
240.5625,-5.5625,-50.1875,73.14
240.5625,-5.5625,-50.1875,73.14
240.5625,-5.5625,-50.1875,73.14
240.5625,-5.5625,-50.1875,73.14
240.5625,-5.5625,-50.1875,73.14
240.5625,-5.5625,-50.1875,73.14
240.5625,-5.5625,-50.1875,73.14
240.5625,-5.5625,-50.1875,73.14
240.5625,-5.5625,-50.1875,73.14
240.5625,-5.5625,-50.1875,73.14
240.5625,-5.5625,-50.1875,73.14
240.5625,-5.5625,-50.1875,73.47
240.5625,-5.5625,-50.1875,73.47
240.5625,-5.5625,-50.1875,73.47
240.5625,-5.5625,-50.1875,73.47
240.5625,-5.5625,-50.1875,73.47
240.5625,-5.5625,-50.1875,73.47
240.5625,-5.5625,-50.1875,73.47
240.5625,-5.5625,-50.1875,73.47
240.5625,-5.5625,-50.1875,73.47
240.5625,-5.5625,-50.1875,73.47
240.5625,-5.5625,-50.1875,73.47
240.5625,-5.5625,-50.1875,73.47
240.5625,-5.5625,-50.1875,73.47
240.5625,-5.5625,-50.1875,73.47
240.5625,-5.5625,-50.1875,73.47
240.5625,-5.5625,-50.1875,73.47
240.5625,-5.5625,-50.1875,73.47
240.5625,-5.5625,-50.1875,73.80
240.5625,-5.5625,-50.1875,73.80
240.5625,-5.5625,-50.1875,73.80
240.5625,-5.5625,-50.1875,73.80
240.5625,-5.5625,-50.1875,73.80
240.5625,-5.5625,-50.1875,73.80
240.5625,-5.5625,-50.1875,73.80
240.5625,-5.5625,-50.1875,73.80
240.5625,-5.5625,-50.1875,73.80
240.5625,-5.5625,-50.1875,73.80
240.5625,-5.5625,-50.1875,73.80
240.5625,-5.5625,-50.1875,73.80
240.5625,-5.5625,-50.1875,73.80
240.5625,-5.5625,-50.1875,73.80
240.5625,-5.5625,-50.1875,73.80
240.5625,-5.5625,-50.1875,73.80
240.5625,-5.5625,-50.1875,74.14
240.5625,-5.5625,-50.1875,74.14
240.5625,-5.5625,-50.1875,74.14
240.5625,-5.5625,-50.1875,74.14
240.5625,-5.5625,-50.1875,74.14
240.5625,-5.5625,-50.1875,74.14
240.5625,-5.5625,-50.1875,74.14
240.5625,-5.5625,-50.1875,74.14
240.5625,-5.5625,-50.1875,74.14
240.5625,-5.5625,-50.1875,74.14
240.5625,-5.5625,-50.1875,74.14
240.5625,-5.5625,-50.1875,74.14
240.5625,-5.5625,-50.1875,74.14
240.5625,-5.5625,-50.1875,74.14
240.5625,-5.5625,-50.1875,74.14
240.5625,-5.5625,-50.1875,74.14
240.5625,-5.5625,-50.1875,74.14
240.5625,-5.5625,-50.1875,74.47
240.5625,-5.5625,-50.1875,74.47
240.5625,-5.5625,-50.1875,74.47
240.5625,-5.5625,-50.1875,74.47
240.5625,-5.5625,-50.1875,74.47
240.5625,-5.5625,-50.1875,74.47
240.5625,-5.5625,-50.1875,74.47
240.5625,-5.5625,-50.1875,74.47
240.5625,-5.5625,-50.1875,74.47
240.5625,-5.5625,-50.1875,74.47
240.5625,-5.5625,-50.1875,74.47
240.5625,-5.5625,-50.1875,74.47
240.5625,-5.5625,-50.1875,74.47
240.5625,-5.5625,-50.1875,74.47
240.5625,-5.5625,-50.1875,74.47
240.5625,-5.5625,-50.1875,74.47
240.5625,-5.5625,-50.1875,74.47
240.5625,-5.5625,-50.1875,74.80
240.5625,-5.5625,-50.1875,74.80
240.5625,-5.5625,-50.1875,74.80
240.5625,-5.5625,-50.1875,74.80
240.5625,-5.5625,-50.1875,74.80
240.5625,-5.5625,-50.1875,74.80
240.5625,-5.5625,-50.1875,74.80
240.5625,-5.5625,-50.1875,74.80
240.5625,-5.5625,-50.1875,74.80
240.5625,-5.5625,-50.1875,74.80
240.5625,-5.5625,-50.1875,74.80
240.5625,-5.5625,-50.1875,74.80
240.5625,-5.5625,-50.1875,74.80
240.5625,-5.5625,-50.1875,74.80
240.5625,-5.5625,-50.1875,74.80
240.5625,-5.5625,-50.1875,74.80
240.5625,-5.5625,-50.1875,75.14
240.5625,-5.5625,-50.1875,75.14
240.5625,-5.5625,-50.1875,75.14
240.5625,-5.5625,-50.1875,75.14
240.5625,-5.5625,-50.1875,75.14
240.5625,-5.5625,-50.1875,75.14
240.5625,-5.5625,-50.1875,75.14
240.5625,-5.5625,-50.1875,75.14
240.5625,-5.5625,-50.1875,75.14
240.5625,-5.5625,-50.1875,75.14
240.5625,-5.5625,-50.1875,75.14
240.5625,-5.5625,-50.1875,75.14
240.5625,-5.5625,-50.1875,75.14
240.5625,-5.5625,-50.1875,75.14
240.5625,-5.5625,-50.1875,75.14
240.5625,-5.5625,-50.1875,75.14
240.5625,-5.5625,-50.1875,75.14
240.5625,-5.5625,-50.1875,75.47
240.5625,-5.5625,-50.1875,75.47
240.5625,-5.5625,-50.1875,75.47
240.5625,-5.5625,-50.1875,75.47
240.5625,-5.5625,-50.1875,75.47
240.5625,-5.5625,-50.1875,75.47
240.5625,-5.5625,-50.1875,75.47
240.5625,-5.5625,-50.1875,75.47
240.5625,-5.5625,-50.1875,75.47
240.5625,-5.5625,-50.1875,75.47
240.5625,-5.5625,-50.1875,75.47
240.5625,-5.5625,-50.1875,75.47
240.5625,-5.5625,-50.1875,75.47
240.5625,-5.5625,-50.1875,75.47
240.5625,-5.5625,-50.1875,75.47
240.5625,-5.5625,-50.1875,75.47
240.5625,-5.5625,-50.1875,75.47
240.5625,-5.5625,-50.1875,75.80
240.5625,-5.5625,-50.1875,75.80
240.5625,-5.5625,-50.1875,75.80
240.5625,-5.5625,-50.1875,75.80
240.5625,-5.5625,-50.1875,75.80
240.5625,-5.5625,-50.1875,75.80
240.5625,-5.5625,-50.1875,75.80
240.5625,-5.5625,-50.1875,75.80
240.5625,-5.5625,-50.1875,75.80
240.5625,-5.5625,-50.1875,75.80
240.5625,-5.5625,-50.1875,75.80
240.5625,-5.5625,-50.1875,75.80
240.5625,-5.5625,-50.1875,75.80
240.5625,-5.5625,-50.1875,75.80
240.5625,-5.5625,-50.1875,75.80
240.5625,-5.5625,-50.1875,75.80
240.5625,-5.5625,-50.1875,76.14
240.5625,-5.5625,-50.1875,76.14
240.5625,-5.5625,-50.1875,76.14
240.5625,-5.5625,-50.1875,76.14
240.5625,-5.5625,-50.1875,76.14
240.5625,-5.5625,-50.1875,76.14
240.5625,-5.5625,-50.1875,76.14
240.5625,-5.5625,-50.1875,76.14
240.5625,-5.5625,-50.1875,76.14
240.5625,-5.5625,-50.1875,76.14
240.5625,-5.5625,-50.1875,76.14
240.5625,-5.5625,-50.1875,76.14
240.5625,-5.5625,-50.1875,76.14
240.5625,-5.5625,-50.1875,76.14
240.5625,-5.5625,-50.1875,76.14
240.5625,-5.5625,-50.1875,76.14
240.5625,-5.5625,-50.1875,76.14
240.5625,-5.5625,-50.1875,76.47
240.5625,-5.5625,-50.1875,76.47
240.5625,-5.5625,-50.1875,76.47
240.5625,-5.5625,-50.1875,76.47
240.5625,-5.5625,-50.1875,76.47
240.5625,-5.5625,-50.1875,76.47
240.5625,-5.5625,-50.1875,76.47
240.5625,-5.5625,-50.1875,76.47
240.5625,-5.5625,-50.1875,76.47
240.5625,-5.5625,-50.1875,76.47
240.5625,-5.5625,-50.1875,76.47
240.5625,-5.5625,-50.1875,76.47
240.5625,-5.5625,-50.1875,76.47
240.5625,-5.5625,-50.1875,76.47
240.5625,-5.5625,-50.1875,76.47
240.5625,-5.5625,-50.1875,76.47
240.5625,-5.5625,-50.1875,76.47
240.5625,-5.5625,-50.1875,76.80
240.5625,-5.5625,-50.1875,76.80
240.5625,-5.5625,-50.1875,76.80
240.5625,-5.5625,-50.1875,76.80
240.5625,-5.5625,-50.1875,76.80
240.5625,-5.5625,-50.1875,76.80
240.5625,-5.5625,-50.1875,76.80
240.5625,-5.5625,-50.1875,76.80
240.5625,-5.5625,-50.1875,76.80
240.5625,-5.5625,-50.1875,76.80
240.5625,-5.5625,-50.1875,76.80
240.5625,-5.5625,-50.1875,76.80
240.5625,-5.5625,-50.1875,76.80
240.5625,-5.5625,-50.1875,76.80
240.5625,-5.5625,-50.1875,76.80
240.5625,-5.5625,-50.1875,76.80
240.5625,-5.5625,-50.1875,77.14
240.5625,-5.5625,-50.1875,77.14
240.5625,-5.5625,-50.1875,77.14
240.5625,-5.5625,-50.1875,77.14
240.5625,-5.5625,-50.1875,77.14
240.5625,-5.5625,-50.1875,77.14
240.5625,-5.5625,-50.1875,77.14
240.5625,-5.5625,-50.1875,77.14
240.5625,-5.5625,-50.1875,77.14
240.5625,-5.5625,-50.1875,77.14
240.5625,-5.5625,-50.1875,77.14
240.5625,-5.5625,-50.1875,77.14
240.5625,-5.5625,-50.1875,77.14
240.5625,-5.5625,-50.1875,77.14
240.5625,-5.5625,-50.1875,77.14
240.5625,-5.5625,-50.1875,77.14
240.5625,-5.5625,-50.1875,77.14
240.5625,-5.5625,-50.1875,77.47
240.5625,-5.5625,-50.1875,77.47
240.5625,-5.5625,-50.1875,77.47
240.5625,-5.5625,-50.1875,77.47
240.5625,-5.5625,-50.1875,77.47
240.5625,-5.5625,-50.1875,77.47
240.5625,-5.5625,-50.1875,77.47
240.5625,-5.5625,-50.1875,77.47
240.5625,-5.5625,-50.1875,77.47
240.5625,-5.5625,-50.1875,77.47
240.5625,-5.5625,-50.1875,77.47
240.5625,-5.5625,-50.1875,77.47
240.5625,-5.5625,-50.1875,77.47
240.5625,-5.5625,-50.1875,77.47
240.5625,-5.5625,-50.1875,77.47
240.5625,-5.5625,-50.1875,77.47
240.5625,-5.5625,-50.1875,77.47
240.5625,-5.5625,-50.125,77.80
240.5625,-5.5625,-50.125,77.80
240.5625,-5.5625,-50.125,77.80
240.5625,-5.5625,-50.125,77.80
240.5625,-5.5625,-50.125,77.80
240.5625,-5.5625,-50.125,77.80
240.5625,-5.5625,-50.125,77.80
240.5625,-5.5625,-50.125,77.80
240.5625,-5.5625,-50.125,77.80
240.5625,-5.5625,-50.125,77.80
240.5625,-5.5625,-50.125,77.80
240.5625,-5.5625,-50.125,77.80
240.5625,-5.5625,-50.125,77.80
240.5625,-5.5625,-50.125,77.80
240.5625,-5.5625,-50.125,77.80
240.5625,-5.5625,-50.125,77.80
240.5625,-5.5625,-50.125,78.14
240.5625,-5.5625,-50.125,78.14
240.5625,-5.5625,-50.125,78.14
240.5625,-5.5625,-50.125,78.14
240.5625,-5.5625,-50.125,78.14
240.5625,-5.5625,-50.125,78.14
240.5625,-5.5625,-50.125,78.14
240.5625,-5.5625,-50.125,78.14
240.5625,-5.5625,-50.125,78.14
240.5625,-5.5625,-50.125,78.14
240.5625,-5.5625,-50.125,78.14
240.5625,-5.5625,-50.125,78.14
240.5625,-5.5625,-50.125,78.14
240.5625,-5.5625,-50.125,78.14
240.5625,-5.5625,-50.125,78.14
240.5625,-5.5625,-50.125,78.14
240.5625,-5.5625,-50.125,78.14
240.625,-5.5625,-50.125,78.47
240.625,-5.5625,-50.125,78.47
240.625,-5.5625,-50.125,78.47
240.625,-5.5625,-50.125,78.47
240.625,-5.5625,-50.125,78.47
240.625,-5.5625,-50.125,78.47
240.625,-5.5625,-50.125,78.47
240.625,-5.5625,-50.125,78.47
240.625,-5.5625,-50.125,78.47
240.625,-5.5625,-50.125,78.47
240.625,-5.5625,-50.125,78.47
240.625,-5.5625,-50.125,78.47
240.625,-5.5625,-50.125,78.47
240.625,-5.5625,-50.125,78.47
240.625,-5.5625,-50.125,78.47
240.625,-5.5625,-50.125,78.47
240.625,-5.5625,-50.125,78.47
240.625,-5.5625,-50.125,78.80
240.625,-5.5625,-50.125,78.80
240.625,-5.5625,-50.125,78.80
240.625,-5.5625,-50.125,78.80
240.625,-5.5625,-50.125,78.80
240.625,-5.5625,-50.125,78.80
240.625,-5.5625,-50.125,78.80
240.625,-5.5625,-50.125,78.80
240.625,-5.5625,-50.125,78.80
240.625,-5.5625,-50.125,78.80
240.625,-5.5625,-50.125,78.80
240.625,-5.5625,-50.125,78.80
240.625,-5.5625,-50.125,78.80
240.625,-5.5625,-50.125,78.80
240.625,-5.5625,-50.125,78.80
240.625,-5.5625,-50.125,78.80
240.625,-5.5625,-50.125,79.14
240.625,-5.5625,-50.125,79.14
240.625,-5.5625,-50.125,79.14
240.625,-5.5625,-50.125,79.14
240.625,-5.5625,-50.125,79.14
240.625,-5.5625,-50.125,79.14
240.625,-5.5625,-50.125,79.14
240.625,-5.5625,-50.125,79.14
240.625,-5.5625,-50.125,79.14
240.625,-5.5625,-50.125,79.14
240.625,-5.5625,-50.125,79.14
240.625,-5.5625,-50.125,79.14
240.625,-5.5625,-50.125,79.14
240.625,-5.5625,-50.125,79.14
240.625,-5.5625,-50.125,79.14
240.625,-5.5625,-50.125,79.14
240.625,-5.5625,-50.125,79.14
240.625,-5.5625,-50.125,79.47
240.625,-5.5625,-50.125,79.47
240.625,-5.5625,-50.125,79.47
240.625,-5.5625,-50.125,79.47
240.625,-5.5625,-50.125,79.47
240.625,-5.5625,-50.125,79.47
240.625,-5.5625,-50.125,79.47
240.625,-5.5625,-50.125,79.47
240.625,-5.5625,-50.125,79.47
240.625,-5.5625,-50.125,79.47
240.625,-5.5625,-50.125,79.47
240.625,-5.5625,-50.125,79.47
240.625,-5.5625,-50.125,79.47
240.625,-5.5625,-50.125,79.47
240.625,-5.5625,-50.125,79.47
240.625,-5.5625,-50.125,79.47
240.625,-5.5625,-50.125,79.47
240.625,-5.5625,-50.125,79.80
240.625,-5.5625,-50.125,79.80
240.625,-5.5625,-50.125,79.80
240.625,-5.5625,-50.125,79.80
240.625,-5.5625,-50.125,79.80
240.625,-5.5625,-50.125,79.80
240.625,-5.5625,-50.125,79.80
240.625,-5.5625,-50.125,79.80
240.625,-5.5625,-50.125,79.80
240.625,-5.5625,-50.125,79.80
240.625,-5.5625,-50.125,79.80
240.625,-5.5625,-50.125,79.80
240.625,-5.5625,-50.125,79.80
240.625,-5.5625,-50.125,79.80
240.625,-5.5625,-50.125,79.80
240.625,-5.5625,-50.125,79.80
240.625,-5.5625,-50.125,80.14
240.625,-5.5625,-50.125,80.14
240.625,-5.5625,-50.125,80.14
240.625,-5.5625,-50.125,80.14
240.625,-5.5625,-50.125,80.14
240.625,-5.5625,-50.125,80.14
240.625,-5.5625,-50.125,80.14
240.625,-5.5625,-50.125,80.14
240.625,-5.5625,-50.125,80.14
240.625,-5.5625,-50.125,80.14
240.625,-5.5625,-50.125,80.14
240.625,-5.5625,-50.125,80.14
240.625,-5.5625,-50.125,80.14
240.625,-5.5625,-50.125,80.14
240.625,-5.5625,-50.125,80.14
240.625,-5.5625,-50.125,80.14
240.625,-5.5625,-50.125,80.14
240.625,-5.5625,-50.125,80.47
240.625,-5.5625,-50.125,80.47
240.625,-5.5625,-50.125,80.47
240.625,-5.5625,-50.125,80.47
240.625,-5.5625,-50.125,80.47
240.625,-5.5625,-50.125,80.47
240.625,-5.5625,-50.125,80.47
240.625,-5.5625,-50.125,80.47
240.625,-5.5625,-50.125,80.47
240.625,-5.5625,-50.125,80.47
240.625,-5.5625,-50.125,80.47
240.625,-5.5625,-50.125,80.47
240.625,-5.5625,-50.125,80.47
240.625,-5.5625,-50.125,80.47
240.625,-5.5625,-50.125,80.47
240.625,-5.5625,-50.125,80.47
240.625,-5.5625,-50.125,80.47
240.625,-5.5625,-50.125,80.80
240.625,-5.5625,-50.125,80.80
240.625,-5.5625,-50.125,80.80
240.625,-5.5625,-50.125,80.80
240.625,-5.5625,-50.125,80.80
240.625,-5.5625,-50.125,80.80
240.625,-5.5625,-50.125,80.80
240.625,-5.5625,-50.125,80.80
240.625,-5.5625,-50.125,80.80
240.625,-5.5625,-50.125,80.80
240.625,-5.5625,-50.125,80.80
240.625,-5.5625,-50.125,80.80
240.625,-5.5625,-50.125,80.80
240.625,-5.5625,-50.125,80.80
240.625,-5.5625,-50.125,80.80
240.625,-5.5625,-50.125,80.80
240.625,-5.5625,-50.125,81.14
240.625,-5.5625,-50.125,81.14
240.625,-5.5625,-50.125,81.14
240.625,-5.5625,-50.125,81.14
240.625,-5.5625,-50.125,81.14
240.625,-5.5625,-50.125,81.14
240.625,-5.5625,-50.125,81.14
240.625,-5.5625,-50.125,81.14
240.625,-5.5625,-50.125,81.14
240.625,-5.5625,-50.125,81.14
240.625,-5.5625,-50.125,81.14
240.625,-5.5625,-50.125,81.14
240.625,-5.5625,-50.125,81.14
240.625,-5.5625,-50.125,81.14
240.625,-5.5625,-50.125,81.14
240.625,-5.5625,-50.125,81.14
240.625,-5.5625,-50.125,81.14
240.625,-5.5625,-50.125,81.47
240.625,-5.5625,-50.125,81.47
240.625,-5.5625,-50.125,81.47
240.625,-5.5625,-50.125,81.47
240.625,-5.5625,-50.125,81.47
240.625,-5.5625,-50.125,81.47
240.625,-5.5625,-50.125,81.47
240.625,-5.5625,-50.125,81.47
240.625,-5.5625,-50.125,81.47
240.625,-5.5625,-50.125,81.47
240.625,-5.5625,-50.125,81.47
240.625,-5.5625,-50.125,81.47
240.625,-5.5625,-50.125,81.47
240.625,-5.5625,-50.125,81.47
240.625,-5.5625,-50.125,81.47
240.625,-5.5625,-50.125,81.47
240.625,-5.5625,-50.125,81.47
240.625,-5.5,-50.125,81.80
240.625,-5.5,-50.125,81.80
240.625,-5.5,-50.125,81.80
240.625,-5.5,-50.125,81.80
240.625,-5.5,-50.125,81.80
240.625,-5.5,-50.125,81.80
240.625,-5.5,-50.125,81.80
240.625,-5.5,-50.125,81.80
240.625,-5.5,-50.125,81.80
240.625,-5.5,-50.125,81.80
240.625,-5.5,-50.125,81.80
240.625,-5.5,-50.125,81.80
240.625,-5.5,-50.125,81.80
240.625,-5.5,-50.125,81.80
240.625,-5.5,-50.125,81.80
240.625,-5.5,-50.125,81.80
240.625,-5.5,-50.125,82.14
240.625,-5.5,-50.125,82.14
240.625,-5.5,-50.125,82.14
240.625,-5.5,-50.125,82.14
240.625,-5.5,-50.125,82.14
240.625,-5.5,-50.125,82.14
240.625,-5.5,-50.125,82.14
240.625,-5.5,-50.125,82.14
240.625,-5.5,-50.125,82.14
240.625,-5.5,-50.125,82.14
240.625,-5.5,-50.125,82.14
240.625,-5.5,-50.125,82.14
240.625,-5.5,-50.125,82.14
240.625,-5.5,-50.125,82.14
240.625,-5.5,-50.125,82.14
240.625,-5.5,-50.125,82.14
240.625,-5.5,-50.125,82.14
240.625,-5.5,-50.125,82.47
240.625,-5.5,-50.125,82.47
240.625,-5.5,-50.125,82.47
240.625,-5.5,-50.125,82.47
240.625,-5.5,-50.125,82.47
240.625,-5.5,-50.125,82.47
240.625,-5.5,-50.125,82.47
240.625,-5.5,-50.125,82.47
240.625,-5.5,-50.125,82.47
240.625,-5.5,-50.125,82.47
240.625,-5.5,-50.125,82.47
240.625,-5.5,-50.125,82.47
240.625,-5.5,-50.125,82.47
240.625,-5.5,-50.125,82.47
240.625,-5.5,-50.125,82.47
240.625,-5.5,-50.125,82.47
240.625,-5.5,-50.125,82.47
240.625,-5.5,-50.125,82.80
240.625,-5.5,-50.125,82.80
240.625,-5.5,-50.125,82.80
240.625,-5.5,-50.125,82.80
240.625,-5.5,-50.125,82.80
240.625,-5.5,-50.125,82.80
240.625,-5.5,-50.125,82.80
240.625,-5.5,-50.125,82.80
240.625,-5.5,-50.125,82.80
240.625,-5.5,-50.125,82.80
240.625,-5.5,-50.125,82.80
240.625,-5.5,-50.125,82.80
240.625,-5.5,-50.125,82.80
240.625,-5.5,-50.125,82.80
240.625,-5.5,-50.125,82.80
240.625,-5.5,-50.125,82.80
240.625,-5.5,-50.125,83.14
240.625,-5.5,-50.125,83.14
240.625,-5.5,-50.125,83.14
240.625,-5.5,-50.125,83.14
240.625,-5.5,-50.125,83.14
240.625,-5.5,-50.125,83.14
240.625,-5.5,-50.125,83.14
240.625,-5.5,-50.125,83.14
240.625,-5.5,-50.125,83.14
240.625,-5.5,-50.125,83.14
240.625,-5.5,-50.125,83.14
240.625,-5.5,-50.125,83.14
240.625,-5.5,-50.125,83.14
240.625,-5.5,-50.125,83.14
240.625,-5.5,-50.125,83.14
240.625,-5.5,-50.125,83.14
240.625,-5.5,-50.125,83.14
240.625,-5.5,-50.125,83.47
240.625,-5.5,-50.125,83.47
240.625,-5.5,-50.125,83.47
240.625,-5.5,-50.125,83.47
240.625,-5.5,-50.125,83.47
240.625,-5.5,-50.125,83.47
240.625,-5.5,-50.125,83.47
240.625,-5.5,-50.125,83.47
240.625,-5.5,-50.125,83.47
240.625,-5.5,-50.125,83.47
240.625,-5.5,-50.125,83.47
240.625,-5.5,-50.125,83.47
240.625,-5.5,-50.125,83.47
240.625,-5.5,-50.125,83.47
240.625,-5.5,-50.125,83.47
240.625,-5.5,-50.125,83.47
240.625,-5.5,-50.125,83.47
240.625,-5.5,-50.125,83.80
240.625,-5.5,-50.125,83.80
240.625,-5.5,-50.125,83.80
240.625,-5.5,-50.125,83.80
240.625,-5.5,-50.125,83.80
240.625,-5.5,-50.125,83.80
240.625,-5.5,-50.125,83.80
240.625,-5.5,-50.125,83.80
240.625,-5.5,-50.125,83.80
240.625,-5.5,-50.125,83.80
240.625,-5.5,-50.125,83.80
240.625,-5.5,-50.125,83.80
240.625,-5.5,-50.125,83.80
240.625,-5.5,-50.125,83.80
240.625,-5.5,-50.125,83.80
240.625,-5.5,-50.125,83.80
240.625,-5.5,-50.125,84.14
240.625,-5.5,-50.125,84.14
240.625,-5.5,-50.125,84.14
240.625,-5.5,-50.125,84.14
240.625,-5.5,-50.125,84.14
240.625,-5.5,-50.125,84.14
240.625,-5.5,-50.125,84.14
240.625,-5.5,-50.125,84.14
240.625,-5.5,-50.125,84.14
240.625,-5.5,-50.125,84.14
240.625,-5.5,-50.125,84.14
240.625,-5.5,-50.125,84.14
240.625,-5.5,-50.125,84.14
240.625,-5.5,-50.125,84.14
240.625,-5.5,-50.125,84.14
240.625,-5.5,-50.125,84.14
240.625,-5.5,-50.125,84.14
240.625,-5.5,-50.125,84.47
240.625,-5.5,-50.125,84.47
240.625,-5.5,-50.125,84.47
240.625,-5.5,-50.125,84.47
240.625,-5.5,-50.125,84.47
240.625,-5.5,-50.125,84.47
240.625,-5.5,-50.125,84.47
240.625,-5.5,-50.125,84.47
240.625,-5.5,-50.125,84.47
240.625,-5.5,-50.125,84.47
240.625,-5.5,-50.125,84.47
240.625,-5.5,-50.125,84.47
240.625,-5.5,-50.125,84.47
240.625,-5.5,-50.125,84.47
240.625,-5.5,-50.125,84.47
240.625,-5.5,-50.125,84.47
240.625,-5.5,-50.125,84.47
240.5625,-5.5,-50.125,84.80
240.5625,-5.5,-50.125,84.80
240.5625,-5.5,-50.125,84.80
240.5625,-5.5,-50.125,84.80
240.5625,-5.5,-50.125,84.80
240.5625,-5.5,-50.125,84.80
240.5625,-5.5,-50.125,84.80
240.5625,-5.5,-50.125,84.80
240.5625,-5.5,-50.125,84.80
240.5625,-5.5,-50.125,84.80
240.5625,-5.5,-50.125,84.80
240.5625,-5.5,-50.125,84.80
240.5625,-5.5,-50.125,84.80
240.5625,-5.5,-50.125,84.80
240.5625,-5.5,-50.125,84.80
240.5625,-5.5,-50.125,84.80
240.5625,-5.5,-50.125,85.14
240.5625,-5.5,-50.125,85.14
240.5625,-5.5,-50.125,85.14
240.5625,-5.5,-50.125,85.14
240.5625,-5.5,-50.125,85.14
240.5625,-5.5,-50.125,85.14
240.5625,-5.5,-50.125,85.14
240.5625,-5.5,-50.125,85.14
240.5625,-5.5,-50.125,85.14
240.5625,-5.5,-50.125,85.14
240.5625,-5.5,-50.125,85.14
240.5625,-5.5,-50.125,85.14
240.5625,-5.5,-50.125,85.14
240.5625,-5.5,-50.125,85.14
240.5625,-5.5,-50.125,85.14
240.5625,-5.5,-50.125,85.14
240.5625,-5.5,-50.125,85.14
240.5625,-5.5,-50.125,85.47
240.5625,-5.5,-50.125,85.47
240.5625,-5.5,-50.125,85.47
240.5625,-5.5,-50.125,85.47
240.5625,-5.5,-50.125,85.47
240.5625,-5.5,-50.125,85.47
240.5625,-5.5,-50.125,85.47
240.5625,-5.5,-50.125,85.47
240.5625,-5.5,-50.125,85.47
240.5625,-5.5,-50.125,85.47
240.5625,-5.5,-50.125,85.47
240.5625,-5.5,-50.125,85.47
240.5625,-5.5,-50.125,85.47
240.5625,-5.5,-50.125,85.47
240.5625,-5.5,-50.125,85.47
240.5625,-5.5,-50.125,85.47
240.5625,-5.5,-50.125,85.47
240.5625,-5.5,-50.125,85.80
240.5625,-5.5,-50.125,85.80
240.5625,-5.5,-50.125,85.80
240.5625,-5.5,-50.125,85.80
240.5625,-5.5,-50.125,85.80
240.5625,-5.5,-50.125,85.80
240.5625,-5.5,-50.125,85.80
240.5625,-5.5,-50.125,85.80
240.5625,-5.5,-50.125,85.80
240.5625,-5.5,-50.125,85.80
240.5625,-5.5,-50.125,85.80
240.5625,-5.5,-50.125,85.80
240.5625,-5.5,-50.125,85.80
240.5625,-5.5,-50.125,85.80
240.5625,-5.5,-50.125,85.80
240.5625,-5.5,-50.125,85.80
240.5625,-5.5,-50.125,86.14
240.5625,-5.5,-50.125,86.14
240.5625,-5.5,-50.125,86.14
240.5625,-5.5,-50.125,86.14
240.5625,-5.5,-50.125,86.14
240.5625,-5.5,-50.125,86.14
240.5625,-5.5,-50.125,86.14
240.5625,-5.5,-50.125,86.14
240.5625,-5.5,-50.125,86.14
240.5625,-5.5,-50.125,86.14
240.5625,-5.5,-50.125,86.14
240.5625,-5.5,-50.125,86.14
240.5625,-5.5,-50.125,86.14
240.5625,-5.5,-50.125,86.14
240.5625,-5.5,-50.125,86.14
240.5625,-5.5,-50.125,86.14
240.5625,-5.5,-50.125,86.14
240.5625,-5.5,-50.125,86.47
240.5625,-5.5,-50.125,86.47
240.5625,-5.5,-50.125,86.47
240.5625,-5.5,-50.125,86.47
240.5625,-5.5,-50.125,86.47
240.5625,-5.5,-50.125,86.47
240.5625,-5.5,-50.125,86.47
240.5625,-5.5,-50.125,86.47
240.5625,-5.5,-50.125,86.47
240.5625,-5.5,-50.125,86.47
240.5625,-5.5,-50.125,86.47
240.5625,-5.5,-50.125,86.47
240.5625,-5.5,-50.125,86.47
240.5625,-5.5,-50.125,86.47
240.5625,-5.5,-50.125,86.47
240.5625,-5.5,-50.125,86.47
240.5625,-5.5,-50.125,86.47
240.5625,-5.5,-50.125,86.80
240.5625,-5.5,-50.125,86.80
240.5625,-5.5,-50.125,86.80
240.5625,-5.5,-50.125,86.80
240.5625,-5.5,-50.125,86.80
240.5625,-5.5,-50.125,86.80
240.5625,-5.5,-50.125,86.80
240.5625,-5.5,-50.125,86.80
240.5625,-5.5,-50.125,86.80
240.5625,-5.5,-50.125,86.80
240.5625,-5.5,-50.125,86.80
240.5625,-5.5,-50.125,86.80
240.5625,-5.5,-50.125,86.80
240.5625,-5.5,-50.125,86.80
240.5625,-5.5,-50.125,86.80
240.5625,-5.5,-50.125,86.80
240.5625,-5.5,-50.125,87.14
240.5625,-5.5,-50.125,87.14
240.5625,-5.5,-50.125,87.14
240.5625,-5.5,-50.125,87.14
240.5625,-5.5,-50.125,87.14
240.5625,-5.5,-50.125,87.14
240.5625,-5.5,-50.125,87.14
240.5625,-5.5,-50.125,87.14
240.5625,-5.5,-50.125,87.14
240.5625,-5.5,-50.125,87.14
240.5625,-5.5,-50.125,87.14
240.5625,-5.5,-50.125,87.14
240.5625,-5.5,-50.125,87.14
240.5625,-5.5,-50.125,87.14
240.5625,-5.5,-50.125,87.14
240.5625,-5.5,-50.125,87.14
240.5625,-5.5,-50.125,87.14
240.5625,-5.5,-50.125,87.47
240.5625,-5.5,-50.125,87.47
240.5625,-5.5,-50.125,87.47
240.5625,-5.5,-50.125,87.47
240.5625,-5.5,-50.125,87.47
240.5625,-5.5,-50.125,87.47
240.5625,-5.5,-50.125,87.47
240.5625,-5.5,-50.125,87.47
240.5625,-5.5,-50.125,87.47
240.5625,-5.5,-50.125,87.47
240.5625,-5.5,-50.125,87.47
240.5625,-5.5,-50.125,87.47
240.5625,-5.5,-50.125,87.47
240.5625,-5.5,-50.125,87.47
240.5625,-5.5,-50.125,87.47
240.5625,-5.5,-50.125,87.47
240.5625,-5.5,-50.125,87.47
240.5625,-5.5,-50.125,87.80
240.5625,-5.5,-50.125,87.80
240.5625,-5.5,-50.125,87.80
240.5625,-5.5,-50.125,87.80
240.5625,-5.5,-50.125,87.80
240.5625,-5.5,-50.125,87.80
240.5625,-5.5,-50.125,87.80
240.5625,-5.5,-50.125,87.80
240.5625,-5.5,-50.125,87.80
240.5625,-5.5,-50.125,87.80
240.5625,-5.5,-50.125,87.80
240.5625,-5.5,-50.125,87.80
240.5625,-5.5,-50.125,87.80
240.5625,-5.5,-50.125,87.80
240.5625,-5.5,-50.125,87.80
240.5625,-5.5,-50.125,87.80
240.5625,-5.5,-50.125,88.14
240.5625,-5.5,-50.125,88.14
240.5625,-5.5,-50.125,88.14
240.5625,-5.5,-50.125,88.14
240.5625,-5.5,-50.125,88.14
240.5625,-5.5,-50.125,88.14
240.5625,-5.5,-50.125,88.14
240.5625,-5.5,-50.125,88.14
240.5625,-5.5,-50.125,88.14
240.5625,-5.5,-50.125,88.14
240.5625,-5.5,-50.125,88.14
240.5625,-5.5,-50.125,88.14
240.5625,-5.5,-50.125,88.14
240.5625,-5.5,-50.125,88.14
240.5625,-5.5,-50.125,88.14
240.5625,-5.5,-50.125,88.14
240.5625,-5.5,-50.125,88.14
240.5,-5.5,-50.125,88.47
240.5,-5.5,-50.125,88.47
240.5,-5.5,-50.125,88.47
240.5,-5.5,-50.125,88.47
240.5,-5.5,-50.125,88.47
240.5,-5.5,-50.125,88.47
240.5,-5.5,-50.125,88.47
240.5,-5.5,-50.125,88.47
240.5,-5.5,-50.125,88.47
240.5,-5.5,-50.125,88.47
240.5,-5.5,-50.125,88.47
240.5,-5.5,-50.125,88.47
240.5,-5.5,-50.125,88.47
240.5,-5.5,-50.125,88.47
240.5,-5.5,-50.125,88.47
240.5,-5.5,-50.125,88.47
240.5,-5.5,-50.125,88.47
Current Task:,VR Task 3
Task Start:,02:38:10 PM
Heading, Roll, Pitch, Task Time
239.6875,-5.0625,-51.125,0.01
239.6875,-5.0625,-51.125,0.01
239.6875,-5.0625,-51.125,0.01
239.6875,-5.0625,-51.125,0.01
239.6875,-5.0625,-51.125,0.09
239.6875,-5.0625,-51.125,0.09
239.6875,-5.0625,-51.125,0.09
239.6875,-5.0625,-51.125,0.09
239.6875,-5.0625,-51.125,0.09
239.6875,-5.0625,-51.125,0.20
239.6875,-5.0625,-51.125,0.20
239.6875,-5.0625,-51.125,0.20
239.6875,-5.0625,-51.125,0.20
239.6875,-5.0625,-51.125,0.20
239.6875,-5.0625,-51.125,0.20
239.6875,-5.0625,-51.125,0.20
239.75,-5.0625,-51.125,0.33
239.75,-5.0625,-51.125,0.33
239.75,-5.0625,-51.125,0.33
239.75,-5.0625,-51.125,0.33
239.75,-5.0625,-51.125,0.33
239.75,-5.0625,-51.125,0.33
239.75,-5.0625,-51.125,0.33
239.75,-5.0625,-51.125,0.33
239.75,-5.0625,-51.125,0.33
239.75,-5.0625,-51.125,0.51
239.75,-5.0625,-51.125,0.51
239.75,-5.0625,-51.125,0.51
239.75,-5.0625,-51.125,0.51
239.75,-5.0625,-51.125,0.51
239.75,-5.0625,-51.125,0.51
239.75,-5.0625,-51.125,0.51
239.75,-5.0625,-51.125,0.51
239.75,-5.0625,-51.125,0.51
239.75,-5.0625,-51.125,0.51
239.75,-5.0625,-51.125,0.51
239.75,-5.0625,-51.125,0.51
239.75,-5.0625,-51.125,0.74
239.75,-5.0625,-51.125,0.74
239.75,-5.0625,-51.125,0.74
239.75,-5.0625,-51.125,0.74
239.75,-5.0625,-51.125,0.74
239.75,-5.0625,-51.125,0.74
239.75,-5.0625,-51.125,0.74
239.75,-5.0625,-51.125,0.74
239.75,-5.0625,-51.125,0.74
239.75,-5.0625,-51.125,0.74
239.75,-5.0625,-51.125,0.74
239.75,-5.0625,-51.125,0.74
239.75,-5.0625,-51.125,0.74
239.75,-5.0625,-51.125,0.74
239.75,-5.0625,-51.125,0.74
239.75,-5.0625,-51.125,1.05
239.75,-5.0625,-51.125,1.05
239.75,-5.0625,-51.125,1.05
239.75,-5.0625,-51.125,1.05
239.75,-5.0625,-51.125,1.05
239.75,-5.0625,-51.125,1.05
239.75,-5.0625,-51.125,1.05
239.75,-5.0625,-51.125,1.05
239.75,-5.0625,-51.125,1.05
239.75,-5.0625,-51.125,1.05
239.75,-5.0625,-51.125,1.05
239.75,-5.0625,-51.125,1.05
239.75,-5.0625,-51.125,1.05
239.75,-5.0625,-51.125,1.05
239.75,-5.0625,-51.125,1.05
239.75,-5.0625,-51.125,1.05
239.75,-5.0625,-51.125,1.05
239.75,-5.0625,-51.125,1.39
239.75,-5.0625,-51.125,1.39
239.75,-5.0625,-51.125,1.39
239.75,-5.0625,-51.125,1.39
239.75,-5.0625,-51.125,1.39
239.75,-5.0625,-51.125,1.39
239.75,-5.0625,-51.125,1.39
239.75,-5.0625,-51.125,1.39
239.75,-5.0625,-51.125,1.39
239.75,-5.0625,-51.125,1.39
239.75,-5.0625,-51.125,1.39
239.75,-5.0625,-51.125,1.39
239.75,-5.0625,-51.125,1.39
239.75,-5.0625,-51.125,1.39
239.75,-5.0625,-51.125,1.39
239.75,-5.0625,-51.125,1.39
239.75,-5.0625,-51.125,1.72
239.75,-5.0625,-51.125,1.72
239.75,-5.0625,-51.125,1.72
239.75,-5.0625,-51.125,1.72
239.75,-5.0625,-51.125,1.72
239.75,-5.0625,-51.125,1.72
239.75,-5.0625,-51.125,1.72
239.75,-5.0625,-51.125,1.72
239.75,-5.0625,-51.125,1.72
239.75,-5.0625,-51.125,1.72
239.75,-5.0625,-51.125,1.72
239.75,-5.0625,-51.125,1.72
239.75,-5.0625,-51.125,1.72
239.75,-5.0625,-51.125,1.72
239.75,-5.0625,-51.125,1.72
239.75,-5.0625,-51.125,1.72
239.75,-5.0625,-51.125,1.72
239.75,-5.0625,-51.125,2.05
239.75,-5.0625,-51.125,2.05
239.75,-5.0625,-51.125,2.05
239.75,-5.0625,-51.125,2.05
239.75,-5.0625,-51.125,2.05
239.75,-5.0625,-51.125,2.05
239.75,-5.0625,-51.125,2.05
239.75,-5.0625,-51.125,2.05
239.75,-5.0625,-51.125,2.05
239.75,-5.0625,-51.125,2.05
239.75,-5.0625,-51.125,2.05
239.75,-5.0625,-51.125,2.05
239.75,-5.0625,-51.125,2.05
239.75,-5.0625,-51.125,2.05
239.75,-5.0625,-51.125,2.05
239.75,-5.0625,-51.125,2.05
239.75,-5.0625,-51.125,2.05
239.75,-5.0625,-51.125,2.39
239.75,-5.0625,-51.125,2.39
239.75,-5.0625,-51.125,2.39
239.75,-5.0625,-51.125,2.39
239.75,-5.0625,-51.125,2.39
239.75,-5.0625,-51.125,2.39
239.75,-5.0625,-51.125,2.39
239.75,-5.0625,-51.125,2.39
239.75,-5.0625,-51.125,2.39
239.75,-5.0625,-51.125,2.39
239.75,-5.0625,-51.125,2.39
239.75,-5.0625,-51.125,2.39
239.75,-5.0625,-51.125,2.39
239.75,-5.0625,-51.125,2.39
239.75,-5.0625,-51.125,2.39
239.75,-5.0625,-51.125,2.39
239.75,-5.0625,-51.125,2.72
239.75,-5.0625,-51.125,2.72
239.75,-5.0625,-51.125,2.72
239.75,-5.0625,-51.125,2.72
239.75,-5.0625,-51.125,2.72
239.75,-5.0625,-51.125,2.72
239.75,-5.0625,-51.125,2.72
239.75,-5.0625,-51.125,2.72
239.75,-5.0625,-51.125,2.72
239.75,-5.0625,-51.125,2.72
239.75,-5.0625,-51.125,2.72
239.75,-5.0625,-51.125,2.72
239.75,-5.0625,-51.125,2.72
239.75,-5.0625,-51.125,2.72
239.75,-5.0625,-51.125,2.72
239.75,-5.0625,-51.125,2.72
239.75,-5.0625,-51.125,2.72
239.75,-5.0625,-51.125,3.05
239.75,-5.0625,-51.125,3.05
239.75,-5.0625,-51.125,3.05
239.75,-5.0625,-51.125,3.05
239.75,-5.0625,-51.125,3.05
239.75,-5.0625,-51.125,3.05
239.75,-5.0625,-51.125,3.05
239.75,-5.0625,-51.125,3.05
239.75,-5.0625,-51.125,3.05
239.75,-5.0625,-51.125,3.05
239.75,-5.0625,-51.125,3.05
239.75,-5.0625,-51.125,3.05
239.75,-5.0625,-51.125,3.05
239.75,-5.0625,-51.125,3.05
239.75,-5.0625,-51.125,3.05
239.75,-5.0625,-51.125,3.05
239.75,-5.0625,-51.125,3.05
239.75,-5.0625,-51.125,3.39
239.75,-5.0625,-51.125,3.39
239.75,-5.0625,-51.125,3.39
239.75,-5.0625,-51.125,3.39
239.75,-5.0625,-51.125,3.39
239.75,-5.0625,-51.125,3.39
239.75,-5.0625,-51.125,3.39
239.75,-5.0625,-51.125,3.39
239.75,-5.0625,-51.125,3.39
239.75,-5.0625,-51.125,3.39
239.75,-5.0625,-51.125,3.39
239.75,-5.0625,-51.125,3.39
239.75,-5.0625,-51.125,3.39
239.75,-5.0625,-51.125,3.39
239.75,-5.0625,-51.125,3.39
239.75,-5.0625,-51.125,3.39
239.75,-5.0625,-51.125,3.72
239.75,-5.0625,-51.125,3.72
239.75,-5.0625,-51.125,3.72
239.75,-5.0625,-51.125,3.72
239.75,-5.0625,-51.125,3.72
239.75,-5.0625,-51.125,3.72
239.75,-5.0625,-51.125,3.72
239.75,-5.0625,-51.125,3.72
239.75,-5.0625,-51.125,3.72
239.75,-5.0625,-51.125,3.72
239.75,-5.0625,-51.125,3.72
239.75,-5.0625,-51.125,3.72
239.75,-5.0625,-51.125,3.72
239.75,-5.0625,-51.125,3.72
239.75,-5.0625,-51.125,3.72
239.75,-5.0625,-51.125,3.72
239.75,-5.0625,-51.125,3.72
239.75,-5.0625,-51.125,4.05
239.75,-5.0625,-51.125,4.05
239.75,-5.0625,-51.125,4.05
239.75,-5.0625,-51.125,4.05
239.75,-5.0625,-51.125,4.05
239.75,-5.0625,-51.125,4.05
239.75,-5.0625,-51.125,4.05
239.75,-5.0625,-51.125,4.05
239.75,-5.0625,-51.125,4.05
239.75,-5.0625,-51.125,4.05
239.75,-5.0625,-51.125,4.05
239.75,-5.0625,-51.125,4.05
239.75,-5.0625,-51.125,4.05
239.75,-5.0625,-51.125,4.05
239.75,-5.0625,-51.125,4.05
239.75,-5.0625,-51.125,4.05
239.75,-5.0625,-51.125,4.05
239.75,-5.0625,-51.125,4.39
239.75,-5.0625,-51.125,4.39
239.75,-5.0625,-51.125,4.39
239.75,-5.0625,-51.125,4.39
239.75,-5.0625,-51.125,4.39
239.75,-5.0625,-51.125,4.39
239.75,-5.0625,-51.125,4.39
239.75,-5.0625,-51.125,4.39
239.75,-5.0625,-51.125,4.39
239.75,-5.0625,-51.125,4.39
239.75,-5.0625,-51.125,4.39
239.75,-5.0625,-51.125,4.39
239.75,-5.0625,-51.125,4.39
239.75,-5.0625,-51.125,4.39
239.75,-5.0625,-51.125,4.39
239.75,-5.0625,-51.125,4.39
239.75,-5.0625,-51.125,4.72
239.75,-5.0625,-51.125,4.72
239.75,-5.0625,-51.125,4.72
239.75,-5.0625,-51.125,4.72
239.75,-5.0625,-51.125,4.72
239.75,-5.0625,-51.125,4.72
239.75,-5.0625,-51.125,4.72
239.75,-5.0625,-51.125,4.72
239.75,-5.0625,-51.125,4.72
239.75,-5.0625,-51.125,4.72
239.75,-5.0625,-51.125,4.72
239.75,-5.0625,-51.125,4.72
239.75,-5.0625,-51.125,4.72
239.75,-5.0625,-51.125,4.72
239.75,-5.0625,-51.125,4.72
239.75,-5.0625,-51.125,4.72
239.75,-5.0625,-51.125,4.72
239.75,-5.0625,-51.125,5.05
239.75,-5.0625,-51.125,5.05
239.75,-5.0625,-51.125,5.05
239.75,-5.0625,-51.125,5.05
239.75,-5.0625,-51.125,5.05
239.75,-5.0625,-51.125,5.05
239.75,-5.0625,-51.125,5.05
239.75,-5.0625,-51.125,5.05
239.75,-5.0625,-51.125,5.05
239.75,-5.0625,-51.125,5.05
239.75,-5.0625,-51.125,5.05
239.75,-5.0625,-51.125,5.05
239.75,-5.0625,-51.125,5.05
239.75,-5.0625,-51.125,5.05
239.75,-5.0625,-51.125,5.05
239.75,-5.0625,-51.125,5.05
239.75,-5.0625,-51.125,5.05
239.75,-5.0625,-51.125,5.39
239.75,-5.0625,-51.125,5.39
239.75,-5.0625,-51.125,5.39
239.75,-5.0625,-51.125,5.39
239.75,-5.0625,-51.125,5.39
239.75,-5.0625,-51.125,5.39
239.75,-5.0625,-51.125,5.39
239.75,-5.0625,-51.125,5.39
239.75,-5.0625,-51.125,5.39
239.75,-5.0625,-51.125,5.39
239.75,-5.0625,-51.125,5.39
239.75,-5.0625,-51.125,5.39
239.75,-5.0625,-51.125,5.39
239.75,-5.0625,-51.125,5.39
239.75,-5.0625,-51.125,5.39
239.75,-5.0625,-51.125,5.39
239.75,-5.0625,-51.125,5.72
239.75,-5.0625,-51.125,5.72
239.75,-5.0625,-51.125,5.72
239.75,-5.0625,-51.125,5.72
239.75,-5.0625,-51.125,5.72
239.75,-5.0625,-51.125,5.72
239.75,-5.0625,-51.125,5.72
239.75,-5.0625,-51.125,5.72
239.75,-5.0625,-51.125,5.72
239.75,-5.0625,-51.125,5.72
239.75,-5.0625,-51.125,5.72
239.75,-5.0625,-51.125,5.72
239.75,-5.0625,-51.125,5.72
239.75,-5.0625,-51.125,5.72
239.75,-5.0625,-51.125,5.72
239.75,-5.0625,-51.125,5.72
239.75,-5.0625,-51.125,5.72
239.75,-5.0625,-51.125,6.05
239.75,-5.0625,-51.125,6.05
239.75,-5.0625,-51.125,6.05
239.75,-5.0625,-51.125,6.05
239.75,-5.0625,-51.125,6.05
239.75,-5.0625,-51.125,6.05
239.75,-5.0625,-51.125,6.05
239.75,-5.0625,-51.125,6.05
239.75,-5.0625,-51.125,6.05
239.75,-5.0625,-51.125,6.05
239.75,-5.0625,-51.125,6.05
239.75,-5.0625,-51.125,6.05
239.75,-5.0625,-51.125,6.05
239.75,-5.0625,-51.125,6.05
239.75,-5.0625,-51.125,6.05
239.75,-5.0625,-51.125,6.05
239.75,-5.0625,-51.125,6.05
239.75,-5.0625,-51.125,6.39
239.75,-5.0625,-51.125,6.39
239.75,-5.0625,-51.125,6.39
239.75,-5.0625,-51.125,6.39
239.75,-5.0625,-51.125,6.39
239.75,-5.0625,-51.125,6.39
239.75,-5.0625,-51.125,6.39
239.75,-5.0625,-51.125,6.39
239.75,-5.0625,-51.125,6.39
239.75,-5.0625,-51.125,6.39
239.75,-5.0625,-51.125,6.39
239.75,-5.0625,-51.125,6.39
239.75,-5.0625,-51.125,6.39
239.75,-5.0625,-51.125,6.39
239.75,-5.0625,-51.125,6.39
239.75,-5.0625,-51.125,6.39
239.75,-5.0625,-51.125,6.72
239.75,-5.0625,-51.125,6.72
239.75,-5.0625,-51.125,6.72
239.75,-5.0625,-51.125,6.72
239.75,-5.0625,-51.125,6.72
239.75,-5.0625,-51.125,6.72
239.75,-5.0625,-51.125,6.72
239.75,-5.0625,-51.125,6.72
239.75,-5.0625,-51.125,6.72
239.75,-5.0625,-51.125,6.72
239.75,-5.0625,-51.125,6.72
239.75,-5.0625,-51.125,6.72
239.75,-5.0625,-51.125,6.72
239.75,-5.0625,-51.125,6.72
239.75,-5.0625,-51.125,6.72
239.75,-5.0625,-51.125,6.72
239.75,-5.0625,-51.125,6.72
239.75,-5.0625,-51.125,7.05
239.75,-5.0625,-51.125,7.05
239.75,-5.0625,-51.125,7.05
239.75,-5.0625,-51.125,7.05
239.75,-5.0625,-51.125,7.05
239.75,-5.0625,-51.125,7.05
239.75,-5.0625,-51.125,7.05
239.75,-5.0625,-51.125,7.05
239.75,-5.0625,-51.125,7.05
239.75,-5.0625,-51.125,7.05
239.75,-5.0625,-51.125,7.05
239.75,-5.0625,-51.125,7.05
239.75,-5.0625,-51.125,7.05
239.75,-5.0625,-51.125,7.05
239.75,-5.0625,-51.125,7.05
239.75,-5.0625,-51.125,7.05
239.75,-5.0625,-51.125,7.05
239.75,-5.0625,-51.0625,7.39
239.75,-5.0625,-51.0625,7.39
239.75,-5.0625,-51.0625,7.39
239.75,-5.0625,-51.0625,7.39
239.75,-5.0625,-51.0625,7.39
239.75,-5.0625,-51.0625,7.39
239.75,-5.0625,-51.0625,7.39
239.75,-5.0625,-51.0625,7.39
239.75,-5.0625,-51.0625,7.39
239.75,-5.0625,-51.0625,7.39
239.75,-5.0625,-51.0625,7.39
239.75,-5.0625,-51.0625,7.39
239.75,-5.0625,-51.0625,7.39
239.75,-5.0625,-51.0625,7.39
239.75,-5.0625,-51.0625,7.39
239.75,-5.0625,-51.0625,7.39
239.75,-5.0625,-51.0625,7.72
239.75,-5.0625,-51.0625,7.72
239.75,-5.0625,-51.0625,7.72
239.75,-5.0625,-51.0625,7.72
239.75,-5.0625,-51.0625,7.72
239.75,-5.0625,-51.0625,7.72
239.75,-5.0625,-51.0625,7.72
239.75,-5.0625,-51.0625,7.72
239.75,-5.0625,-51.0625,7.72
239.75,-5.0625,-51.0625,7.72
239.75,-5.0625,-51.0625,7.72
239.75,-5.0625,-51.0625,7.72
239.75,-5.0625,-51.0625,7.72
239.75,-5.0625,-51.0625,7.72
239.75,-5.0625,-51.0625,7.72
239.75,-5.0625,-51.0625,7.72
239.75,-5.0625,-51.0625,7.72
239.75,-5.0625,-51.0625,8.05
239.75,-5.0625,-51.0625,8.05
239.75,-5.0625,-51.0625,8.05
239.75,-5.0625,-51.0625,8.05
239.75,-5.0625,-51.0625,8.05
239.75,-5.0625,-51.0625,8.05
239.75,-5.0625,-51.0625,8.05
239.75,-5.0625,-51.0625,8.05
239.75,-5.0625,-51.0625,8.05
239.75,-5.0625,-51.0625,8.05
239.75,-5.0625,-51.0625,8.05
239.75,-5.0625,-51.0625,8.05
239.75,-5.0625,-51.0625,8.05
239.75,-5.0625,-51.0625,8.05
239.75,-5.0625,-51.0625,8.05
239.75,-5.0625,-51.0625,8.05
239.75,-5.0625,-51.0625,8.05
239.75,-5.0625,-51.0625,8.39
239.75,-5.0625,-51.0625,8.39
239.75,-5.0625,-51.0625,8.39
239.75,-5.0625,-51.0625,8.39
239.75,-5.0625,-51.0625,8.39
239.75,-5.0625,-51.0625,8.39
239.75,-5.0625,-51.0625,8.39
239.75,-5.0625,-51.0625,8.39
239.75,-5.0625,-51.0625,8.39
239.75,-5.0625,-51.0625,8.39
239.75,-5.0625,-51.0625,8.39
239.75,-5.0625,-51.0625,8.39
239.75,-5.0625,-51.0625,8.39
239.75,-5.0625,-51.0625,8.39
239.75,-5.0625,-51.0625,8.39
239.75,-5.0625,-51.0625,8.39
239.75,-5.0625,-51.0625,8.72
239.75,-5.0625,-51.0625,8.72
239.75,-5.0625,-51.0625,8.72
239.75,-5.0625,-51.0625,8.72
239.75,-5.0625,-51.0625,8.72
239.75,-5.0625,-51.0625,8.72
239.75,-5.0625,-51.0625,8.72
239.75,-5.0625,-51.0625,8.72
239.75,-5.0625,-51.0625,8.72
239.75,-5.0625,-51.0625,8.72
239.75,-5.0625,-51.0625,8.72
239.75,-5.0625,-51.0625,8.72
239.75,-5.0625,-51.0625,8.72
239.75,-5.0625,-51.0625,8.72
239.75,-5.0625,-51.0625,8.72
239.75,-5.0625,-51.0625,8.72
239.75,-5.0625,-51.0625,8.72
239.75,-5.0625,-51.0625,9.05
239.75,-5.0625,-51.0625,9.05
239.75,-5.0625,-51.0625,9.05
239.75,-5.0625,-51.0625,9.05
239.75,-5.0625,-51.0625,9.05
239.75,-5.0625,-51.0625,9.05
239.75,-5.0625,-51.0625,9.05
239.75,-5.0625,-51.0625,9.05
239.75,-5.0625,-51.0625,9.05
239.75,-5.0625,-51.0625,9.05
239.75,-5.0625,-51.0625,9.05
239.75,-5.0625,-51.0625,9.05
239.75,-5.0625,-51.0625,9.05
239.75,-5.0625,-51.0625,9.05
239.75,-5.0625,-51.0625,9.05
239.75,-5.0625,-51.0625,9.05
239.75,-5.0625,-51.0625,9.05
239.75,-5.0625,-51.0625,9.39
239.75,-5.0625,-51.0625,9.39
239.75,-5.0625,-51.0625,9.39
239.75,-5.0625,-51.0625,9.39
239.75,-5.0625,-51.0625,9.39
239.75,-5.0625,-51.0625,9.39
239.75,-5.0625,-51.0625,9.39
239.75,-5.0625,-51.0625,9.39
239.75,-5.0625,-51.0625,9.39
239.75,-5.0625,-51.0625,9.39
239.75,-5.0625,-51.0625,9.39
239.75,-5.0625,-51.0625,9.39
239.75,-5.0625,-51.0625,9.39
239.75,-5.0625,-51.0625,9.39
239.75,-5.0625,-51.0625,9.39
239.75,-5.0625,-51.0625,9.39
239.75,-5.0625,-51.0625,9.72
239.75,-5.0625,-51.0625,9.72
239.75,-5.0625,-51.0625,9.72
239.75,-5.0625,-51.0625,9.72
239.75,-5.0625,-51.0625,9.72
239.75,-5.0625,-51.0625,9.72
239.75,-5.0625,-51.0625,9.72
239.75,-5.0625,-51.0625,9.72
239.75,-5.0625,-51.0625,9.72
239.75,-5.0625,-51.0625,9.72
239.75,-5.0625,-51.0625,9.72
239.75,-5.0625,-51.0625,9.72
239.75,-5.0625,-51.0625,9.72
239.75,-5.0625,-51.0625,9.72
239.75,-5.0625,-51.0625,9.72
239.75,-5.0625,-51.0625,9.72
239.75,-5.0625,-51.0625,9.72
239.75,-5.0625,-51.0625,10.05
239.75,-5.0625,-51.0625,10.05
239.75,-5.0625,-51.0625,10.05
239.75,-5.0625,-51.0625,10.05
239.75,-5.0625,-51.0625,10.05
239.75,-5.0625,-51.0625,10.05
239.75,-5.0625,-51.0625,10.05
239.75,-5.0625,-51.0625,10.05
239.75,-5.0625,-51.0625,10.05
239.75,-5.0625,-51.0625,10.05
239.75,-5.0625,-51.0625,10.05
239.75,-5.0625,-51.0625,10.05
239.75,-5.0625,-51.0625,10.05
239.75,-5.0625,-51.0625,10.05
239.75,-5.0625,-51.0625,10.05
239.75,-5.0625,-51.0625,10.05
239.75,-5.0625,-51.0625,10.05
239.75,-5.0625,-51.0625,10.39
239.75,-5.0625,-51.0625,10.39
239.75,-5.0625,-51.0625,10.39
239.75,-5.0625,-51.0625,10.39
239.75,-5.0625,-51.0625,10.39
239.75,-5.0625,-51.0625,10.39
239.75,-5.0625,-51.0625,10.39
239.75,-5.0625,-51.0625,10.39
239.75,-5.0625,-51.0625,10.39
239.75,-5.0625,-51.0625,10.39
239.75,-5.0625,-51.0625,10.39
239.75,-5.0625,-51.0625,10.39
239.75,-5.0625,-51.0625,10.39
239.75,-5.0625,-51.0625,10.39
239.75,-5.0625,-51.0625,10.39
239.75,-5.0625,-51.0625,10.39
239.75,-5.0625,-51.0625,10.72
239.75,-5.0625,-51.0625,10.72
239.75,-5.0625,-51.0625,10.72
239.75,-5.0625,-51.0625,10.72
239.75,-5.0625,-51.0625,10.72
239.75,-5.0625,-51.0625,10.72
239.75,-5.0625,-51.0625,10.72
239.75,-5.0625,-51.0625,10.72
239.75,-5.0625,-51.0625,10.72
239.75,-5.0625,-51.0625,10.72
239.75,-5.0625,-51.0625,10.72
239.75,-5.0625,-51.0625,10.72
239.75,-5.0625,-51.0625,10.72
239.75,-5.0625,-51.0625,10.72
239.75,-5.0625,-51.0625,10.72
239.75,-5.0625,-51.0625,10.72
239.75,-5.0625,-51.0625,10.72
239.75,-5.0625,-51.0,11.05
239.75,-5.0625,-51.0,11.05
239.75,-5.0625,-51.0,11.05
239.75,-5.0625,-51.0,11.05
239.75,-5.0625,-51.0,11.05
239.75,-5.0625,-51.0,11.05
239.75,-5.0625,-51.0,11.05
239.75,-5.0625,-51.0,11.05
239.75,-5.0625,-51.0,11.05
239.75,-5.0625,-51.0,11.05
239.75,-5.0625,-51.0,11.05
239.75,-5.0625,-51.0,11.05
239.75,-5.0625,-51.0,11.05
239.75,-5.0625,-51.0,11.05
239.75,-5.0625,-51.0,11.05
239.75,-5.0625,-51.0,11.05
239.75,-5.0625,-51.0,11.05
239.75,-5.0625,-51.0,11.39
239.75,-5.0625,-51.0,11.39
239.75,-5.0625,-51.0,11.39
239.75,-5.0625,-51.0,11.39
239.75,-5.0625,-51.0,11.39
239.75,-5.0625,-51.0,11.39
239.75,-5.0625,-51.0,11.39
239.75,-5.0625,-51.0,11.39
239.75,-5.0625,-51.0,11.39
239.75,-5.0625,-51.0,11.39
239.75,-5.0625,-51.0,11.39
239.75,-5.0625,-51.0,11.39
239.75,-5.0625,-51.0,11.39
239.75,-5.0625,-51.0,11.39
239.75,-5.0625,-51.0,11.39
239.75,-5.0625,-51.0,11.39
239.75,-5.0625,-51.0,11.72
239.75,-5.0625,-51.0,11.72
239.75,-5.0625,-51.0,11.72
239.75,-5.0625,-51.0,11.72
239.75,-5.0625,-51.0,11.72
239.75,-5.0625,-51.0,11.72
239.75,-5.0625,-51.0,11.72
239.75,-5.0625,-51.0,11.72
239.75,-5.0625,-51.0,11.72
239.75,-5.0625,-51.0,11.72
239.75,-5.0625,-51.0,11.72
239.75,-5.0625,-51.0,11.72
239.75,-5.0625,-51.0,11.72
239.75,-5.0625,-51.0,11.72
239.75,-5.0625,-51.0,11.72
239.75,-5.0625,-51.0,11.72
239.75,-5.0625,-51.0,11.72
239.75,-5.0625,-51.0,12.05
239.75,-5.0625,-51.0,12.05
239.75,-5.0625,-51.0,12.05
239.75,-5.0625,-51.0,12.05
239.75,-5.0625,-51.0,12.05
239.75,-5.0625,-51.0,12.05
239.75,-5.0625,-51.0,12.05
239.75,-5.0625,-51.0,12.05
239.75,-5.0625,-51.0,12.05
239.75,-5.0625,-51.0,12.05
239.75,-5.0625,-51.0,12.05
239.75,-5.0625,-51.0,12.05
239.75,-5.0625,-51.0,12.05
239.75,-5.0625,-51.0,12.05
239.75,-5.0625,-51.0,12.05
239.75,-5.0625,-51.0,12.05
239.75,-5.0625,-51.0,12.05
239.75,-5.0625,-51.0,12.39
239.75,-5.0625,-51.0,12.39
239.75,-5.0625,-51.0,12.39
239.75,-5.0625,-51.0,12.39
239.75,-5.0625,-51.0,12.39
239.75,-5.0625,-51.0,12.39
239.75,-5.0625,-51.0,12.39
239.75,-5.0625,-51.0,12.39
239.75,-5.0625,-51.0,12.39
239.75,-5.0625,-51.0,12.39
239.75,-5.0625,-51.0,12.39
239.75,-5.0625,-51.0,12.39
239.75,-5.0625,-51.0,12.39
239.75,-5.0625,-51.0,12.39
239.75,-5.0625,-51.0,12.39
239.75,-5.0625,-51.0,12.39
239.75,-5.0625,-51.0,12.72
239.75,-5.0625,-51.0,12.72
239.75,-5.0625,-51.0,12.72
239.75,-5.0625,-51.0,12.72
239.75,-5.0625,-51.0,12.72
239.75,-5.0625,-51.0,12.72
239.75,-5.0625,-51.0,12.72
239.75,-5.0625,-51.0,12.72
239.75,-5.0625,-51.0,12.72
239.75,-5.0625,-51.0,12.72
239.75,-5.0625,-51.0,12.72
239.75,-5.0625,-51.0,12.72
239.75,-5.0625,-51.0,12.72
239.75,-5.0625,-51.0,12.72
239.75,-5.0625,-51.0,12.72
239.75,-5.0625,-51.0,12.72
239.75,-5.0625,-51.0,12.72
239.75,-5.0625,-51.0,13.05
239.75,-5.0625,-51.0,13.05
239.75,-5.0625,-51.0,13.05
239.75,-5.0625,-51.0,13.05
239.75,-5.0625,-51.0,13.05
239.75,-5.0625,-51.0,13.05
239.75,-5.0625,-51.0,13.05
239.75,-5.0625,-51.0,13.05
239.75,-5.0625,-51.0,13.05
239.75,-5.0625,-51.0,13.05
239.75,-5.0625,-51.0,13.05
239.75,-5.0625,-51.0,13.05
239.75,-5.0625,-51.0,13.05
239.75,-5.0625,-51.0,13.05
239.75,-5.0625,-51.0,13.05
239.75,-5.0625,-51.0,13.05
239.75,-5.0625,-51.0,13.05
239.75,-5.0625,-51.0,13.39
239.75,-5.0625,-51.0,13.39
239.75,-5.0625,-51.0,13.39
239.75,-5.0625,-51.0,13.39
239.75,-5.0625,-51.0,13.39
239.75,-5.0625,-51.0,13.39
239.75,-5.0625,-51.0,13.39
239.75,-5.0625,-51.0,13.39
239.75,-5.0625,-51.0,13.39
239.75,-5.0625,-51.0,13.39
239.75,-5.0625,-51.0,13.39
239.75,-5.0625,-51.0,13.39
239.75,-5.0625,-51.0,13.39
239.75,-5.0625,-51.0,13.39
239.75,-5.0625,-51.0,13.39
239.75,-5.0625,-51.0,13.39
239.75,-5.0625,-51.0,13.72
239.75,-5.0625,-51.0,13.72
239.75,-5.0625,-51.0,13.72
239.75,-5.0625,-51.0,13.72
239.75,-5.0625,-51.0,13.72
239.75,-5.0625,-51.0,13.72
239.75,-5.0625,-51.0,13.72
239.75,-5.0625,-51.0,13.72
239.75,-5.0625,-51.0,13.72
239.75,-5.0625,-51.0,13.72
239.75,-5.0625,-51.0,13.72
239.75,-5.0625,-51.0,13.72
239.75,-5.0625,-51.0,13.72
239.75,-5.0625,-51.0,13.72
239.75,-5.0625,-51.0,13.72
239.75,-5.0625,-51.0,13.72
239.75,-5.0625,-51.0,13.72
239.75,-5.0625,-51.0,14.05
239.75,-5.0625,-51.0,14.05
239.75,-5.0625,-51.0,14.05
239.75,-5.0625,-51.0,14.05
239.75,-5.0625,-51.0,14.05
239.75,-5.0625,-51.0,14.05
239.75,-5.0625,-51.0,14.05
239.75,-5.0625,-51.0,14.05
239.75,-5.0625,-51.0,14.05
239.75,-5.0625,-51.0,14.05
239.75,-5.0625,-51.0,14.05
239.75,-5.0625,-51.0,14.05
239.75,-5.0625,-51.0,14.05
239.75,-5.0625,-51.0,14.05
239.75,-5.0625,-51.0,14.05
239.75,-5.0625,-51.0,14.05
239.75,-5.0625,-51.0,14.05
239.75,-5.0625,-51.0,14.39
239.75,-5.0625,-51.0,14.39
239.75,-5.0625,-51.0,14.39
239.75,-5.0625,-51.0,14.39
239.75,-5.0625,-51.0,14.39
239.75,-5.0625,-51.0,14.39
239.75,-5.0625,-51.0,14.39
239.75,-5.0625,-51.0,14.39
239.75,-5.0625,-51.0,14.39
239.75,-5.0625,-51.0,14.39
239.75,-5.0625,-51.0,14.39
239.75,-5.0625,-51.0,14.39
239.75,-5.0625,-51.0,14.39
239.75,-5.0625,-51.0,14.39
239.75,-5.0625,-51.0,14.39
239.75,-5.0625,-51.0,14.39
239.75,-5.0625,-50.9375,14.72
239.75,-5.0625,-50.9375,14.72
239.75,-5.0625,-50.9375,14.72
239.75,-5.0625,-50.9375,14.72
239.75,-5.0625,-50.9375,14.72
239.75,-5.0625,-50.9375,14.72
239.75,-5.0625,-50.9375,14.72
239.75,-5.0625,-50.9375,14.72
239.75,-5.0625,-50.9375,14.72
239.75,-5.0625,-50.9375,14.72
239.75,-5.0625,-50.9375,14.72
239.75,-5.0625,-50.9375,14.72
239.75,-5.0625,-50.9375,14.72
239.75,-5.0625,-50.9375,14.72
239.75,-5.0625,-50.9375,14.72
239.75,-5.0625,-50.9375,14.72
239.75,-5.0625,-50.9375,14.72
239.75,-5.0625,-50.9375,15.05
239.75,-5.0625,-50.9375,15.05
239.75,-5.0625,-50.9375,15.05
239.75,-5.0625,-50.9375,15.05
239.75,-5.0625,-50.9375,15.05
239.75,-5.0625,-50.9375,15.05
239.75,-5.0625,-50.9375,15.05
239.75,-5.0625,-50.9375,15.05
239.75,-5.0625,-50.9375,15.05
239.75,-5.0625,-50.9375,15.05
239.75,-5.0625,-50.9375,15.05
239.75,-5.0625,-50.9375,15.05
239.75,-5.0625,-50.9375,15.05
239.75,-5.0625,-50.9375,15.05
239.75,-5.0625,-50.9375,15.05
239.75,-5.0625,-50.9375,15.05
239.75,-5.0625,-50.9375,15.05
239.75,-5.0625,-50.9375,15.39
239.75,-5.0625,-50.9375,15.39
239.75,-5.0625,-50.9375,15.39
239.75,-5.0625,-50.9375,15.39
239.75,-5.0625,-50.9375,15.39
239.75,-5.0625,-50.9375,15.39
239.75,-5.0625,-50.9375,15.39
239.75,-5.0625,-50.9375,15.39
239.75,-5.0625,-50.9375,15.39
239.75,-5.0625,-50.9375,15.39
239.75,-5.0625,-50.9375,15.39
239.75,-5.0625,-50.9375,15.39
239.75,-5.0625,-50.9375,15.39
239.75,-5.0625,-50.9375,15.39
239.75,-5.0625,-50.9375,15.39
239.75,-5.0625,-50.9375,15.39
239.75,-5.0625,-50.9375,15.72
239.75,-5.0625,-50.9375,15.72
239.75,-5.0625,-50.9375,15.72
239.75,-5.0625,-50.9375,15.72
239.75,-5.0625,-50.9375,15.72
239.75,-5.0625,-50.9375,15.72
239.75,-5.0625,-50.9375,15.72
239.75,-5.0625,-50.9375,15.72
239.75,-5.0625,-50.9375,15.72
239.75,-5.0625,-50.9375,15.72
239.75,-5.0625,-50.9375,15.72
239.75,-5.0625,-50.9375,15.72
239.75,-5.0625,-50.9375,15.72
239.75,-5.0625,-50.9375,15.72
239.75,-5.0625,-50.9375,15.72
239.75,-5.0625,-50.9375,15.72
239.75,-5.0625,-50.9375,15.72
239.75,-5.0625,-50.9375,16.05
239.75,-5.0625,-50.9375,16.05
239.75,-5.0625,-50.9375,16.05
239.75,-5.0625,-50.9375,16.05
239.75,-5.0625,-50.9375,16.05
239.75,-5.0625,-50.9375,16.05
239.75,-5.0625,-50.9375,16.05
239.75,-5.0625,-50.9375,16.05
239.75,-5.0625,-50.9375,16.05
239.75,-5.0625,-50.9375,16.05
239.75,-5.0625,-50.9375,16.05
239.75,-5.0625,-50.9375,16.05
239.75,-5.0625,-50.9375,16.05
239.75,-5.0625,-50.9375,16.05
239.75,-5.0625,-50.9375,16.05
239.75,-5.0625,-50.9375,16.05
239.75,-5.0625,-50.9375,16.05
239.75,-5.0625,-50.9375,16.39
239.75,-5.0625,-50.9375,16.39
239.75,-5.0625,-50.9375,16.39
239.75,-5.0625,-50.9375,16.39
239.75,-5.0625,-50.9375,16.39
239.75,-5.0625,-50.9375,16.39
239.75,-5.0625,-50.9375,16.39
239.75,-5.0625,-50.9375,16.39
239.75,-5.0625,-50.9375,16.39
239.75,-5.0625,-50.9375,16.39
239.75,-5.0625,-50.9375,16.39
239.75,-5.0625,-50.9375,16.39
239.75,-5.0625,-50.9375,16.39
239.75,-5.0625,-50.9375,16.39
239.75,-5.0625,-50.9375,16.39
239.75,-5.0625,-50.9375,16.39
239.75,-5.0625,-50.9375,16.72
239.75,-5.0625,-50.9375,16.72
239.75,-5.0625,-50.9375,16.72
239.75,-5.0625,-50.9375,16.72
239.75,-5.0625,-50.9375,16.72
239.75,-5.0625,-50.9375,16.72
239.75,-5.0625,-50.9375,16.72
239.75,-5.0625,-50.9375,16.72
239.75,-5.0625,-50.9375,16.72
239.75,-5.0625,-50.9375,16.72
239.75,-5.0625,-50.9375,16.72
239.75,-5.0625,-50.9375,16.72
239.75,-5.0625,-50.9375,16.72
239.75,-5.0625,-50.9375,16.72
239.75,-5.0625,-50.9375,16.72
239.75,-5.0625,-50.9375,16.72
239.75,-5.0625,-50.9375,16.72
239.75,-5.0625,-50.9375,17.05
239.75,-5.0625,-50.9375,17.05
239.75,-5.0625,-50.9375,17.05
239.75,-5.0625,-50.9375,17.05
239.75,-5.0625,-50.9375,17.05
239.75,-5.0625,-50.9375,17.05
239.75,-5.0625,-50.9375,17.05
239.75,-5.0625,-50.9375,17.05
239.75,-5.0625,-50.9375,17.05
239.75,-5.0625,-50.9375,17.05
239.75,-5.0625,-50.9375,17.05
239.75,-5.0625,-50.9375,17.05
239.75,-5.0625,-50.9375,17.05
239.75,-5.0625,-50.9375,17.05
239.75,-5.0625,-50.9375,17.05
239.75,-5.0625,-50.9375,17.05
239.75,-5.0625,-50.9375,17.05
239.75,-5.0625,-50.9375,17.39
239.75,-5.0625,-50.9375,17.39
239.75,-5.0625,-50.9375,17.39
239.75,-5.0625,-50.9375,17.39
239.75,-5.0625,-50.9375,17.39
239.75,-5.0625,-50.9375,17.39
239.75,-5.0625,-50.9375,17.39
239.75,-5.0625,-50.9375,17.39
239.75,-5.0625,-50.9375,17.39
239.75,-5.0625,-50.9375,17.39
239.75,-5.0625,-50.9375,17.39
239.75,-5.0625,-50.9375,17.39
239.75,-5.0625,-50.9375,17.39
239.75,-5.0625,-50.9375,17.39
239.75,-5.0625,-50.9375,17.39
239.75,-5.0625,-50.9375,17.39
239.75,-5.0625,-50.9375,17.72
239.75,-5.0625,-50.9375,17.72
239.75,-5.0625,-50.9375,17.72
239.75,-5.0625,-50.9375,17.72
239.75,-5.0625,-50.9375,17.72
239.75,-5.0625,-50.9375,17.72
239.75,-5.0625,-50.9375,17.72
239.75,-5.0625,-50.9375,17.72
239.75,-5.0625,-50.9375,17.72
239.75,-5.0625,-50.9375,17.72
239.75,-5.0625,-50.9375,17.72
239.75,-5.0625,-50.9375,17.72
239.75,-5.0625,-50.9375,17.72
239.75,-5.0625,-50.9375,17.72
239.75,-5.0625,-50.9375,17.72
239.75,-5.0625,-50.9375,17.72
239.75,-5.0625,-50.9375,17.72
239.75,-5.0625,-50.9375,18.05
239.75,-5.0625,-50.9375,18.05
239.75,-5.0625,-50.9375,18.05
239.75,-5.0625,-50.9375,18.05
239.75,-5.0625,-50.9375,18.05
239.75,-5.0625,-50.9375,18.05
239.75,-5.0625,-50.9375,18.05
239.75,-5.0625,-50.9375,18.05
239.75,-5.0625,-50.9375,18.05
239.75,-5.0625,-50.9375,18.05
239.75,-5.0625,-50.9375,18.05
239.75,-5.0625,-50.9375,18.05
239.75,-5.0625,-50.9375,18.05
239.75,-5.0625,-50.9375,18.05
239.75,-5.0625,-50.9375,18.05
239.75,-5.0625,-50.9375,18.05
239.75,-5.0625,-50.9375,18.05
239.75,-5.0625,-50.9375,18.39
239.75,-5.0625,-50.9375,18.39
239.75,-5.0625,-50.9375,18.39
239.75,-5.0625,-50.9375,18.39
239.75,-5.0625,-50.9375,18.39
239.75,-5.0625,-50.9375,18.39
239.75,-5.0625,-50.9375,18.39
239.75,-5.0625,-50.9375,18.39
239.75,-5.0625,-50.9375,18.39
239.75,-5.0625,-50.9375,18.39
239.75,-5.0625,-50.9375,18.39
239.75,-5.0625,-50.9375,18.39
239.75,-5.0625,-50.9375,18.39
239.75,-5.0625,-50.9375,18.39
239.75,-5.0625,-50.9375,18.39
239.75,-5.0625,-50.9375,18.39
239.75,-5.0625,-50.9375,18.72
239.75,-5.0625,-50.9375,18.72
239.75,-5.0625,-50.9375,18.72
239.75,-5.0625,-50.9375,18.72
239.75,-5.0625,-50.9375,18.72
239.75,-5.0625,-50.9375,18.72
239.75,-5.0625,-50.9375,18.72
239.75,-5.0625,-50.9375,18.72
239.75,-5.0625,-50.9375,18.72
239.75,-5.0625,-50.9375,18.72
239.75,-5.0625,-50.9375,18.72
239.75,-5.0625,-50.9375,18.72
239.75,-5.0625,-50.9375,18.72
239.75,-5.0625,-50.9375,18.72
239.75,-5.0625,-50.9375,18.72
239.75,-5.0625,-50.9375,18.72
239.75,-5.0625,-50.9375,18.72
239.75,-5.0,-50.9375,19.05
239.75,-5.0,-50.9375,19.05
239.75,-5.0,-50.9375,19.05
239.75,-5.0,-50.9375,19.05
239.75,-5.0,-50.9375,19.05
239.75,-5.0,-50.9375,19.05
239.75,-5.0,-50.9375,19.05
239.75,-5.0,-50.9375,19.05
239.75,-5.0,-50.9375,19.05
239.75,-5.0,-50.9375,19.05
239.75,-5.0,-50.9375,19.05
239.75,-5.0,-50.9375,19.05
239.75,-5.0,-50.9375,19.05
239.75,-5.0,-50.9375,19.05
239.75,-5.0,-50.9375,19.05
239.75,-5.0,-50.9375,19.05
239.75,-5.0,-50.9375,19.05
239.75,-5.0,-50.9375,19.39
239.75,-5.0,-50.9375,19.39
239.75,-5.0,-50.9375,19.39
239.75,-5.0,-50.9375,19.39
239.75,-5.0,-50.9375,19.39
239.75,-5.0,-50.9375,19.39
239.75,-5.0,-50.9375,19.39
239.75,-5.0,-50.9375,19.39
239.75,-5.0,-50.9375,19.39
239.75,-5.0,-50.9375,19.39
239.75,-5.0,-50.9375,19.39
239.75,-5.0,-50.9375,19.39
239.75,-5.0,-50.9375,19.39
239.75,-5.0,-50.9375,19.39
239.75,-5.0,-50.9375,19.39
239.75,-5.0,-50.9375,19.39
239.75,-5.0,-50.9375,19.72
239.75,-5.0,-50.9375,19.72
239.75,-5.0,-50.9375,19.72
239.75,-5.0,-50.9375,19.72
239.75,-5.0,-50.9375,19.72
239.75,-5.0,-50.9375,19.72
239.75,-5.0,-50.9375,19.72
239.75,-5.0,-50.9375,19.72
239.75,-5.0,-50.9375,19.72
239.75,-5.0,-50.9375,19.72
239.75,-5.0,-50.9375,19.72
239.75,-5.0,-50.9375,19.72
239.75,-5.0,-50.9375,19.72
239.75,-5.0,-50.9375,19.72
239.75,-5.0,-50.9375,19.72
239.75,-5.0,-50.9375,19.72
239.75,-5.0,-50.9375,19.72
239.75,-5.0,-50.9375,20.05
239.75,-5.0,-50.9375,20.05
239.75,-5.0,-50.9375,20.05
239.75,-5.0,-50.9375,20.05
239.75,-5.0,-50.9375,20.05
239.75,-5.0,-50.9375,20.05
239.75,-5.0,-50.9375,20.05
239.75,-5.0,-50.9375,20.05
239.75,-5.0,-50.9375,20.05
239.75,-5.0,-50.9375,20.05
239.75,-5.0,-50.9375,20.05
239.75,-5.0,-50.9375,20.05
239.75,-5.0,-50.9375,20.05
239.75,-5.0,-50.9375,20.05
239.75,-5.0,-50.9375,20.05
239.75,-5.0,-50.9375,20.05
239.75,-5.0,-50.9375,20.05
239.75,-5.0,-50.9375,20.39
239.75,-5.0,-50.9375,20.39
239.75,-5.0,-50.9375,20.39
239.75,-5.0,-50.9375,20.39
239.75,-5.0,-50.9375,20.39
239.75,-5.0,-50.9375,20.39
239.75,-5.0,-50.9375,20.39
239.75,-5.0,-50.9375,20.39
239.75,-5.0,-50.9375,20.39
239.75,-5.0,-50.9375,20.39
239.75,-5.0,-50.9375,20.39
239.75,-5.0,-50.9375,20.39
239.75,-5.0,-50.9375,20.39
239.75,-5.0,-50.9375,20.39
239.75,-5.0,-50.9375,20.39
239.75,-5.0,-50.9375,20.39
239.75,-5.0,-50.9375,20.72
239.75,-5.0,-50.9375,20.72
239.75,-5.0,-50.9375,20.72
239.75,-5.0,-50.9375,20.72
239.75,-5.0,-50.9375,20.72
239.75,-5.0,-50.9375,20.72
239.75,-5.0,-50.9375,20.72
239.75,-5.0,-50.9375,20.72
239.75,-5.0,-50.9375,20.72
239.75,-5.0,-50.9375,20.72
239.75,-5.0,-50.9375,20.72
239.75,-5.0,-50.9375,20.72
239.75,-5.0,-50.9375,20.72
239.75,-5.0,-50.9375,20.72
239.75,-5.0,-50.9375,20.72
239.75,-5.0,-50.9375,20.72
239.75,-5.0,-50.9375,20.72
239.75,-5.0625,-50.9375,21.05
239.75,-5.0625,-50.9375,21.05
239.75,-5.0625,-50.9375,21.05
239.75,-5.0625,-50.9375,21.05
239.75,-5.0625,-50.9375,21.05
239.75,-5.0625,-50.9375,21.05
239.75,-5.0625,-50.9375,21.05
239.75,-5.0625,-50.9375,21.05
239.75,-5.0625,-50.9375,21.05
239.75,-5.0625,-50.9375,21.05
239.75,-5.0625,-50.9375,21.05
239.75,-5.0625,-50.9375,21.05
239.75,-5.0625,-50.9375,21.05
239.75,-5.0625,-50.9375,21.05
239.75,-5.0625,-50.9375,21.05
239.75,-5.0625,-50.9375,21.05
239.75,-5.0625,-50.9375,21.05
239.75,-5.0625,-50.9375,21.39
239.75,-5.0625,-50.9375,21.39
239.75,-5.0625,-50.9375,21.39
239.75,-5.0625,-50.9375,21.39
239.75,-5.0625,-50.9375,21.39
239.75,-5.0625,-50.9375,21.39
239.75,-5.0625,-50.9375,21.39
239.75,-5.0625,-50.9375,21.39
239.75,-5.0625,-50.9375,21.39
239.75,-5.0625,-50.9375,21.39
239.75,-5.0625,-50.9375,21.39
239.75,-5.0625,-50.9375,21.39
239.75,-5.0625,-50.9375,21.39
239.75,-5.0625,-50.9375,21.39
239.75,-5.0625,-50.9375,21.39
239.75,-5.0625,-50.9375,21.39
239.75,-5.0625,-50.9375,21.72
239.75,-5.0625,-50.9375,21.72
239.75,-5.0625,-50.9375,21.72
239.75,-5.0625,-50.9375,21.72
239.75,-5.0625,-50.9375,21.72
239.75,-5.0625,-50.9375,21.72
239.75,-5.0625,-50.9375,21.72
239.75,-5.0625,-50.9375,21.72
239.75,-5.0625,-50.9375,21.72
239.75,-5.0625,-50.9375,21.72
239.75,-5.0625,-50.9375,21.72
239.75,-5.0625,-50.9375,21.72
239.75,-5.0625,-50.9375,21.72
239.75,-5.0625,-50.9375,21.72
239.75,-5.0625,-50.9375,21.72
239.75,-5.0625,-50.9375,21.72
239.75,-5.0625,-50.9375,21.72
239.75,-5.0625,-50.9375,22.05
239.75,-5.0625,-50.9375,22.05
239.75,-5.0625,-50.9375,22.05
239.75,-5.0625,-50.9375,22.05
239.75,-5.0625,-50.9375,22.05
239.75,-5.0625,-50.9375,22.05
239.75,-5.0625,-50.9375,22.05
239.75,-5.0625,-50.9375,22.05
239.75,-5.0625,-50.9375,22.05
239.75,-5.0625,-50.9375,22.05
239.75,-5.0625,-50.9375,22.05
239.75,-5.0625,-50.9375,22.05
239.75,-5.0625,-50.9375,22.05
239.75,-5.0625,-50.9375,22.05
239.75,-5.0625,-50.9375,22.05
239.75,-5.0625,-50.9375,22.05
239.75,-5.0625,-50.9375,22.05
239.6875,-5.0625,-50.9375,22.39
239.6875,-5.0625,-50.9375,22.39
239.6875,-5.0625,-50.9375,22.39
239.6875,-5.0625,-50.9375,22.39
239.6875,-5.0625,-50.9375,22.39
239.6875,-5.0625,-50.9375,22.39
239.6875,-5.0625,-50.9375,22.39
239.6875,-5.0625,-50.9375,22.39
239.6875,-5.0625,-50.9375,22.39
239.6875,-5.0625,-50.9375,22.39
239.6875,-5.0625,-50.9375,22.39
239.6875,-5.0625,-50.9375,22.39
239.6875,-5.0625,-50.9375,22.39
239.6875,-5.0625,-50.9375,22.39
239.6875,-5.0625,-50.9375,22.39
239.6875,-5.0625,-50.9375,22.39
239.6875,-5.0625,-50.9375,22.72
239.6875,-5.0625,-50.9375,22.72
239.6875,-5.0625,-50.9375,22.72
239.6875,-5.0625,-50.9375,22.72
239.6875,-5.0625,-50.9375,22.72
239.6875,-5.0625,-50.9375,22.72
239.6875,-5.0625,-50.9375,22.72
239.6875,-5.0625,-50.9375,22.72
239.6875,-5.0625,-50.9375,22.72
239.6875,-5.0625,-50.9375,22.72
239.6875,-5.0625,-50.9375,22.72
239.6875,-5.0625,-50.9375,22.72
239.6875,-5.0625,-50.9375,22.72
239.6875,-5.0625,-50.9375,22.72
239.6875,-5.0625,-50.9375,22.72
239.6875,-5.0625,-50.9375,22.72
239.6875,-5.0625,-50.9375,22.72
239.6875,-5.0625,-50.9375,23.05
239.6875,-5.0625,-50.9375,23.05
239.6875,-5.0625,-50.9375,23.05
239.6875,-5.0625,-50.9375,23.05
239.6875,-5.0625,-50.9375,23.05
239.6875,-5.0625,-50.9375,23.05
239.6875,-5.0625,-50.9375,23.05
239.6875,-5.0625,-50.9375,23.05
239.6875,-5.0625,-50.9375,23.05
239.6875,-5.0625,-50.9375,23.05
239.6875,-5.0625,-50.9375,23.05
239.6875,-5.0625,-50.9375,23.05
239.6875,-5.0625,-50.9375,23.05
239.6875,-5.0625,-50.9375,23.05
239.6875,-5.0625,-50.9375,23.05
239.6875,-5.0625,-50.9375,23.05
239.6875,-5.0625,-50.9375,23.05
239.6875,-5.0625,-50.9375,23.39
239.6875,-5.0625,-50.9375,23.39
239.6875,-5.0625,-50.9375,23.39
239.6875,-5.0625,-50.9375,23.39
239.6875,-5.0625,-50.9375,23.39
239.6875,-5.0625,-50.9375,23.39
239.6875,-5.0625,-50.9375,23.39
239.6875,-5.0625,-50.9375,23.39
239.6875,-5.0625,-50.9375,23.39
239.6875,-5.0625,-50.9375,23.39
239.6875,-5.0625,-50.9375,23.39
239.6875,-5.0625,-50.9375,23.39
239.6875,-5.0625,-50.9375,23.39
239.6875,-5.0625,-50.9375,23.39
239.6875,-5.0625,-50.9375,23.39
239.6875,-5.0625,-50.9375,23.39
239.6875,-5.0625,-50.9375,23.72
239.6875,-5.0625,-50.9375,23.72
239.6875,-5.0625,-50.9375,23.72
239.6875,-5.0625,-50.9375,23.72
239.6875,-5.0625,-50.9375,23.72
239.6875,-5.0625,-50.9375,23.72
239.6875,-5.0625,-50.9375,23.72
239.6875,-5.0625,-50.9375,23.72
239.6875,-5.0625,-50.9375,23.72
239.6875,-5.0625,-50.9375,23.72
239.6875,-5.0625,-50.9375,23.72
239.6875,-5.0625,-50.9375,23.72
239.6875,-5.0625,-50.9375,23.72
239.6875,-5.0625,-50.9375,23.72
239.6875,-5.0625,-50.9375,23.72
239.6875,-5.0625,-50.9375,23.72
239.6875,-5.0625,-50.9375,23.72
239.6875,-5.0625,-50.9375,24.05
239.6875,-5.0625,-50.9375,24.05
239.6875,-5.0625,-50.9375,24.05
239.6875,-5.0625,-50.9375,24.05
239.6875,-5.0625,-50.9375,24.05
239.6875,-5.0625,-50.9375,24.05
239.6875,-5.0625,-50.9375,24.05
239.6875,-5.0625,-50.9375,24.05
239.6875,-5.0625,-50.9375,24.05
239.6875,-5.0625,-50.9375,24.05
239.6875,-5.0625,-50.9375,24.05
239.6875,-5.0625,-50.9375,24.05
239.6875,-5.0625,-50.9375,24.05
239.6875,-5.0625,-50.9375,24.05
239.6875,-5.0625,-50.9375,24.05
239.6875,-5.0625,-50.9375,24.05
239.6875,-5.0625,-50.9375,24.05
239.75,-5.0625,-50.9375,24.39
239.75,-5.0625,-50.9375,24.39
239.75,-5.0625,-50.9375,24.39
239.75,-5.0625,-50.9375,24.39
239.75,-5.0625,-50.9375,24.39
239.75,-5.0625,-50.9375,24.39
239.75,-5.0625,-50.9375,24.39
239.75,-5.0625,-50.9375,24.39
239.75,-5.0625,-50.9375,24.39
239.75,-5.0625,-50.9375,24.39
239.75,-5.0625,-50.9375,24.39
239.75,-5.0625,-50.9375,24.39
239.75,-5.0625,-50.9375,24.39
239.75,-5.0625,-50.9375,24.39
239.75,-5.0625,-50.9375,24.39
239.75,-5.0625,-50.9375,24.39
239.0625,-5.1875,-52.625,24.72
239.0625,-5.1875,-52.625,24.72
239.0625,-5.1875,-52.625,24.72
239.0625,-5.1875,-52.625,24.72
239.0625,-5.1875,-52.625,24.72
239.0625,-5.1875,-52.625,24.72
239.0625,-5.1875,-52.625,24.72
239.0625,-5.1875,-52.625,24.72
239.0625,-5.1875,-52.625,24.72
239.0625,-5.1875,-52.625,24.72
239.0625,-5.1875,-52.625,24.72
239.0625,-5.1875,-52.625,24.72
239.0625,-5.1875,-52.625,24.72
239.0625,-5.1875,-52.625,24.72
239.0625,-5.1875,-52.625,24.72
239.0625,-5.1875,-52.625,24.72
239.0625,-5.1875,-52.625,24.72
239.0625,-5.1875,-52.625,25.05
239.0625,-5.1875,-52.625,25.05
239.0625,-5.1875,-52.625,25.05
239.0625,-5.1875,-52.625,25.05
239.0625,-5.1875,-52.625,25.05
239.0625,-5.1875,-52.625,25.05
239.0625,-5.1875,-52.625,25.05
239.0625,-5.1875,-52.625,25.05
239.0625,-5.1875,-52.625,25.05
239.0625,-5.1875,-52.625,25.05
239.0625,-5.1875,-52.625,25.05
239.0625,-5.1875,-52.625,25.05
239.0625,-5.1875,-52.625,25.05
239.0625,-5.1875,-52.625,25.05
239.0625,-5.1875,-52.625,25.05
239.0625,-5.1875,-52.625,25.05
239.0625,-5.1875,-52.625,25.05
239.0625,-5.1875,-52.625,25.39
239.0625,-5.1875,-52.625,25.39
239.0625,-5.1875,-52.625,25.39
239.0625,-5.1875,-52.625,25.39
239.0625,-5.1875,-52.625,25.39
239.0625,-5.1875,-52.625,25.39
239.0625,-5.1875,-52.625,25.39
239.0625,-5.1875,-52.625,25.39
239.0625,-5.1875,-52.625,25.39
239.0625,-5.1875,-52.625,25.39
239.0625,-5.1875,-52.625,25.39
239.0625,-5.1875,-52.625,25.39
239.0625,-5.1875,-52.625,25.39
239.0625,-5.1875,-52.625,25.39
239.0625,-5.1875,-52.625,25.39
239.0625,-5.1875,-52.625,25.39
239.0625,-5.1875,-52.625,25.72
239.0625,-5.1875,-52.625,25.72
239.0625,-5.1875,-52.625,25.72
239.0625,-5.1875,-52.625,25.72
239.0625,-5.1875,-52.625,25.72
239.0625,-5.1875,-52.625,25.72
239.0625,-5.1875,-52.625,25.72
239.0625,-5.1875,-52.625,25.72
239.0625,-5.1875,-52.625,25.72
239.0625,-5.1875,-52.625,25.72
239.0625,-5.1875,-52.625,25.72
239.0625,-5.1875,-52.625,25.72
239.0625,-5.1875,-52.625,25.72
239.0625,-5.1875,-52.625,25.72
239.0625,-5.1875,-52.625,25.72
239.0625,-5.1875,-52.625,25.72
239.0625,-5.1875,-52.625,25.72
239.0625,-5.1875,-52.625,26.05
239.0625,-5.1875,-52.625,26.05
239.0625,-5.1875,-52.625,26.05
239.0625,-5.1875,-52.625,26.05
239.0625,-5.1875,-52.625,26.05
239.0625,-5.1875,-52.625,26.05
239.0625,-5.1875,-52.625,26.05
239.0625,-5.1875,-52.625,26.05
239.0625,-5.1875,-52.625,26.05
239.0625,-5.1875,-52.625,26.05
239.0625,-5.1875,-52.625,26.05
239.0625,-5.1875,-52.625,26.05
239.0625,-5.1875,-52.625,26.05
239.0625,-5.1875,-52.625,26.05
239.0625,-5.1875,-52.625,26.05
239.0625,-5.1875,-52.625,26.05
239.0625,-5.1875,-52.625,26.05
239.0625,-5.1875,-52.625,26.39
239.0625,-5.1875,-52.625,26.39
239.0625,-5.1875,-52.625,26.39
239.0625,-5.1875,-52.625,26.39
239.0625,-5.1875,-52.625,26.39
239.0625,-5.1875,-52.625,26.39
239.0625,-5.1875,-52.625,26.39
239.0625,-5.1875,-52.625,26.39
239.0625,-5.1875,-52.625,26.39
239.0625,-5.1875,-52.625,26.39
239.0625,-5.1875,-52.625,26.39
239.0625,-5.1875,-52.625,26.39
239.0625,-5.1875,-52.625,26.39
239.0625,-5.1875,-52.625,26.39
239.0625,-5.1875,-52.625,26.39
239.0625,-5.1875,-52.625,26.39
239.0625,-5.1875,-52.6875,26.72
239.0625,-5.1875,-52.6875,26.72
239.0625,-5.1875,-52.6875,26.72
239.0625,-5.1875,-52.6875,26.72
239.0625,-5.1875,-52.6875,26.72
239.0625,-5.1875,-52.6875,26.72
239.0625,-5.1875,-52.6875,26.72
239.0625,-5.1875,-52.6875,26.72
239.0625,-5.1875,-52.6875,26.72
239.0625,-5.1875,-52.6875,26.72
239.0625,-5.1875,-52.6875,26.72
239.0625,-5.1875,-52.6875,26.72
239.0625,-5.1875,-52.6875,26.72
239.0625,-5.1875,-52.6875,26.72
239.0625,-5.1875,-52.6875,26.72
239.0625,-5.1875,-52.6875,26.72
239.0625,-5.1875,-52.6875,26.72
239.0625,-5.1875,-52.6875,27.05
239.0625,-5.1875,-52.6875,27.05
239.0625,-5.1875,-52.6875,27.05
239.0625,-5.1875,-52.6875,27.05
239.0625,-5.1875,-52.6875,27.05
239.0625,-5.1875,-52.6875,27.05
239.0625,-5.1875,-52.6875,27.05
239.0625,-5.1875,-52.6875,27.05
239.0625,-5.1875,-52.6875,27.05
239.0625,-5.1875,-52.6875,27.05
239.0625,-5.1875,-52.6875,27.05
239.0625,-5.1875,-52.6875,27.05
239.0625,-5.1875,-52.6875,27.05
239.0625,-5.1875,-52.6875,27.05
239.0625,-5.1875,-52.6875,27.05
239.0625,-5.1875,-52.6875,27.05
239.0625,-5.1875,-52.6875,27.05
239.0625,-5.1875,-52.6875,27.39
239.0625,-5.1875,-52.6875,27.39
239.0625,-5.1875,-52.6875,27.39
239.0625,-5.1875,-52.6875,27.39
239.0625,-5.1875,-52.6875,27.39
239.0625,-5.1875,-52.6875,27.39
239.0625,-5.1875,-52.6875,27.39
239.0625,-5.1875,-52.6875,27.39
239.0625,-5.1875,-52.6875,27.39
239.0625,-5.1875,-52.6875,27.39
239.0625,-5.1875,-52.6875,27.39
239.0625,-5.1875,-52.6875,27.39
239.0625,-5.1875,-52.6875,27.39
239.0625,-5.1875,-52.6875,27.39
239.0625,-5.1875,-52.6875,27.39
239.0625,-5.1875,-52.6875,27.39
239.0625,-5.1875,-52.6875,27.72
239.0625,-5.1875,-52.6875,27.72
239.0625,-5.1875,-52.6875,27.72
239.0625,-5.1875,-52.6875,27.72
239.0625,-5.1875,-52.6875,27.72
239.0625,-5.1875,-52.6875,27.72
239.0625,-5.1875,-52.6875,27.72
239.0625,-5.1875,-52.6875,27.72
239.0625,-5.1875,-52.6875,27.72
239.0625,-5.1875,-52.6875,27.72
239.0625,-5.1875,-52.6875,27.72
239.0625,-5.1875,-52.6875,27.72
239.0625,-5.1875,-52.6875,27.72
239.0625,-5.1875,-52.6875,27.72
239.0625,-5.1875,-52.6875,27.72
239.0625,-5.1875,-52.6875,27.72
239.0625,-5.1875,-52.6875,27.72
239.0625,-5.1875,-52.6875,28.05
239.0625,-5.1875,-52.6875,28.05
239.0625,-5.1875,-52.6875,28.05
239.0625,-5.1875,-52.6875,28.05
239.0625,-5.1875,-52.6875,28.05
239.0625,-5.1875,-52.6875,28.05
239.0625,-5.1875,-52.6875,28.05
239.0625,-5.1875,-52.6875,28.05
239.0625,-5.1875,-52.6875,28.05
239.0625,-5.1875,-52.6875,28.05
239.0625,-5.1875,-52.6875,28.05
239.0625,-5.1875,-52.6875,28.05
239.0625,-5.1875,-52.6875,28.05
239.0625,-5.1875,-52.6875,28.05
239.0625,-5.1875,-52.6875,28.05
239.0625,-5.1875,-52.6875,28.05
239.0625,-5.1875,-52.6875,28.05
239.0625,-5.1875,-52.6875,28.39
239.0625,-5.1875,-52.6875,28.39
239.0625,-5.1875,-52.6875,28.39
239.0625,-5.1875,-52.6875,28.39
239.0625,-5.1875,-52.6875,28.39
239.0625,-5.1875,-52.6875,28.39
239.0625,-5.1875,-52.6875,28.39
239.0625,-5.1875,-52.6875,28.39
239.0625,-5.1875,-52.6875,28.39
239.0625,-5.1875,-52.6875,28.39
239.0625,-5.1875,-52.6875,28.39
239.0625,-5.1875,-52.6875,28.39
239.0625,-5.1875,-52.6875,28.39
239.0625,-5.1875,-52.6875,28.39
239.0625,-5.1875,-52.6875,28.39
239.0625,-5.1875,-52.6875,28.39
239.0625,-5.1875,-52.6875,28.72
239.0625,-5.1875,-52.6875,28.72
239.0625,-5.1875,-52.6875,28.72
239.0625,-5.1875,-52.6875,28.72
239.0625,-5.1875,-52.6875,28.72
239.0625,-5.1875,-52.6875,28.72
239.0625,-5.1875,-52.6875,28.72
239.0625,-5.1875,-52.6875,28.72
239.0625,-5.1875,-52.6875,28.72
239.0625,-5.1875,-52.6875,28.72
239.0625,-5.1875,-52.6875,28.72
239.0625,-5.1875,-52.6875,28.72
239.0625,-5.1875,-52.6875,28.72
239.0625,-5.1875,-52.6875,28.72
239.0625,-5.1875,-52.6875,28.72
239.0625,-5.1875,-52.6875,28.72
239.0625,-5.1875,-52.6875,28.72
239.0625,-5.1875,-52.6875,29.05
239.0625,-5.1875,-52.6875,29.05
239.0625,-5.1875,-52.6875,29.05
239.0625,-5.1875,-52.6875,29.05
239.0625,-5.1875,-52.6875,29.05
239.0625,-5.1875,-52.6875,29.05
239.0625,-5.1875,-52.6875,29.05
239.0625,-5.1875,-52.6875,29.05
239.0625,-5.1875,-52.6875,29.05
239.0625,-5.1875,-52.6875,29.05
239.0625,-5.1875,-52.6875,29.05
239.0625,-5.1875,-52.6875,29.05
239.0625,-5.1875,-52.6875,29.05
239.0625,-5.1875,-52.6875,29.05
239.0625,-5.1875,-52.6875,29.05
239.0625,-5.1875,-52.6875,29.05
239.0625,-5.1875,-52.6875,29.05
239.0625,-5.1875,-52.6875,29.39
239.0625,-5.1875,-52.6875,29.39
239.0625,-5.1875,-52.6875,29.39
239.0625,-5.1875,-52.6875,29.39
239.0625,-5.1875,-52.6875,29.39
239.0625,-5.1875,-52.6875,29.39
239.0625,-5.1875,-52.6875,29.39
239.0625,-5.1875,-52.6875,29.39
239.0625,-5.1875,-52.6875,29.39
239.0625,-5.1875,-52.6875,29.39
239.0625,-5.1875,-52.6875,29.39
239.0625,-5.1875,-52.6875,29.39
239.0625,-5.1875,-52.6875,29.39
239.0625,-5.1875,-52.6875,29.39
239.0625,-5.1875,-52.6875,29.39
239.0625,-5.1875,-52.6875,29.39
239.0625,-5.1875,-52.6875,29.72
239.0625,-5.1875,-52.6875,29.72
239.0625,-5.1875,-52.6875,29.72
239.0625,-5.1875,-52.6875,29.72
239.0625,-5.1875,-52.6875,29.72
239.0625,-5.1875,-52.6875,29.72
239.0625,-5.1875,-52.6875,29.72
239.0625,-5.1875,-52.6875,29.72
239.0625,-5.1875,-52.6875,29.72
239.0625,-5.1875,-52.6875,29.72
239.0625,-5.1875,-52.6875,29.72
239.0625,-5.1875,-52.6875,29.72
239.0625,-5.1875,-52.6875,29.72
239.0625,-5.1875,-52.6875,29.72
239.0625,-5.1875,-52.6875,29.72
239.0625,-5.1875,-52.6875,29.72
239.0625,-5.1875,-52.6875,29.72
239.0625,-5.1875,-52.6875,30.05
239.0625,-5.1875,-52.6875,30.05
239.0625,-5.1875,-52.6875,30.05
239.0625,-5.1875,-52.6875,30.05
239.0625,-5.1875,-52.6875,30.05
239.0625,-5.1875,-52.6875,30.05
239.0625,-5.1875,-52.6875,30.05
239.0625,-5.1875,-52.6875,30.05
239.0625,-5.1875,-52.6875,30.05
239.0625,-5.1875,-52.6875,30.05
239.0625,-5.1875,-52.6875,30.05
239.0625,-5.1875,-52.6875,30.05
239.0625,-5.1875,-52.6875,30.05
239.0625,-5.1875,-52.6875,30.05
239.0625,-5.1875,-52.6875,30.05
239.0625,-5.1875,-52.6875,30.05
239.0625,-5.1875,-52.6875,30.05
239.0625,-5.1875,-52.6875,30.39
239.0625,-5.1875,-52.6875,30.39
239.0625,-5.1875,-52.6875,30.39
239.0625,-5.1875,-52.6875,30.39
239.0625,-5.1875,-52.6875,30.39
239.0625,-5.1875,-52.6875,30.39
239.0625,-5.1875,-52.6875,30.39
239.0625,-5.1875,-52.6875,30.39
239.0625,-5.1875,-52.6875,30.39
239.0625,-5.1875,-52.6875,30.39
239.0625,-5.1875,-52.6875,30.39
239.0625,-5.1875,-52.6875,30.39
239.0625,-5.1875,-52.6875,30.39
239.0625,-5.1875,-52.6875,30.39
239.0625,-5.1875,-52.6875,30.39
239.0625,-5.1875,-52.6875,30.39
239.0625,-5.1875,-52.6875,30.72
239.0625,-5.1875,-52.6875,30.72
239.0625,-5.1875,-52.6875,30.72
239.0625,-5.1875,-52.6875,30.72
239.0625,-5.1875,-52.6875,30.72
239.0625,-5.1875,-52.6875,30.72
239.0625,-5.1875,-52.6875,30.72
239.0625,-5.1875,-52.6875,30.72
239.0625,-5.1875,-52.6875,30.72
239.0625,-5.1875,-52.6875,30.72
239.0625,-5.1875,-52.6875,30.72
239.0625,-5.1875,-52.6875,30.72
239.0625,-5.1875,-52.6875,30.72
239.0625,-5.1875,-52.6875,30.72
239.0625,-5.1875,-52.6875,30.72
239.0625,-5.1875,-52.6875,30.72
239.0625,-5.1875,-52.6875,30.72
239.0625,-5.1875,-52.6875,31.05
239.0625,-5.1875,-52.6875,31.05
239.0625,-5.1875,-52.6875,31.05
239.0625,-5.1875,-52.6875,31.05
239.0625,-5.1875,-52.6875,31.05
239.0625,-5.1875,-52.6875,31.05
239.0625,-5.1875,-52.6875,31.05
239.0625,-5.1875,-52.6875,31.05
239.0625,-5.1875,-52.6875,31.05
239.0625,-5.1875,-52.6875,31.05
239.0625,-5.1875,-52.6875,31.05
239.0625,-5.1875,-52.6875,31.05
239.0625,-5.1875,-52.6875,31.05
239.0625,-5.1875,-52.6875,31.05
239.0625,-5.1875,-52.6875,31.05
239.0625,-5.1875,-52.6875,31.05
239.0625,-5.1875,-52.6875,31.05
239.0625,-5.1875,-52.6875,31.39
239.0625,-5.1875,-52.6875,31.39
239.0625,-5.1875,-52.6875,31.39
239.0625,-5.1875,-52.6875,31.39
239.0625,-5.1875,-52.6875,31.39
239.0625,-5.1875,-52.6875,31.39
239.0625,-5.1875,-52.6875,31.39
239.0625,-5.1875,-52.6875,31.39
239.0625,-5.1875,-52.6875,31.39
239.0625,-5.1875,-52.6875,31.39
239.0625,-5.1875,-52.6875,31.39
239.0625,-5.1875,-52.6875,31.39
239.0625,-5.1875,-52.6875,31.39
239.0625,-5.1875,-52.6875,31.39
239.0625,-5.1875,-52.6875,31.39
239.0625,-5.1875,-52.6875,31.39
239.0625,-5.1875,-52.6875,31.72
239.0625,-5.1875,-52.6875,31.72
239.0625,-5.1875,-52.6875,31.72
239.0625,-5.1875,-52.6875,31.72
239.0625,-5.1875,-52.6875,31.72
239.0625,-5.1875,-52.6875,31.72
239.0625,-5.1875,-52.6875,31.72
239.0625,-5.1875,-52.6875,31.72
239.0625,-5.1875,-52.6875,31.72
239.0625,-5.1875,-52.6875,31.72
239.0625,-5.1875,-52.6875,31.72
239.0625,-5.1875,-52.6875,31.72
239.0625,-5.1875,-52.6875,31.72
239.0625,-5.1875,-52.6875,31.72
239.0625,-5.1875,-52.6875,31.72
239.0625,-5.1875,-52.6875,31.72
239.0625,-5.1875,-52.6875,31.72
239.0625,-5.1875,-52.75,32.05
239.0625,-5.1875,-52.75,32.05
239.0625,-5.1875,-52.75,32.05
239.0625,-5.1875,-52.75,32.05
239.0625,-5.1875,-52.75,32.05
239.0625,-5.1875,-52.75,32.05
239.0625,-5.1875,-52.75,32.05
239.0625,-5.1875,-52.75,32.05
239.0625,-5.1875,-52.75,32.05
239.0625,-5.1875,-52.75,32.05
239.0625,-5.1875,-52.75,32.05
239.0625,-5.1875,-52.75,32.05
239.0625,-5.1875,-52.75,32.05
239.0625,-5.1875,-52.75,32.05
239.0625,-5.1875,-52.75,32.05
239.0625,-5.1875,-52.75,32.05
239.0625,-5.1875,-52.75,32.05
239.0625,-5.1875,-52.75,32.39
239.0625,-5.1875,-52.75,32.39
239.0625,-5.1875,-52.75,32.39
239.0625,-5.1875,-52.75,32.39
239.0625,-5.1875,-52.75,32.39
239.0625,-5.1875,-52.75,32.39
239.0625,-5.1875,-52.75,32.39
239.0625,-5.1875,-52.75,32.39
239.0625,-5.1875,-52.75,32.39
239.0625,-5.1875,-52.75,32.39
239.0625,-5.1875,-52.75,32.39
239.0625,-5.1875,-52.75,32.39
239.0625,-5.1875,-52.75,32.39
239.0625,-5.1875,-52.75,32.39
239.0625,-5.1875,-52.75,32.39
239.0625,-5.1875,-52.75,32.39
239.0625,-5.1875,-52.75,32.72
239.0625,-5.1875,-52.75,32.72
239.0625,-5.1875,-52.75,32.72
239.0625,-5.1875,-52.75,32.72
239.0625,-5.1875,-52.75,32.72
239.0625,-5.1875,-52.75,32.72
239.0625,-5.1875,-52.75,32.72
239.0625,-5.1875,-52.75,32.72
239.0625,-5.1875,-52.75,32.72
239.0625,-5.1875,-52.75,32.72
239.0625,-5.1875,-52.75,32.72
239.0625,-5.1875,-52.75,32.72
239.0625,-5.1875,-52.75,32.72
239.0625,-5.1875,-52.75,32.72
239.0625,-5.1875,-52.75,32.72
239.0625,-5.1875,-52.75,32.72
239.0625,-5.1875,-52.75,32.72
239.0625,-5.1875,-52.75,33.05
239.0625,-5.1875,-52.75,33.05
239.0625,-5.1875,-52.75,33.05
239.0625,-5.1875,-52.75,33.05
239.0625,-5.1875,-52.75,33.05
239.0625,-5.1875,-52.75,33.05
239.0625,-5.1875,-52.75,33.05
239.0625,-5.1875,-52.75,33.05
239.0625,-5.1875,-52.75,33.05
239.0625,-5.1875,-52.75,33.05
239.0625,-5.1875,-52.75,33.05
239.0625,-5.1875,-52.75,33.05
239.0625,-5.1875,-52.75,33.05
239.0625,-5.1875,-52.75,33.05
239.0625,-5.1875,-52.75,33.05
239.0625,-5.1875,-52.75,33.05
239.0625,-5.1875,-52.75,33.05
239.0625,-5.1875,-52.75,33.39
239.0625,-5.1875,-52.75,33.39
239.0625,-5.1875,-52.75,33.39
239.0625,-5.1875,-52.75,33.39
239.0625,-5.1875,-52.75,33.39
239.0625,-5.1875,-52.75,33.39
239.0625,-5.1875,-52.75,33.39
239.0625,-5.1875,-52.75,33.39
239.0625,-5.1875,-52.75,33.39
239.0625,-5.1875,-52.75,33.39
239.0625,-5.1875,-52.75,33.39
239.0625,-5.1875,-52.75,33.39
239.0625,-5.1875,-52.75,33.39
239.0625,-5.1875,-52.75,33.39
239.0625,-5.1875,-52.75,33.39
239.0625,-5.1875,-52.75,33.39
239.0625,-5.1875,-52.75,33.72
239.0625,-5.1875,-52.75,33.72
239.0625,-5.1875,-52.75,33.72
239.0625,-5.1875,-52.75,33.72
239.0625,-5.1875,-52.75,33.72
239.0625,-5.1875,-52.75,33.72
239.0625,-5.1875,-52.75,33.72
239.0625,-5.1875,-52.75,33.72
239.0625,-5.1875,-52.75,33.72
239.0625,-5.1875,-52.75,33.72
239.0625,-5.1875,-52.75,33.72
239.0625,-5.1875,-52.75,33.72
239.0625,-5.1875,-52.75,33.72
239.0625,-5.1875,-52.75,33.72
239.0625,-5.1875,-52.75,33.72
239.0625,-5.1875,-52.75,33.72
239.0625,-5.1875,-52.75,33.72
239.0625,-5.1875,-52.75,34.05
239.0625,-5.1875,-52.75,34.05
239.0625,-5.1875,-52.75,34.05
239.0625,-5.1875,-52.75,34.05
239.0625,-5.1875,-52.75,34.05
239.0625,-5.1875,-52.75,34.05
239.0625,-5.1875,-52.75,34.05
239.0625,-5.1875,-52.75,34.05
239.0625,-5.1875,-52.75,34.05
239.0625,-5.1875,-52.75,34.05
239.0625,-5.1875,-52.75,34.05
239.0625,-5.1875,-52.75,34.05
239.0625,-5.1875,-52.75,34.05
239.0625,-5.1875,-52.75,34.05
239.0625,-5.1875,-52.75,34.05
239.0625,-5.1875,-52.75,34.05
239.0625,-5.1875,-52.75,34.05
239.0625,-5.1875,-52.75,34.39
239.0625,-5.1875,-52.75,34.39
239.0625,-5.1875,-52.75,34.39
239.0625,-5.1875,-52.75,34.39
239.0625,-5.1875,-52.75,34.39
239.0625,-5.1875,-52.75,34.39
239.0625,-5.1875,-52.75,34.39
239.0625,-5.1875,-52.75,34.39
239.0625,-5.1875,-52.75,34.39
239.0625,-5.1875,-52.75,34.39
239.0625,-5.1875,-52.75,34.39
239.0625,-5.1875,-52.75,34.39
239.0625,-5.1875,-52.75,34.39
239.0625,-5.1875,-52.75,34.39
239.0625,-5.1875,-52.75,34.39
239.0625,-5.1875,-52.75,34.39
239.0625,-5.1875,-52.75,34.72
239.0625,-5.1875,-52.75,34.72
239.0625,-5.1875,-52.75,34.72
239.0625,-5.1875,-52.75,34.72
239.0625,-5.1875,-52.75,34.72
239.0625,-5.1875,-52.75,34.72
239.0625,-5.1875,-52.75,34.72
239.0625,-5.1875,-52.75,34.72
239.0625,-5.1875,-52.75,34.72
239.0625,-5.1875,-52.75,34.72
239.0625,-5.1875,-52.75,34.72
239.0625,-5.1875,-52.75,34.72
239.0625,-5.1875,-52.75,34.72
239.0625,-5.1875,-52.75,34.72
239.0625,-5.1875,-52.75,34.72
239.0625,-5.1875,-52.75,34.72
239.0625,-5.1875,-52.75,34.72
239.0625,-5.1875,-52.75,35.05
239.0625,-5.1875,-52.75,35.05
239.0625,-5.1875,-52.75,35.05
239.0625,-5.1875,-52.75,35.05
239.0625,-5.1875,-52.75,35.05
239.0625,-5.1875,-52.75,35.05
239.0625,-5.1875,-52.75,35.05
239.0625,-5.1875,-52.75,35.05
239.0625,-5.1875,-52.75,35.05
239.0625,-5.1875,-52.75,35.05
239.0625,-5.1875,-52.75,35.05
239.0625,-5.1875,-52.75,35.05
239.0625,-5.1875,-52.75,35.05
239.0625,-5.1875,-52.75,35.05
239.0625,-5.1875,-52.75,35.05
239.0625,-5.1875,-52.75,35.05
239.0625,-5.1875,-52.75,35.05
239.0625,-5.1875,-52.75,35.39
239.0625,-5.1875,-52.75,35.39
239.0625,-5.1875,-52.75,35.39
239.0625,-5.1875,-52.75,35.39
239.0625,-5.1875,-52.75,35.39
239.0625,-5.1875,-52.75,35.39
239.0625,-5.1875,-52.75,35.39
239.0625,-5.1875,-52.75,35.39
239.0625,-5.1875,-52.75,35.39
239.0625,-5.1875,-52.75,35.39
239.0625,-5.1875,-52.75,35.39
239.0625,-5.1875,-52.75,35.39
239.0625,-5.1875,-52.75,35.39
239.0625,-5.1875,-52.75,35.39
239.0625,-5.1875,-52.75,35.39
239.0625,-5.1875,-52.75,35.39
239.0625,-5.1875,-52.75,35.72
239.0625,-5.1875,-52.75,35.72
239.0625,-5.1875,-52.75,35.72
239.0625,-5.1875,-52.75,35.72
239.0625,-5.1875,-52.75,35.72
239.0625,-5.1875,-52.75,35.72
239.0625,-5.1875,-52.75,35.72
239.0625,-5.1875,-52.75,35.72
239.0625,-5.1875,-52.75,35.72
239.0625,-5.1875,-52.75,35.72
239.0625,-5.1875,-52.75,35.72
239.0625,-5.1875,-52.75,35.72
239.0625,-5.1875,-52.75,35.72
239.0625,-5.1875,-52.75,35.72
239.0625,-5.1875,-52.75,35.72
239.0625,-5.1875,-52.75,35.72
239.0625,-5.1875,-52.75,35.72
239.0625,-5.1875,-52.75,36.05
239.0625,-5.1875,-52.75,36.05
239.0625,-5.1875,-52.75,36.05
239.0625,-5.1875,-52.75,36.05
239.0625,-5.1875,-52.75,36.05
239.0625,-5.1875,-52.75,36.05
239.0625,-5.1875,-52.75,36.05
239.0625,-5.1875,-52.75,36.05
239.0625,-5.1875,-52.75,36.05
239.0625,-5.1875,-52.75,36.05
239.0625,-5.1875,-52.75,36.05
239.0625,-5.1875,-52.75,36.05
239.0625,-5.1875,-52.75,36.05
239.0625,-5.1875,-52.75,36.05
239.0625,-5.1875,-52.75,36.05
239.0625,-5.1875,-52.75,36.05
239.0625,-5.1875,-52.75,36.05
239.0625,-5.1875,-52.75,36.39
239.0625,-5.1875,-52.75,36.39
239.0625,-5.1875,-52.75,36.39
239.0625,-5.1875,-52.75,36.39
239.0625,-5.1875,-52.75,36.39
239.0625,-5.1875,-52.75,36.39
239.0625,-5.1875,-52.75,36.39
239.0625,-5.1875,-52.75,36.39
239.0625,-5.1875,-52.75,36.39
239.0625,-5.1875,-52.75,36.39
239.0625,-5.1875,-52.75,36.39
239.0625,-5.1875,-52.75,36.39
239.0625,-5.1875,-52.75,36.39
239.0625,-5.1875,-52.75,36.39
239.0625,-5.1875,-52.75,36.39
239.0625,-5.1875,-52.75,36.39
239.0625,-5.1875,-52.8125,36.72
239.0625,-5.1875,-52.8125,36.72
239.0625,-5.1875,-52.8125,36.72
239.0625,-5.1875,-52.8125,36.72
239.0625,-5.1875,-52.8125,36.72
239.0625,-5.1875,-52.8125,36.72
239.0625,-5.1875,-52.8125,36.72
239.0625,-5.1875,-52.8125,36.72
239.0625,-5.1875,-52.8125,36.72
239.0625,-5.1875,-52.8125,36.72
239.0625,-5.1875,-52.8125,36.72
239.0625,-5.1875,-52.8125,36.72
239.0625,-5.1875,-52.8125,36.72
239.0625,-5.1875,-52.8125,36.72
239.0625,-5.1875,-52.8125,36.72
239.0625,-5.1875,-52.8125,36.72
239.0625,-5.1875,-52.8125,36.72
239.0625,-5.1875,-52.8125,37.05
239.0625,-5.1875,-52.8125,37.05
239.0625,-5.1875,-52.8125,37.05
239.0625,-5.1875,-52.8125,37.05
239.0625,-5.1875,-52.8125,37.05
239.0625,-5.1875,-52.8125,37.05
239.0625,-5.1875,-52.8125,37.05
239.0625,-5.1875,-52.8125,37.05
239.0625,-5.1875,-52.8125,37.05
239.0625,-5.1875,-52.8125,37.05
239.0625,-5.1875,-52.8125,37.05
239.0625,-5.1875,-52.8125,37.05
239.0625,-5.1875,-52.8125,37.05
239.0625,-5.1875,-52.8125,37.05
239.0625,-5.1875,-52.8125,37.05
239.0625,-5.1875,-52.8125,37.05
239.0625,-5.1875,-52.8125,37.05
239.0625,-5.1875,-52.8125,37.39
239.0625,-5.1875,-52.8125,37.39
239.0625,-5.1875,-52.8125,37.39
239.0625,-5.1875,-52.8125,37.39
239.0625,-5.1875,-52.8125,37.39
239.0625,-5.1875,-52.8125,37.39
239.0625,-5.1875,-52.8125,37.39
239.0625,-5.1875,-52.8125,37.39
239.0625,-5.1875,-52.8125,37.39
239.0625,-5.1875,-52.8125,37.39
239.0625,-5.1875,-52.8125,37.39
239.0625,-5.1875,-52.8125,37.39
239.0625,-5.1875,-52.8125,37.39
239.0625,-5.1875,-52.8125,37.39
239.0625,-5.1875,-52.8125,37.39
239.0625,-5.1875,-52.8125,37.39
239.0625,-5.1875,-52.8125,37.72
239.0625,-5.1875,-52.8125,37.72
239.0625,-5.1875,-52.8125,37.72
239.0625,-5.1875,-52.8125,37.72
239.0625,-5.1875,-52.8125,37.72
239.0625,-5.1875,-52.8125,37.72
239.0625,-5.1875,-52.8125,37.72
239.0625,-5.1875,-52.8125,37.72
239.0625,-5.1875,-52.8125,37.72
239.0625,-5.1875,-52.8125,37.72
239.0625,-5.1875,-52.8125,37.72
239.0625,-5.1875,-52.8125,37.72
239.0625,-5.1875,-52.8125,37.72
239.0625,-5.1875,-52.8125,37.72
239.0625,-5.1875,-52.8125,37.72
239.0625,-5.1875,-52.8125,37.72
239.0625,-5.1875,-52.8125,37.72
Current Task:,NVRW Task 3
Task Start:,02:39:19 PM
Heading, Roll, Pitch, Task Time
227.75,7.75,-13.5,0.03
227.75,7.75,-13.5,0.05
227.75,7.75,-13.5,0.08
227.75,7.75,-13.5,0.08
227.5625,8.1875,-12.4375,0.11
227.5625,8.1875,-12.4375,0.11
227.5625,8.1875,-12.4375,0.17
227.5625,8.1875,-12.4375,0.17
227.5625,8.1875,-12.4375,0.17
227.3125,8.625,-11.3125,0.22
227.3125,8.625,-11.3125,0.22
227.3125,8.625,-11.3125,0.22
227.3125,8.625,-11.3125,0.22
227.0625,9.0,-10.125,0.30
227.0625,9.0,-10.125,0.30
227.0625,9.0,-10.125,0.30
227.0625,9.0,-10.125,0.30
227.0625,9.0,-10.125,0.30
227.0625,9.0,-10.125,0.30
227.0625,9.0,-10.125,0.41
227.0625,9.0,-10.125,0.41
227.0625,9.0,-10.125,0.41
227.0625,9.0,-10.125,0.41
227.0625,9.0,-10.125,0.41
227.0625,9.0,-10.125,0.41
227.0625,9.0,-10.125,0.41
227.0625,9.0,-10.125,0.41
226.8125,9.5,-8.8125,0.57
226.8125,9.5,-8.8125,0.57
226.8125,9.5,-8.8125,0.57
226.8125,9.5,-8.8125,0.57
226.8125,9.5,-8.8125,0.57
226.8125,9.5,-8.8125,0.57
226.8125,9.5,-8.8125,0.57
226.8125,9.5,-8.8125,0.57
226.8125,9.5,-8.8125,0.57
226.8125,9.5,-8.8125,0.57
226.8125,9.5,-8.8125,0.78
226.8125,9.5,-8.8125,0.78
226.8125,9.5,-8.8125,0.78
226.8125,9.5,-8.8125,0.78
226.8125,9.5,-8.8125,0.78
226.8125,9.5,-8.8125,0.78
226.8125,9.5,-8.8125,0.78
226.8125,9.5,-8.8125,0.78
226.8125,9.5,-8.8125,0.78
226.8125,9.5,-8.8125,0.78
226.8125,9.5,-8.8125,0.78
226.8125,9.5,-8.8125,0.78
226.8125,9.5,-8.8125,0.78
226.8125,9.5,-8.8125,0.78
226.4375,9.9375,-7.4375,1.05
226.4375,9.9375,-7.4375,1.05
226.4375,9.9375,-7.4375,1.05
226.4375,9.9375,-7.4375,1.05
226.4375,9.9375,-7.4375,1.05
226.4375,9.9375,-7.4375,1.05
226.4375,9.9375,-7.4375,1.05
226.4375,9.9375,-7.4375,1.05
226.4375,9.9375,-7.4375,1.05
226.4375,9.9375,-7.4375,1.05
226.4375,9.9375,-7.4375,1.05
226.4375,9.9375,-7.4375,1.05
226.4375,9.9375,-7.4375,1.05
226.4375,9.9375,-7.4375,1.05
226.4375,9.9375,-7.4375,1.05
226.4375,9.9375,-7.4375,1.05
226.4375,9.9375,-7.4375,1.38
226.4375,9.9375,-7.4375,1.38
226.4375,9.9375,-7.4375,1.38
226.4375,9.9375,-7.4375,1.38
226.4375,9.9375,-7.4375,1.38
226.4375,9.9375,-7.4375,1.38
226.4375,9.9375,-7.4375,1.38
226.4375,9.9375,-7.4375,1.38
226.4375,9.9375,-7.4375,1.38
226.4375,9.9375,-7.4375,1.38
226.4375,9.9375,-7.4375,1.38
226.4375,9.9375,-7.4375,1.38
226.4375,9.9375,-7.4375,1.38
226.4375,9.9375,-7.4375,1.38
226.4375,9.9375,-7.4375,1.38
226.4375,9.9375,-7.4375,1.38
226.4375,9.9375,-7.4375,1.38
226.125,10.375,-6.0625,1.72
226.125,10.375,-6.0625,1.72
226.125,10.375,-6.0625,1.72
226.125,10.375,-6.0625,1.72
226.125,10.375,-6.0625,1.72
226.125,10.375,-6.0625,1.72
226.125,10.375,-6.0625,1.72
226.125,10.375,-6.0625,1.72
226.125,10.375,-6.0625,1.72
226.125,10.375,-6.0625,1.72
226.125,10.375,-6.0625,1.72
226.125,10.375,-6.0625,1.72
226.125,10.375,-6.0625,1.72
226.125,10.375,-6.0625,1.72
226.125,10.375,-6.0625,1.72
226.125,10.375,-6.0625,1.72
226.125,10.375,-6.0625,1.72
226.125,10.375,-6.0625,2.05
226.125,10.375,-6.0625,2.05
226.125,10.375,-6.0625,2.05
226.125,10.375,-6.0625,2.05
226.125,10.375,-6.0625,2.05
226.125,10.375,-6.0625,2.05
226.125,10.375,-6.0625,2.05
226.125,10.375,-6.0625,2.05
226.125,10.375,-6.0625,2.05
226.125,10.375,-6.0625,2.05
226.125,10.375,-6.0625,2.05
226.125,10.375,-6.0625,2.05
226.125,10.375,-6.0625,2.05
226.125,10.375,-6.0625,2.05
226.125,10.375,-6.0625,2.05
226.125,10.375,-6.0625,2.05
226.125,10.375,-6.0625,2.38
226.125,10.375,-6.0625,2.38
226.125,10.375,-6.0625,2.38
226.125,10.375,-6.0625,2.38
226.125,10.375,-6.0625,2.38
226.125,10.375,-6.0625,2.38
226.125,10.375,-6.0625,2.38
226.125,10.375,-6.0625,2.38
226.125,10.375,-6.0625,2.38
226.125,10.375,-6.0625,2.38
226.125,10.375,-6.0625,2.38
226.125,10.375,-6.0625,2.38
226.125,10.375,-6.0625,2.38
226.125,10.375,-6.0625,2.38
226.125,10.375,-6.0625,2.38
226.125,10.375,-6.0625,2.38
226.125,10.375,-6.0625,2.38
225.75,10.8125,-4.75,2.72
225.75,10.8125,-4.75,2.72
225.75,10.8125,-4.75,2.72
225.75,10.8125,-4.75,2.72
225.75,10.8125,-4.75,2.72
225.75,10.8125,-4.75,2.72
225.75,10.8125,-4.75,2.72
225.75,10.8125,-4.75,2.72
225.75,10.8125,-4.75,2.72
225.75,10.8125,-4.75,2.72
225.75,10.8125,-4.75,2.72
225.75,10.8125,-4.75,2.72
225.75,10.8125,-4.75,2.72
225.75,10.8125,-4.75,2.72
225.75,10.8125,-4.75,2.72
225.75,10.8125,-4.75,2.72
225.75,10.8125,-4.75,2.72
225.375,11.1875,-3.375,3.05
225.375,11.1875,-3.375,3.05
225.375,11.1875,-3.375,3.05
225.375,11.1875,-3.375,3.05
225.375,11.1875,-3.375,3.05
225.375,11.1875,-3.375,3.05
225.375,11.1875,-3.375,3.05
225.375,11.1875,-3.375,3.05
225.375,11.1875,-3.375,3.05
225.375,11.1875,-3.375,3.05
225.375,11.1875,-3.375,3.05
225.375,11.1875,-3.375,3.05
225.375,11.1875,-3.375,3.05
225.375,11.1875,-3.375,3.05
225.375,11.1875,-3.375,3.05
225.375,11.1875,-3.375,3.05
225.375,11.1875,-3.375,3.38
225.375,11.1875,-3.375,3.38
225.375,11.1875,-3.375,3.38
225.375,11.1875,-3.375,3.38
225.375,11.1875,-3.375,3.38
225.375,11.1875,-3.375,3.38
225.375,11.1875,-3.375,3.38
225.375,11.1875,-3.375,3.38
225.375,11.1875,-3.375,3.38
225.375,11.1875,-3.375,3.38
225.375,11.1875,-3.375,3.38
225.375,11.1875,-3.375,3.38
225.375,11.1875,-3.375,3.38
225.375,11.1875,-3.375,3.38
225.375,11.1875,-3.375,3.38
225.375,11.1875,-3.375,3.38
225.375,11.1875,-3.375,3.38
224.9375,11.625,-2.0625,3.72
224.9375,11.625,-2.0625,3.72
224.9375,11.625,-2.0625,3.72
224.9375,11.625,-2.0625,3.72
224.9375,11.625,-2.0625,3.72
224.9375,11.625,-2.0625,3.72
224.9375,11.625,-2.0625,3.72
224.9375,11.625,-2.0625,3.72
224.9375,11.625,-2.0625,3.72
224.9375,11.625,-2.0625,3.72
224.9375,11.625,-2.0625,3.72
224.9375,11.625,-2.0625,3.72
224.9375,11.625,-2.0625,3.72
224.9375,11.625,-2.0625,3.72
224.9375,11.625,-2.0625,3.72
224.9375,11.625,-2.0625,3.72
224.9375,11.625,-2.0625,3.72
224.9375,11.625,-2.0625,4.05
224.9375,11.625,-2.0625,4.05
224.9375,11.625,-2.0625,4.05
224.9375,11.625,-2.0625,4.05
224.9375,11.625,-2.0625,4.05
224.9375,11.625,-2.0625,4.05
224.9375,11.625,-2.0625,4.05
224.9375,11.625,-2.0625,4.05
224.9375,11.625,-2.0625,4.05
224.9375,11.625,-2.0625,4.05
224.9375,11.625,-2.0625,4.05
224.9375,11.625,-2.0625,4.05
224.9375,11.625,-2.0625,4.05
224.9375,11.625,-2.0625,4.05
224.9375,11.625,-2.0625,4.05
224.9375,11.625,-2.0625,4.05
224.5625,11.9375,-0.75,4.38
224.5625,11.9375,-0.75,4.38
224.5625,11.9375,-0.75,4.38
224.5625,11.9375,-0.75,4.38
224.5625,11.9375,-0.75,4.38
224.5625,11.9375,-0.75,4.38
224.5625,11.9375,-0.75,4.38
224.5625,11.9375,-0.75,4.38
224.5625,11.9375,-0.75,4.38
224.5625,11.9375,-0.75,4.38
224.5625,11.9375,-0.75,4.38
224.5625,11.9375,-0.75,4.38
224.5625,11.9375,-0.75,4.38
224.5625,11.9375,-0.75,4.38
224.5625,11.9375,-0.75,4.38
224.5625,11.9375,-0.75,4.38
224.5625,11.9375,-0.75,4.38
224.5625,11.9375,-0.75,4.72
224.5625,11.9375,-0.75,4.72
224.5625,11.9375,-0.75,4.72
224.5625,11.9375,-0.75,4.72
224.5625,11.9375,-0.75,4.72
224.5625,11.9375,-0.75,4.72
224.5625,11.9375,-0.75,4.72
224.5625,11.9375,-0.75,4.72
224.5625,11.9375,-0.75,4.72
224.5625,11.9375,-0.75,4.72
224.5625,11.9375,-0.75,4.72
224.5625,11.9375,-0.75,4.72
224.5625,11.9375,-0.75,4.72
224.5625,11.9375,-0.75,4.72
224.5625,11.9375,-0.75,4.72
224.5625,11.9375,-0.75,4.72
224.5625,11.9375,-0.75,4.72
224.5625,11.9375,-0.75,5.05
224.5625,11.9375,-0.75,5.05
224.5625,11.9375,-0.75,5.05
224.5625,11.9375,-0.75,5.05
224.5625,11.9375,-0.75,5.05
224.5625,11.9375,-0.75,5.05
224.5625,11.9375,-0.75,5.05
224.5625,11.9375,-0.75,5.05
224.5625,11.9375,-0.75,5.05
224.5625,11.9375,-0.75,5.05
224.5625,11.9375,-0.75,5.05
224.5625,11.9375,-0.75,5.05
224.5625,11.9375,-0.75,5.05
224.5625,11.9375,-0.75,5.05
224.5625,11.9375,-0.75,5.05
224.5625,11.9375,-0.75,5.05
224.1875,12.3125,0.5,5.38
224.1875,12.3125,0.5,5.38
224.1875,12.3125,0.5,5.38
224.1875,12.3125,0.5,5.38
224.1875,12.3125,0.5,5.38
224.1875,12.3125,0.5,5.38
224.1875,12.3125,0.5,5.38
224.1875,12.3125,0.5,5.38
224.1875,12.3125,0.5,5.38
224.1875,12.3125,0.5,5.38
224.1875,12.3125,0.5,5.38
224.1875,12.3125,0.5,5.38
224.1875,12.3125,0.5,5.38
224.1875,12.3125,0.5,5.38
224.1875,12.3125,0.5,5.38
224.1875,12.3125,0.5,5.38
224.1875,12.3125,0.5,5.38
224.1875,12.3125,0.5,5.72
224.1875,12.3125,0.5,5.72
224.1875,12.3125,0.5,5.72
224.1875,12.3125,0.5,5.72
224.1875,12.3125,0.5,5.72
224.1875,12.3125,0.5,5.72
224.1875,12.3125,0.5,5.72
224.1875,12.3125,0.5,5.72
224.1875,12.3125,0.5,5.72
224.1875,12.3125,0.5,5.72
224.1875,12.3125,0.5,5.72
224.1875,12.3125,0.5,5.72
224.1875,12.3125,0.5,5.72
224.1875,12.3125,0.5,5.72
224.1875,12.3125,0.5,5.72
224.1875,12.3125,0.5,5.72
224.1875,12.3125,0.5,5.72
223.875,12.6875,1.75,6.05
223.875,12.6875,1.75,6.05
223.875,12.6875,1.75,6.05
223.875,12.6875,1.75,6.05
223.875,12.6875,1.75,6.05
223.875,12.6875,1.75,6.05
223.875,12.6875,1.75,6.05
223.875,12.6875,1.75,6.05
223.875,12.6875,1.75,6.05
223.875,12.6875,1.75,6.05
223.875,12.6875,1.75,6.05
223.875,12.6875,1.75,6.05
223.875,12.6875,1.75,6.05
223.875,12.6875,1.75,6.05
223.875,12.6875,1.75,6.05
223.875,12.6875,1.75,6.05
223.5,13.0625,3.0,6.38
223.5,13.0625,3.0,6.38
223.5,13.0625,3.0,6.38
223.5,13.0625,3.0,6.38
223.5,13.0625,3.0,6.38
223.5,13.0625,3.0,6.38
223.5,13.0625,3.0,6.38
223.5,13.0625,3.0,6.38
223.5,13.0625,3.0,6.38
223.5,13.0625,3.0,6.38
223.5,13.0625,3.0,6.38
223.5,13.0625,3.0,6.38
223.5,13.0625,3.0,6.38
223.5,13.0625,3.0,6.38
223.5,13.0625,3.0,6.38
223.5,13.0625,3.0,6.38
223.5,13.0625,3.0,6.38
223.5,13.0625,3.0,6.72
223.5,13.0625,3.0,6.72
223.5,13.0625,3.0,6.72
223.5,13.0625,3.0,6.72
223.5,13.0625,3.0,6.72
223.5,13.0625,3.0,6.72
223.5,13.0625,3.0,6.72
223.5,13.0625,3.0,6.72
223.5,13.0625,3.0,6.72
223.5,13.0625,3.0,6.72
223.5,13.0625,3.0,6.72
223.5,13.0625,3.0,6.72
223.5,13.0625,3.0,6.72
223.5,13.0625,3.0,6.72
223.5,13.0625,3.0,6.72
223.5,13.0625,3.0,6.72
223.5,13.0625,3.0,6.72
223.25,13.375,4.125,7.05
223.25,13.375,4.125,7.05
223.25,13.375,4.125,7.05
223.25,13.375,4.125,7.05
223.25,13.375,4.125,7.05
223.25,13.375,4.125,7.05
223.25,13.375,4.125,7.05
223.25,13.375,4.125,7.05
223.25,13.375,4.125,7.05
223.25,13.375,4.125,7.05
223.25,13.375,4.125,7.05
223.25,13.375,4.125,7.05
223.25,13.375,4.125,7.05
223.25,13.375,4.125,7.05
223.25,13.375,4.125,7.05
223.25,13.375,4.125,7.05
223.25,13.375,4.125,7.38
223.25,13.375,4.125,7.38
223.25,13.375,4.125,7.38
223.25,13.375,4.125,7.38
223.25,13.375,4.125,7.38
223.25,13.375,4.125,7.38
223.25,13.375,4.125,7.38
223.25,13.375,4.125,7.38
223.25,13.375,4.125,7.38
223.25,13.375,4.125,7.38
223.25,13.375,4.125,7.38
223.25,13.375,4.125,7.38
223.25,13.375,4.125,7.38
223.25,13.375,4.125,7.38
223.25,13.375,4.125,7.38
223.25,13.375,4.125,7.38
223.25,13.375,4.125,7.38
223.25,13.375,4.125,7.72
223.25,13.375,4.125,7.72
223.25,13.375,4.125,7.72
223.25,13.375,4.125,7.72
223.25,13.375,4.125,7.72
223.25,13.375,4.125,7.72
223.25,13.375,4.125,7.72
223.25,13.375,4.125,7.72
223.25,13.375,4.125,7.72
223.25,13.375,4.125,7.72
223.25,13.375,4.125,7.72
223.25,13.375,4.125,7.72
223.25,13.375,4.125,7.72
223.25,13.375,4.125,7.72
223.25,13.375,4.125,7.72
223.25,13.375,4.125,7.72
223.25,13.375,4.125,7.72
222.9375,13.6875,5.25,8.05
222.9375,13.6875,5.25,8.05
222.9375,13.6875,5.25,8.05
222.9375,13.6875,5.25,8.05
222.9375,13.6875,5.25,8.05
222.9375,13.6875,5.25,8.05
222.9375,13.6875,5.25,8.05
222.9375,13.6875,5.25,8.05
222.9375,13.6875,5.25,8.05
222.9375,13.6875,5.25,8.05
222.9375,13.6875,5.25,8.05
222.9375,13.6875,5.25,8.05
222.9375,13.6875,5.25,8.05
222.9375,13.6875,5.25,8.05
222.9375,13.6875,5.25,8.05
222.9375,13.6875,5.25,8.05
222.9375,13.6875,5.25,8.38
222.9375,13.6875,5.25,8.38
222.9375,13.6875,5.25,8.38
222.9375,13.6875,5.25,8.38
222.9375,13.6875,5.25,8.38
222.9375,13.6875,5.25,8.38
222.9375,13.6875,5.25,8.38
222.9375,13.6875,5.25,8.38
222.9375,13.6875,5.25,8.38
222.9375,13.6875,5.25,8.38
222.9375,13.6875,5.25,8.38
222.9375,13.6875,5.25,8.38
222.9375,13.6875,5.25,8.38
222.9375,13.6875,5.25,8.38
222.9375,13.6875,5.25,8.38
222.9375,13.6875,5.25,8.38
222.9375,13.6875,5.25,8.38
222.75,14.0,6.25,8.72
222.75,14.0,6.25,8.72
222.75,14.0,6.25,8.72
222.75,14.0,6.25,8.72
222.75,14.0,6.25,8.72
222.75,14.0,6.25,8.72
222.75,14.0,6.25,8.72
222.75,14.0,6.25,8.72
222.75,14.0,6.25,8.72
222.75,14.0,6.25,8.72
222.75,14.0,6.25,8.72
222.75,14.0,6.25,8.72
222.75,14.0,6.25,8.72
222.75,14.0,6.25,8.72
222.75,14.0,6.25,8.72
222.75,14.0,6.25,8.72
222.75,14.0,6.25,8.72
222.75,14.0,6.25,9.05
222.75,14.0,6.25,9.05
222.75,14.0,6.25,9.05
222.75,14.0,6.25,9.05
222.75,14.0,6.25,9.05
222.75,14.0,6.25,9.05
222.75,14.0,6.25,9.05
222.75,14.0,6.25,9.05
222.75,14.0,6.25,9.05
222.75,14.0,6.25,9.05
222.75,14.0,6.25,9.05
222.75,14.0,6.25,9.05
222.75,14.0,6.25,9.05
222.75,14.0,6.25,9.05
222.75,14.0,6.25,9.05
222.75,14.0,6.25,9.05
222.75,14.0,6.25,9.38
222.75,14.0,6.25,9.38
222.75,14.0,6.25,9.38
222.75,14.0,6.25,9.38
222.75,14.0,6.25,9.38
222.75,14.0,6.25,9.38
222.75,14.0,6.25,9.38
222.75,14.0,6.25,9.38
222.75,14.0,6.25,9.38
222.75,14.0,6.25,9.38
222.75,14.0,6.25,9.38
222.75,14.0,6.25,9.38
222.75,14.0,6.25,9.38
222.75,14.0,6.25,9.38
222.75,14.0,6.25,9.38
222.75,14.0,6.25,9.38
222.75,14.0,6.25,9.38
222.5,14.375,6.6875,9.72
222.5,14.375,6.6875,9.72
222.5,14.375,6.6875,9.72
222.5,14.375,6.6875,9.72
222.5,14.375,6.6875,9.72
222.5,14.375,6.6875,9.72
222.5,14.375,6.6875,9.72
222.5,14.375,6.6875,9.72
222.5,14.375,6.6875,9.72
222.5,14.375,6.6875,9.72
222.5,14.375,6.6875,9.72
222.5,14.375,6.6875,9.72
222.5,14.375,6.6875,9.72
222.5,14.375,6.6875,9.72
222.5,14.375,6.6875,9.72
222.5,14.375,6.6875,9.72
222.5,14.375,6.6875,9.72
222.875,14.9375,6.625,10.05
222.875,14.9375,6.625,10.05
222.875,14.9375,6.625,10.05
222.875,14.9375,6.625,10.05
222.875,14.9375,6.625,10.05
222.875,14.9375,6.625,10.05
222.875,14.9375,6.625,10.05
222.875,14.9375,6.625,10.05
222.875,14.9375,6.625,10.05
222.875,14.9375,6.625,10.05
222.875,14.9375,6.625,10.05
222.875,14.9375,6.625,10.05
222.875,14.9375,6.625,10.05
222.875,14.9375,6.625,10.05
222.875,14.9375,6.625,10.05
222.875,14.9375,6.625,10.05
222.875,14.9375,6.625,10.38
222.875,14.9375,6.625,10.38
222.875,14.9375,6.625,10.38
222.875,14.9375,6.625,10.38
222.875,14.9375,6.625,10.38
222.875,14.9375,6.625,10.38
222.875,14.9375,6.625,10.38
222.875,14.9375,6.625,10.38
222.875,14.9375,6.625,10.38
222.875,14.9375,6.625,10.38
222.875,14.9375,6.625,10.38
222.875,14.9375,6.625,10.38
222.875,14.9375,6.625,10.38
222.875,14.9375,6.625,10.38
222.875,14.9375,6.625,10.38
222.875,14.9375,6.625,10.38
222.875,14.9375,6.625,10.38
223.8125,13.875,7.25,10.72
223.8125,13.875,7.25,10.72
223.8125,13.875,7.25,10.72
223.8125,13.875,7.25,10.72
223.8125,13.875,7.25,10.72
223.8125,13.875,7.25,10.72
223.8125,13.875,7.25,10.72
223.8125,13.875,7.25,10.72
223.8125,13.875,7.25,10.72
223.8125,13.875,7.25,10.72
223.8125,13.875,7.25,10.72
223.8125,13.875,7.25,10.72
223.8125,13.875,7.25,10.72
223.8125,13.875,7.25,10.72
223.8125,13.875,7.25,10.72
223.8125,13.875,7.25,10.72
223.8125,13.875,7.25,10.72
223.8125,13.875,7.25,11.05
223.8125,13.875,7.25,11.05
223.8125,13.875,7.25,11.05
223.8125,13.875,7.25,11.05
223.8125,13.875,7.25,11.05
223.8125,13.875,7.25,11.05
223.8125,13.875,7.25,11.05
223.8125,13.875,7.25,11.05
223.8125,13.875,7.25,11.05
223.8125,13.875,7.25,11.05
223.8125,13.875,7.25,11.05
223.8125,13.875,7.25,11.05
223.8125,13.875,7.25,11.05
223.8125,13.875,7.25,11.05
223.8125,13.875,7.25,11.05
223.8125,13.875,7.25,11.05
223.8125,13.875,7.25,11.38
223.8125,13.875,7.25,11.38
223.8125,13.875,7.25,11.38
223.8125,13.875,7.25,11.38
223.8125,13.875,7.25,11.38
223.8125,13.875,7.25,11.38
223.8125,13.875,7.25,11.38
223.8125,13.875,7.25,11.38
223.8125,13.875,7.25,11.38
223.8125,13.875,7.25,11.38
223.8125,13.875,7.25,11.38
223.8125,13.875,7.25,11.38
223.8125,13.875,7.25,11.38
223.8125,13.875,7.25,11.38
223.8125,13.875,7.25,11.38
223.8125,13.875,7.25,11.38
223.8125,13.875,7.25,11.38
224.125,12.0625,8.375,11.72
224.125,12.0625,8.375,11.72
224.125,12.0625,8.375,11.72
224.125,12.0625,8.375,11.72
224.125,12.0625,8.375,11.72
224.125,12.0625,8.375,11.72
224.125,12.0625,8.375,11.72
224.125,12.0625,8.375,11.72
224.125,12.0625,8.375,11.72
224.125,12.0625,8.375,11.72
224.125,12.0625,8.375,11.72
224.125,12.0625,8.375,11.72
224.125,12.0625,8.375,11.72
224.125,12.0625,8.375,11.72
224.125,12.0625,8.375,11.72
224.125,12.0625,8.375,11.72
224.125,12.0625,8.375,11.72
224.125,12.0625,8.375,12.05
224.125,12.0625,8.375,12.05
224.125,12.0625,8.375,12.05
224.125,12.0625,8.375,12.05
224.125,12.0625,8.375,12.05
224.125,12.0625,8.375,12.05
224.125,12.0625,8.375,12.05
224.125,12.0625,8.375,12.05
224.125,12.0625,8.375,12.05
224.125,12.0625,8.375,12.05
224.125,12.0625,8.375,12.05
224.125,12.0625,8.375,12.05
224.125,12.0625,8.375,12.05
224.125,12.0625,8.375,12.05
224.125,12.0625,8.375,12.05
224.125,12.0625,8.375,12.05
224.125,11.25,8.8125,12.38
224.125,11.25,8.8125,12.38
224.125,11.25,8.8125,12.38
224.125,11.25,8.8125,12.38
224.125,11.25,8.8125,12.38
224.125,11.25,8.8125,12.38
224.125,11.25,8.8125,12.38
224.125,11.25,8.8125,12.38
224.125,11.25,8.8125,12.38
224.125,11.25,8.8125,12.38
224.125,11.25,8.8125,12.38
224.125,11.25,8.8125,12.38
224.125,11.25,8.8125,12.38
224.125,11.25,8.8125,12.38
224.125,11.25,8.8125,12.38
224.125,11.25,8.8125,12.38
224.125,11.25,8.8125,12.38
224.125,11.25,8.8125,12.72
224.125,11.25,8.8125,12.72
224.125,11.25,8.8125,12.72
224.125,11.25,8.8125,12.72
224.125,11.25,8.8125,12.72
224.125,11.25,8.8125,12.72
224.125,11.25,8.8125,12.72
224.125,11.25,8.8125,12.72
224.125,11.25,8.8125,12.72
224.125,11.25,8.8125,12.72
224.125,11.25,8.8125,12.72
224.125,11.25,8.8125,12.72
224.125,11.25,8.8125,12.72
224.125,11.25,8.8125,12.72
224.125,11.25,8.8125,12.72
224.125,11.25,8.8125,12.72
224.125,11.25,8.8125,12.72
224.125,11.25,8.8125,13.05
224.125,11.25,8.8125,13.05
224.125,11.25,8.8125,13.05
224.125,11.25,8.8125,13.05
224.125,11.25,8.8125,13.05
224.125,11.25,8.8125,13.05
224.125,11.25,8.8125,13.05
224.125,11.25,8.8125,13.05
224.125,11.25,8.8125,13.05
224.125,11.25,8.8125,13.05
224.125,11.25,8.8125,13.05
224.125,11.25,8.8125,13.05
224.125,11.25,8.8125,13.05
224.125,11.25,8.8125,13.05
224.125,11.25,8.8125,13.05
224.125,11.25,8.8125,13.05
223.875,11.6875,9.3125,13.38
223.875,11.6875,9.3125,13.38
223.875,11.6875,9.3125,13.38
223.875,11.6875,9.3125,13.38
223.875,11.6875,9.3125,13.38
223.875,11.6875,9.3125,13.38
223.875,11.6875,9.3125,13.38
223.875,11.6875,9.3125,13.38
223.875,11.6875,9.3125,13.38
223.875,11.6875,9.3125,13.38
223.875,11.6875,9.3125,13.38
223.875,11.6875,9.3125,13.38
223.875,11.6875,9.3125,13.38
223.875,11.6875,9.3125,13.38
223.875,11.6875,9.3125,13.38
223.875,11.6875,9.3125,13.38
223.875,11.6875,9.3125,13.38
223.4375,12.125,10.3125,13.72
223.4375,12.125,10.3125,13.72
223.4375,12.125,10.3125,13.72
223.4375,12.125,10.3125,13.72
223.4375,12.125,10.3125,13.72
223.4375,12.125,10.3125,13.72
223.4375,12.125,10.3125,13.72
223.4375,12.125,10.3125,13.72
223.4375,12.125,10.3125,13.72
223.4375,12.125,10.3125,13.72
223.4375,12.125,10.3125,13.72
223.4375,12.125,10.3125,13.72
223.4375,12.125,10.3125,13.72
223.4375,12.125,10.3125,13.72
223.4375,12.125,10.3125,13.72
223.4375,12.125,10.3125,13.72
223.4375,12.125,10.3125,13.72
223.4375,12.125,10.3125,14.05
223.4375,12.125,10.3125,14.05
223.4375,12.125,10.3125,14.05
223.4375,12.125,10.3125,14.05
223.4375,12.125,10.3125,14.05
223.4375,12.125,10.3125,14.05
223.4375,12.125,10.3125,14.05
223.4375,12.125,10.3125,14.05
223.4375,12.125,10.3125,14.05
223.4375,12.125,10.3125,14.05
223.4375,12.125,10.3125,14.05
223.4375,12.125,10.3125,14.05
223.4375,12.125,10.3125,14.05
223.4375,12.125,10.3125,14.05
223.4375,12.125,10.3125,14.05
223.4375,12.125,10.3125,14.05
222.75,11.1875,11.4375,14.38
222.75,11.1875,11.4375,14.38
222.75,11.1875,11.4375,14.38
222.75,11.1875,11.4375,14.38
222.75,11.1875,11.4375,14.38
222.75,11.1875,11.4375,14.38
222.75,11.1875,11.4375,14.38
222.75,11.1875,11.4375,14.38
222.75,11.1875,11.4375,14.38
222.75,11.1875,11.4375,14.38
222.75,11.1875,11.4375,14.38
222.75,11.1875,11.4375,14.38
222.75,11.1875,11.4375,14.38
222.75,11.1875,11.4375,14.38
222.75,11.1875,11.4375,14.38
222.75,11.1875,11.4375,14.38
222.75,11.1875,11.4375,14.38
222.75,11.1875,11.4375,14.72
222.75,11.1875,11.4375,14.72
222.75,11.1875,11.4375,14.72
222.75,11.1875,11.4375,14.72
222.75,11.1875,11.4375,14.72
222.75,11.1875,11.4375,14.72
222.75,11.1875,11.4375,14.72
222.75,11.1875,11.4375,14.72
222.75,11.1875,11.4375,14.72
222.75,11.1875,11.4375,14.72
222.75,11.1875,11.4375,14.72
222.75,11.1875,11.4375,14.72
222.75,11.1875,11.4375,14.72
222.75,11.1875,11.4375,14.72
222.75,11.1875,11.4375,14.72
222.75,11.1875,11.4375,14.72
222.75,11.1875,11.4375,14.72
222.75,11.1875,11.4375,15.05
222.75,11.1875,11.4375,15.05
222.75,11.1875,11.4375,15.05
222.75,11.1875,11.4375,15.05
222.75,11.1875,11.4375,15.05
222.75,11.1875,11.4375,15.05
222.75,11.1875,11.4375,15.05
222.75,11.1875,11.4375,15.05
222.75,11.1875,11.4375,15.05
222.75,11.1875,11.4375,15.05
222.75,11.1875,11.4375,15.05
222.75,11.1875,11.4375,15.05
222.75,11.1875,11.4375,15.05
222.75,11.1875,11.4375,15.05
222.75,11.1875,11.4375,15.05
222.75,11.1875,11.4375,15.05
221.5,10.8125,12.625,15.38
221.5,10.8125,12.625,15.38
221.5,10.8125,12.625,15.38
221.5,10.8125,12.625,15.38
221.5,10.8125,12.625,15.38
221.5,10.8125,12.625,15.38
221.5,10.8125,12.625,15.38
221.5,10.8125,12.625,15.38
221.5,10.8125,12.625,15.38
221.5,10.8125,12.625,15.38
221.5,10.8125,12.625,15.38
221.5,10.8125,12.625,15.38
221.5,10.8125,12.625,15.38
221.5,10.8125,12.625,15.38
221.5,10.8125,12.625,15.38
221.5,10.8125,12.625,15.38
221.5,10.8125,12.625,15.38
221.5,10.8125,12.625,15.72
221.5,10.8125,12.625,15.72
221.5,10.8125,12.625,15.72
221.5,10.8125,12.625,15.72
221.5,10.8125,12.625,15.72
221.5,10.8125,12.625,15.72
221.5,10.8125,12.625,15.72
221.5,10.8125,12.625,15.72
221.5,10.8125,12.625,15.72
221.5,10.8125,12.625,15.72
221.5,10.8125,12.625,15.72
221.5,10.8125,12.625,15.72
221.5,10.8125,12.625,15.72
221.5,10.8125,12.625,15.72
221.5,10.8125,12.625,15.72
221.5,10.8125,12.625,15.72
221.5,10.8125,12.625,15.72
220.125,11.0625,13.5,16.05
220.125,11.0625,13.5,16.05
220.125,11.0625,13.5,16.05
220.125,11.0625,13.5,16.05
220.125,11.0625,13.5,16.05
220.125,11.0625,13.5,16.05
220.125,11.0625,13.5,16.05
220.125,11.0625,13.5,16.05
220.125,11.0625,13.5,16.05
220.125,11.0625,13.5,16.05
220.125,11.0625,13.5,16.05
220.125,11.0625,13.5,16.05
220.125,11.0625,13.5,16.05
220.125,11.0625,13.5,16.05
220.125,11.0625,13.5,16.05
220.125,11.0625,13.5,16.05
220.125,11.0625,13.5,16.38
220.125,11.0625,13.5,16.38
220.125,11.0625,13.5,16.38
220.125,11.0625,13.5,16.38
220.125,11.0625,13.5,16.38
220.125,11.0625,13.5,16.38
220.125,11.0625,13.5,16.38
220.125,11.0625,13.5,16.38
220.125,11.0625,13.5,16.38
220.125,11.0625,13.5,16.38
220.125,11.0625,13.5,16.38
220.125,11.0625,13.5,16.38
220.125,11.0625,13.5,16.38
220.125,11.0625,13.5,16.38
220.125,11.0625,13.5,16.38
220.125,11.0625,13.5,16.38
220.125,11.0625,13.5,16.38
220.125,11.0625,13.5,16.72
220.125,11.0625,13.5,16.72
220.125,11.0625,13.5,16.72
220.125,11.0625,13.5,16.72
220.125,11.0625,13.5,16.72
220.125,11.0625,13.5,16.72
220.125,11.0625,13.5,16.72
220.125,11.0625,13.5,16.72
220.125,11.0625,13.5,16.72
220.125,11.0625,13.5,16.72
220.125,11.0625,13.5,16.72
220.125,11.0625,13.5,16.72
220.125,11.0625,13.5,16.72
220.125,11.0625,13.5,16.72
220.125,11.0625,13.5,16.72
220.125,11.0625,13.5,16.72
220.125,11.0625,13.5,16.72
218.875,11.375,14.125,17.05
218.875,11.375,14.125,17.05
218.875,11.375,14.125,17.05
218.875,11.375,14.125,17.05
218.875,11.375,14.125,17.05
218.875,11.375,14.125,17.05
218.875,11.375,14.125,17.05
218.875,11.375,14.125,17.05
218.875,11.375,14.125,17.05
218.875,11.375,14.125,17.05
218.875,11.375,14.125,17.05
218.875,11.375,14.125,17.05
218.875,11.375,14.125,17.05
218.875,11.375,14.125,17.05
218.875,11.375,14.125,17.05
218.875,11.375,14.125,17.05
217.5,12.0,14.625,17.38
217.5,12.0,14.625,17.38
217.5,12.0,14.625,17.38
217.5,12.0,14.625,17.38
217.5,12.0,14.625,17.38
217.5,12.0,14.625,17.38
217.5,12.0,14.625,17.38
217.5,12.0,14.625,17.38
217.5,12.0,14.625,17.38
217.5,12.0,14.625,17.38
217.5,12.0,14.625,17.38
217.5,12.0,14.625,17.38
217.5,12.0,14.625,17.38
217.5,12.0,14.625,17.38
217.5,12.0,14.625,17.38
217.5,12.0,14.625,17.38
217.5,12.0,14.625,17.38
217.5,12.0,14.625,17.72
217.5,12.0,14.625,17.72
217.5,12.0,14.625,17.72
217.5,12.0,14.625,17.72
217.5,12.0,14.625,17.72
217.5,12.0,14.625,17.72
217.5,12.0,14.625,17.72
217.5,12.0,14.625,17.72
217.5,12.0,14.625,17.72
217.5,12.0,14.625,17.72
217.5,12.0,14.625,17.72
217.5,12.0,14.625,17.72
217.5,12.0,14.625,17.72
217.5,12.0,14.625,17.72
217.5,12.0,14.625,17.72
217.5,12.0,14.625,17.72
217.5,12.0,14.625,17.72
215.6875,12.75,15.125,18.05
215.6875,12.75,15.125,18.05
215.6875,12.75,15.125,18.05
215.6875,12.75,15.125,18.05
215.6875,12.75,15.125,18.05
215.6875,12.75,15.125,18.05
215.6875,12.75,15.125,18.05
215.6875,12.75,15.125,18.05
215.6875,12.75,15.125,18.05
215.6875,12.75,15.125,18.05
215.6875,12.75,15.125,18.05
215.6875,12.75,15.125,18.05
215.6875,12.75,15.125,18.05
215.6875,12.75,15.125,18.05
215.6875,12.75,15.125,18.05
215.6875,12.75,15.125,18.05
215.6875,12.75,15.125,18.38
215.6875,12.75,15.125,18.38
215.6875,12.75,15.125,18.38
215.6875,12.75,15.125,18.38
215.6875,12.75,15.125,18.38
215.6875,12.75,15.125,18.38
215.6875,12.75,15.125,18.38
215.6875,12.75,15.125,18.38
215.6875,12.75,15.125,18.38
215.6875,12.75,15.125,18.38
215.6875,12.75,15.125,18.38
215.6875,12.75,15.125,18.38
215.6875,12.75,15.125,18.38
215.6875,12.75,15.125,18.38
215.6875,12.75,15.125,18.38
215.6875,12.75,15.125,18.38
215.6875,12.75,15.125,18.38
215.6875,12.75,15.125,18.72
215.6875,12.75,15.125,18.72
215.6875,12.75,15.125,18.72
215.6875,12.75,15.125,18.72
215.6875,12.75,15.125,18.72
215.6875,12.75,15.125,18.72
215.6875,12.75,15.125,18.72
215.6875,12.75,15.125,18.72
215.6875,12.75,15.125,18.72
215.6875,12.75,15.125,18.72
215.6875,12.75,15.125,18.72
215.6875,12.75,15.125,18.72
215.6875,12.75,15.125,18.72
215.6875,12.75,15.125,18.72
215.6875,12.75,15.125,18.72
215.6875,12.75,15.125,18.72
215.6875,12.75,15.125,18.72
213.5625,13.5,15.5,19.05
213.5625,13.5,15.5,19.05
213.5625,13.5,15.5,19.05
213.5625,13.5,15.5,19.05
213.5625,13.5,15.5,19.05
213.5625,13.5,15.5,19.05
213.5625,13.5,15.5,19.05
213.5625,13.5,15.5,19.05
213.5625,13.5,15.5,19.05
213.5625,13.5,15.5,19.05
213.5625,13.5,15.5,19.05
213.5625,13.5,15.5,19.05
213.5625,13.5,15.5,19.05
213.5625,13.5,15.5,19.05
213.5625,13.5,15.5,19.05
213.5625,13.5,15.5,19.05
213.5625,13.5,15.5,19.38
213.5625,13.5,15.5,19.38
213.5625,13.5,15.5,19.38
213.5625,13.5,15.5,19.38
213.5625,13.5,15.5,19.38
213.5625,13.5,15.5,19.38
213.5625,13.5,15.5,19.38
213.5625,13.5,15.5,19.38
213.5625,13.5,15.5,19.38
213.5625,13.5,15.5,19.38
213.5625,13.5,15.5,19.38
213.5625,13.5,15.5,19.38
213.5625,13.5,15.5,19.38
213.5625,13.5,15.5,19.38
213.5625,13.5,15.5,19.38
213.5625,13.5,15.5,19.38
213.5625,13.5,15.5,19.38
211.5,14.0,15.3125,19.72
211.5,14.0,15.3125,19.72
211.5,14.0,15.3125,19.72
211.5,14.0,15.3125,19.72
211.5,14.0,15.3125,19.72
211.5,14.0,15.3125,19.72
211.5,14.0,15.3125,19.72
211.5,14.0,15.3125,19.72
211.5,14.0,15.3125,19.72
211.5,14.0,15.3125,19.72
211.5,14.0,15.3125,19.72
211.5,14.0,15.3125,19.72
211.5,14.0,15.3125,19.72
211.5,14.0,15.3125,19.72
211.5,14.0,15.3125,19.72
211.5,14.0,15.3125,19.72
211.5,14.0,15.3125,19.72
211.5,14.0,15.3125,20.05
211.5,14.0,15.3125,20.05
211.5,14.0,15.3125,20.05
211.5,14.0,15.3125,20.05
211.5,14.0,15.3125,20.05
211.5,14.0,15.3125,20.05
211.5,14.0,15.3125,20.05
211.5,14.0,15.3125,20.05
211.5,14.0,15.3125,20.05
211.5,14.0,15.3125,20.05
211.5,14.0,15.3125,20.05
211.5,14.0,15.3125,20.05
211.5,14.0,15.3125,20.05
211.5,14.0,15.3125,20.05
211.5,14.0,15.3125,20.05
211.5,14.0,15.3125,20.05
211.5,14.0,15.3125,20.38
211.5,14.0,15.3125,20.38
211.5,14.0,15.3125,20.38
211.5,14.0,15.3125,20.38
211.5,14.0,15.3125,20.38
211.5,14.0,15.3125,20.38
211.5,14.0,15.3125,20.38
211.5,14.0,15.3125,20.38
211.5,14.0,15.3125,20.38
211.5,14.0,15.3125,20.38
211.5,14.0,15.3125,20.38
211.5,14.0,15.3125,20.38
211.5,14.0,15.3125,20.38
211.5,14.0,15.3125,20.38
211.5,14.0,15.3125,20.38
211.5,14.0,15.3125,20.38
211.5,14.0,15.3125,20.38
209.875,14.4375,14.8125,20.72
209.875,14.4375,14.8125,20.72
209.875,14.4375,14.8125,20.72
209.875,14.4375,14.8125,20.72
209.875,14.4375,14.8125,20.72
209.875,14.4375,14.8125,20.72
209.875,14.4375,14.8125,20.72
209.875,14.4375,14.8125,20.72
209.875,14.4375,14.8125,20.72
209.875,14.4375,14.8125,20.72
209.875,14.4375,14.8125,20.72
209.875,14.4375,14.8125,20.72
209.875,14.4375,14.8125,20.72
209.875,14.4375,14.8125,20.72
209.875,14.4375,14.8125,20.72
209.875,14.4375,14.8125,20.72
209.875,14.4375,14.8125,20.72
208.5,15.0625,14.0625,21.05
208.5,15.0625,14.0625,21.05
208.5,15.0625,14.0625,21.05
208.5,15.0625,14.0625,21.05
208.5,15.0625,14.0625,21.05
208.5,15.0625,14.0625,21.05
208.5,15.0625,14.0625,21.05
208.5,15.0625,14.0625,21.05
208.5,15.0625,14.0625,21.05
208.5,15.0625,14.0625,21.05
208.5,15.0625,14.0625,21.05
208.5,15.0625,14.0625,21.05
208.5,15.0625,14.0625,21.05
208.5,15.0625,14.0625,21.05
208.5,15.0625,14.0625,21.05
208.5,15.0625,14.0625,21.05
208.5,15.0625,14.0625,21.38
208.5,15.0625,14.0625,21.38
208.5,15.0625,14.0625,21.38
208.5,15.0625,14.0625,21.38
208.5,15.0625,14.0625,21.38
208.5,15.0625,14.0625,21.38
208.5,15.0625,14.0625,21.38
208.5,15.0625,14.0625,21.38
208.5,15.0625,14.0625,21.38
208.5,15.0625,14.0625,21.38
208.5,15.0625,14.0625,21.38
208.5,15.0625,14.0625,21.38
208.5,15.0625,14.0625,21.38
208.5,15.0625,14.0625,21.38
208.5,15.0625,14.0625,21.38
208.5,15.0625,14.0625,21.38
208.5,15.0625,14.0625,21.38
207.0625,15.3125,13.125,21.72
207.0625,15.3125,13.125,21.72
207.0625,15.3125,13.125,21.72
207.0625,15.3125,13.125,21.72
207.0625,15.3125,13.125,21.72
207.0625,15.3125,13.125,21.72
207.0625,15.3125,13.125,21.72
207.0625,15.3125,13.125,21.72
207.0625,15.3125,13.125,21.72
207.0625,15.3125,13.125,21.72
207.0625,15.3125,13.125,21.72
207.0625,15.3125,13.125,21.72
207.0625,15.3125,13.125,21.72
207.0625,15.3125,13.125,21.72
207.0625,15.3125,13.125,21.72
207.0625,15.3125,13.125,21.72
207.0625,15.3125,13.125,21.72
207.0625,15.3125,13.125,22.05
207.0625,15.3125,13.125,22.05
207.0625,15.3125,13.125,22.05
207.0625,15.3125,13.125,22.05
207.0625,15.3125,13.125,22.05
207.0625,15.3125,13.125,22.05
207.0625,15.3125,13.125,22.05
207.0625,15.3125,13.125,22.05
207.0625,15.3125,13.125,22.05
207.0625,15.3125,13.125,22.05
207.0625,15.3125,13.125,22.05
207.0625,15.3125,13.125,22.05
207.0625,15.3125,13.125,22.05
207.0625,15.3125,13.125,22.05
207.0625,15.3125,13.125,22.05
207.0625,15.3125,13.125,22.05
206.0,15.5625,12.0,22.38
206.0,15.5625,12.0,22.38
206.0,15.5625,12.0,22.38
206.0,15.5625,12.0,22.38
206.0,15.5625,12.0,22.38
206.0,15.5625,12.0,22.38
206.0,15.5625,12.0,22.38
206.0,15.5625,12.0,22.38
206.0,15.5625,12.0,22.38
206.0,15.5625,12.0,22.38
206.0,15.5625,12.0,22.38
206.0,15.5625,12.0,22.38
206.0,15.5625,12.0,22.38
206.0,15.5625,12.0,22.38
206.0,15.5625,12.0,22.38
206.0,15.5625,12.0,22.38
206.0,15.5625,12.0,22.38
206.0,15.5625,12.0,22.72
206.0,15.5625,12.0,22.72
206.0,15.5625,12.0,22.72
206.0,15.5625,12.0,22.72
206.0,15.5625,12.0,22.72
206.0,15.5625,12.0,22.72
206.0,15.5625,12.0,22.72
206.0,15.5625,12.0,22.72
206.0,15.5625,12.0,22.72
206.0,15.5625,12.0,22.72
206.0,15.5625,12.0,22.72
206.0,15.5625,12.0,22.72
206.0,15.5625,12.0,22.72
206.0,15.5625,12.0,22.72
206.0,15.5625,12.0,22.72
206.0,15.5625,12.0,22.72
206.0,15.5625,12.0,22.72
205.4375,15.75,10.6875,23.05
205.4375,15.75,10.6875,23.05
205.4375,15.75,10.6875,23.05
205.4375,15.75,10.6875,23.05
205.4375,15.75,10.6875,23.05
205.4375,15.75,10.6875,23.05
205.4375,15.75,10.6875,23.05
205.4375,15.75,10.6875,23.05
205.4375,15.75,10.6875,23.05
205.4375,15.75,10.6875,23.05
205.4375,15.75,10.6875,23.05
205.4375,15.75,10.6875,23.05
205.4375,15.75,10.6875,23.05
205.4375,15.75,10.6875,23.05
205.4375,15.75,10.6875,23.05
205.4375,15.75,10.6875,23.05
205.4375,15.75,10.6875,23.38
205.4375,15.75,10.6875,23.38
205.4375,15.75,10.6875,23.38
205.4375,15.75,10.6875,23.38
205.4375,15.75,10.6875,23.38
205.4375,15.75,10.6875,23.38
205.4375,15.75,10.6875,23.38
205.4375,15.75,10.6875,23.38
205.4375,15.75,10.6875,23.38
205.4375,15.75,10.6875,23.38
205.4375,15.75,10.6875,23.38
205.4375,15.75,10.6875,23.38
205.4375,15.75,10.6875,23.38
205.4375,15.75,10.6875,23.38
205.4375,15.75,10.6875,23.38
205.4375,15.75,10.6875,23.38
205.4375,15.75,10.6875,23.38
205.4375,15.75,10.6875,23.72
205.4375,15.75,10.6875,23.72
205.4375,15.75,10.6875,23.72
205.4375,15.75,10.6875,23.72
205.4375,15.75,10.6875,23.72
205.4375,15.75,10.6875,23.72
205.4375,15.75,10.6875,23.72
205.4375,15.75,10.6875,23.72
205.4375,15.75,10.6875,23.72
205.4375,15.75,10.6875,23.72
205.4375,15.75,10.6875,23.72
205.4375,15.75,10.6875,23.72
205.4375,15.75,10.6875,23.72
205.4375,15.75,10.6875,23.72
205.4375,15.75,10.6875,23.72
205.4375,15.75,10.6875,23.72
205.4375,15.75,10.6875,23.72
205.625,16.0,9.6875,24.05
205.625,16.0,9.6875,24.05
205.625,16.0,9.6875,24.05
205.625,16.0,9.6875,24.05
205.625,16.0,9.6875,24.05
205.625,16.0,9.6875,24.05
205.625,16.0,9.6875,24.05
205.625,16.0,9.6875,24.05
205.625,16.0,9.6875,24.05
205.625,16.0,9.6875,24.05
205.625,16.0,9.6875,24.05
205.625,16.0,9.6875,24.05
205.625,16.0,9.6875,24.05
205.625,16.0,9.6875,24.05
205.625,16.0,9.6875,24.05
205.625,16.0,9.6875,24.05
206.0,15.875,8.3125,24.38
206.0,15.875,8.3125,24.38
206.0,15.875,8.3125,24.38
206.0,15.875,8.3125,24.38
206.0,15.875,8.3125,24.38
206.0,15.875,8.3125,24.38
206.0,15.875,8.3125,24.38
206.0,15.875,8.3125,24.38
206.0,15.875,8.3125,24.38
206.0,15.875,8.3125,24.38
206.0,15.875,8.3125,24.38
206.0,15.875,8.3125,24.38
206.0,15.875,8.3125,24.38
206.0,15.875,8.3125,24.38
206.0,15.875,8.3125,24.38
206.0,15.875,8.3125,24.38
206.0,15.875,8.3125,24.38
206.0,15.875,8.3125,24.72
206.0,15.875,8.3125,24.72
206.0,15.875,8.3125,24.72
206.0,15.875,8.3125,24.72
206.0,15.875,8.3125,24.72
206.0,15.875,8.3125,24.72
206.0,15.875,8.3125,24.72
206.0,15.875,8.3125,24.72
206.0,15.875,8.3125,24.72
206.0,15.875,8.3125,24.72
206.0,15.875,8.3125,24.72
206.0,15.875,8.3125,24.72
206.0,15.875,8.3125,24.72
206.0,15.875,8.3125,24.72
206.0,15.875,8.3125,24.72
206.0,15.875,8.3125,24.72
206.0,15.875,8.3125,24.72
206.1875,15.5625,6.9375,25.05
206.1875,15.5625,6.9375,25.05
206.1875,15.5625,6.9375,25.05
206.1875,15.5625,6.9375,25.05
206.1875,15.5625,6.9375,25.05
206.1875,15.5625,6.9375,25.05
206.1875,15.5625,6.9375,25.05
206.1875,15.5625,6.9375,25.05
206.1875,15.5625,6.9375,25.05
206.1875,15.5625,6.9375,25.05
206.1875,15.5625,6.9375,25.05
206.1875,15.5625,6.9375,25.05
206.1875,15.5625,6.9375,25.05
206.1875,15.5625,6.9375,25.05
206.1875,15.5625,6.9375,25.05
206.1875,15.5625,6.9375,25.05
206.1875,15.5625,6.9375,25.38
206.1875,15.5625,6.9375,25.38
206.1875,15.5625,6.9375,25.38
206.1875,15.5625,6.9375,25.38
206.1875,15.5625,6.9375,25.38
206.1875,15.5625,6.9375,25.38
206.1875,15.5625,6.9375,25.38
206.1875,15.5625,6.9375,25.38
206.1875,15.5625,6.9375,25.38
206.1875,15.5625,6.9375,25.38
206.1875,15.5625,6.9375,25.38
206.1875,15.5625,6.9375,25.38
206.1875,15.5625,6.9375,25.38
206.1875,15.5625,6.9375,25.38
206.1875,15.5625,6.9375,25.38
206.1875,15.5625,6.9375,25.38
206.1875,15.5625,6.9375,25.38
206.1875,15.5625,6.9375,25.72
206.1875,15.5625,6.9375,25.72
206.1875,15.5625,6.9375,25.72
206.1875,15.5625,6.9375,25.72
206.1875,15.5625,6.9375,25.72
206.1875,15.5625,6.9375,25.72
206.1875,15.5625,6.9375,25.72
206.1875,15.5625,6.9375,25.72
206.1875,15.5625,6.9375,25.72
206.1875,15.5625,6.9375,25.72
206.1875,15.5625,6.9375,25.72
206.1875,15.5625,6.9375,25.72
206.1875,15.5625,6.9375,25.72
206.1875,15.5625,6.9375,25.72
206.1875,15.5625,6.9375,25.72
206.1875,15.5625,6.9375,25.72
206.1875,15.5625,6.9375,25.72
206.375,15.375,5.5,26.05
206.375,15.375,5.5,26.05
206.375,15.375,5.5,26.05
206.375,15.375,5.5,26.05
206.375,15.375,5.5,26.05
206.375,15.375,5.5,26.05
206.375,15.375,5.5,26.05
206.375,15.375,5.5,26.05
206.375,15.375,5.5,26.05
206.375,15.375,5.5,26.05
206.375,15.375,5.5,26.05
206.375,15.375,5.5,26.05
206.375,15.375,5.5,26.05
206.375,15.375,5.5,26.05
206.375,15.375,5.5,26.05
206.375,15.375,5.5,26.05
206.375,15.375,5.5,26.38
206.375,15.375,5.5,26.38
206.375,15.375,5.5,26.38
206.375,15.375,5.5,26.38
206.375,15.375,5.5,26.38
206.375,15.375,5.5,26.38
206.375,15.375,5.5,26.38
206.375,15.375,5.5,26.38
206.375,15.375,5.5,26.38
206.375,15.375,5.5,26.38
206.375,15.375,5.5,26.38
206.375,15.375,5.5,26.38
206.375,15.375,5.5,26.38
206.375,15.375,5.5,26.38
206.375,15.375,5.5,26.38
206.375,15.375,5.5,26.38
206.375,15.375,5.5,26.38
206.6875,15.1875,3.875,26.72
206.6875,15.1875,3.875,26.72
206.6875,15.1875,3.875,26.72
206.6875,15.1875,3.875,26.72
206.6875,15.1875,3.875,26.72
206.6875,15.1875,3.875,26.72
206.6875,15.1875,3.875,26.72
206.6875,15.1875,3.875,26.72
206.6875,15.1875,3.875,26.72
206.6875,15.1875,3.875,26.72
206.6875,15.1875,3.875,26.72
206.6875,15.1875,3.875,26.72
206.6875,15.1875,3.875,26.72
206.6875,15.1875,3.875,26.72
206.6875,15.1875,3.875,26.72
206.6875,15.1875,3.875,26.72
206.6875,15.1875,3.875,26.72
206.6875,15.1875,3.875,27.05
206.6875,15.1875,3.875,27.05
206.6875,15.1875,3.875,27.05
206.6875,15.1875,3.875,27.05
206.6875,15.1875,3.875,27.05
206.6875,15.1875,3.875,27.05
206.6875,15.1875,3.875,27.05
206.6875,15.1875,3.875,27.05
206.6875,15.1875,3.875,27.05
206.6875,15.1875,3.875,27.05
206.6875,15.1875,3.875,27.05
206.6875,15.1875,3.875,27.05
206.6875,15.1875,3.875,27.05
206.6875,15.1875,3.875,27.05
206.6875,15.1875,3.875,27.05
206.6875,15.1875,3.875,27.05
206.6875,15.1875,3.875,27.38
206.6875,15.1875,3.875,27.38
206.6875,15.1875,3.875,27.38
206.6875,15.1875,3.875,27.38
206.6875,15.1875,3.875,27.38
206.6875,15.1875,3.875,27.38
206.6875,15.1875,3.875,27.38
206.6875,15.1875,3.875,27.38
206.6875,15.1875,3.875,27.38
206.6875,15.1875,3.875,27.38
206.6875,15.1875,3.875,27.38
206.6875,15.1875,3.875,27.38
206.6875,15.1875,3.875,27.38
206.6875,15.1875,3.875,27.38
206.6875,15.1875,3.875,27.38
206.6875,15.1875,3.875,27.38
206.6875,15.1875,3.875,27.38
207.125,14.75,2.125,27.72
207.125,14.75,2.125,27.72
207.125,14.75,2.125,27.72
207.125,14.75,2.125,27.72
207.125,14.75,2.125,27.72
207.125,14.75,2.125,27.72
207.125,14.75,2.125,27.72
207.125,14.75,2.125,27.72
207.125,14.75,2.125,27.72
207.125,14.75,2.125,27.72
207.125,14.75,2.125,27.72
207.125,14.75,2.125,27.72
207.125,14.75,2.125,27.72
207.125,14.75,2.125,27.72
207.125,14.75,2.125,27.72
207.125,14.75,2.125,27.72
207.125,14.75,2.125,27.72
207.5625,14.1875,0.625,28.05
207.5625,14.1875,0.625,28.05
207.5625,14.1875,0.625,28.05
207.5625,14.1875,0.625,28.05
207.5625,14.1875,0.625,28.05
207.5625,14.1875,0.625,28.05
207.5625,14.1875,0.625,28.05
207.5625,14.1875,0.625,28.05
207.5625,14.1875,0.625,28.05
207.5625,14.1875,0.625,28.05
207.5625,14.1875,0.625,28.05
207.5625,14.1875,0.625,28.05
207.5625,14.1875,0.625,28.05
207.5625,14.1875,0.625,28.05
207.5625,14.1875,0.625,28.05
207.5625,14.1875,0.625,28.05
207.5625,14.1875,0.625,28.38
207.5625,14.1875,0.625,28.38
207.5625,14.1875,0.625,28.38
207.5625,14.1875,0.625,28.38
207.5625,14.1875,0.625,28.38
207.5625,14.1875,0.625,28.38
207.5625,14.1875,0.625,28.38
207.5625,14.1875,0.625,28.38
207.5625,14.1875,0.625,28.38
207.5625,14.1875,0.625,28.38
207.5625,14.1875,0.625,28.38
207.5625,14.1875,0.625,28.38
207.5625,14.1875,0.625,28.38
207.5625,14.1875,0.625,28.38
207.5625,14.1875,0.625,28.38
207.5625,14.1875,0.625,28.38
207.5625,14.1875,0.625,28.38
207.9375,13.375,-0.75,28.72
207.9375,13.375,-0.75,28.72
207.9375,13.375,-0.75,28.72
207.9375,13.375,-0.75,28.72
207.9375,13.375,-0.75,28.72
207.9375,13.375,-0.75,28.72
207.9375,13.375,-0.75,28.72
207.9375,13.375,-0.75,28.72
207.9375,13.375,-0.75,28.72
207.9375,13.375,-0.75,28.72
207.9375,13.375,-0.75,28.72
207.9375,13.375,-0.75,28.72
207.9375,13.375,-0.75,28.72
207.9375,13.375,-0.75,28.72
207.9375,13.375,-0.75,28.72
207.9375,13.375,-0.75,28.72
207.9375,13.375,-0.75,28.72
207.9375,13.375,-0.75,29.05
207.9375,13.375,-0.75,29.05
207.9375,13.375,-0.75,29.05
207.9375,13.375,-0.75,29.05
207.9375,13.375,-0.75,29.05
207.9375,13.375,-0.75,29.05
207.9375,13.375,-0.75,29.05
207.9375,13.375,-0.75,29.05
207.9375,13.375,-0.75,29.05
207.9375,13.375,-0.75,29.05
207.9375,13.375,-0.75,29.05
207.9375,13.375,-0.75,29.05
207.9375,13.375,-0.75,29.05
207.9375,13.375,-0.75,29.05
207.9375,13.375,-0.75,29.05
207.9375,13.375,-0.75,29.05
208.6875,12.375,-2.0,29.38
208.6875,12.375,-2.0,29.38
208.6875,12.375,-2.0,29.38
208.6875,12.375,-2.0,29.38
208.6875,12.375,-2.0,29.38
208.6875,12.375,-2.0,29.38
208.6875,12.375,-2.0,29.38
208.6875,12.375,-2.0,29.38
208.6875,12.375,-2.0,29.38
208.6875,12.375,-2.0,29.38
208.6875,12.375,-2.0,29.38
208.6875,12.375,-2.0,29.38
208.6875,12.375,-2.0,29.38
208.6875,12.375,-2.0,29.38
208.6875,12.375,-2.0,29.38
208.6875,12.375,-2.0,29.38
208.6875,12.375,-2.0,29.38
208.6875,12.375,-2.0,29.72
208.6875,12.375,-2.0,29.72
208.6875,12.375,-2.0,29.72
208.6875,12.375,-2.0,29.72
208.6875,12.375,-2.0,29.72
208.6875,12.375,-2.0,29.72
208.6875,12.375,-2.0,29.72
208.6875,12.375,-2.0,29.72
208.6875,12.375,-2.0,29.72
208.6875,12.375,-2.0,29.72
208.6875,12.375,-2.0,29.72
208.6875,12.375,-2.0,29.72
208.6875,12.375,-2.0,29.72
208.6875,12.375,-2.0,29.72
208.6875,12.375,-2.0,29.72
208.6875,12.375,-2.0,29.72
208.6875,12.375,-2.0,29.72
208.6875,12.375,-2.0,30.05
208.6875,12.375,-2.0,30.05
208.6875,12.375,-2.0,30.05
208.6875,12.375,-2.0,30.05
208.6875,12.375,-2.0,30.05
208.6875,12.375,-2.0,30.05
208.6875,12.375,-2.0,30.05
208.6875,12.375,-2.0,30.05
208.6875,12.375,-2.0,30.05
208.6875,12.375,-2.0,30.05
208.6875,12.375,-2.0,30.05
208.6875,12.375,-2.0,30.05
208.6875,12.375,-2.0,30.05
208.6875,12.375,-2.0,30.05
208.6875,12.375,-2.0,30.05
208.6875,12.375,-2.0,30.05
209.375,11.375,-3.5625,30.38
209.375,11.375,-3.5625,30.38
209.375,11.375,-3.5625,30.38
209.375,11.375,-3.5625,30.38
209.375,11.375,-3.5625,30.38
209.375,11.375,-3.5625,30.38
209.375,11.375,-3.5625,30.38
209.375,11.375,-3.5625,30.38
209.375,11.375,-3.5625,30.38
209.375,11.375,-3.5625,30.38
209.375,11.375,-3.5625,30.38
209.375,11.375,-3.5625,30.38
209.375,11.375,-3.5625,30.38
209.375,11.375,-3.5625,30.38
209.375,11.375,-3.5625,30.38
209.375,11.375,-3.5625,30.38
209.375,11.375,-3.5625,30.38
209.375,11.375,-3.5625,30.72
209.375,11.375,-3.5625,30.72
209.375,11.375,-3.5625,30.72
209.375,11.375,-3.5625,30.72
209.375,11.375,-3.5625,30.72
209.375,11.375,-3.5625,30.72
209.375,11.375,-3.5625,30.72
209.375,11.375,-3.5625,30.72
209.375,11.375,-3.5625,30.72
209.375,11.375,-3.5625,30.72
209.375,11.375,-3.5625,30.72
209.375,11.375,-3.5625,30.72
209.375,11.375,-3.5625,30.72
209.375,11.375,-3.5625,30.72
209.375,11.375,-3.5625,30.72
209.375,11.375,-3.5625,30.72
209.375,11.375,-3.5625,30.72
210.0,10.5,-5.125,31.05
210.0,10.5,-5.125,31.05
210.0,10.5,-5.125,31.05
210.0,10.5,-5.125,31.05
210.0,10.5,-5.125,31.05
210.0,10.5,-5.125,31.05
210.0,10.5,-5.125,31.05
210.0,10.5,-5.125,31.05
210.0,10.5,-5.125,31.05
210.0,10.5,-5.125,31.05
210.0,10.5,-5.125,31.05
210.0,10.5,-5.125,31.05
210.0,10.5,-5.125,31.05
210.0,10.5,-5.125,31.05
210.0,10.5,-5.125,31.05
210.0,10.5,-5.125,31.05
210.375,9.6875,-6.1875,31.38
210.375,9.6875,-6.1875,31.38
210.375,9.6875,-6.1875,31.38
210.375,9.6875,-6.1875,31.38
210.375,9.6875,-6.1875,31.38
210.375,9.6875,-6.1875,31.38
210.375,9.6875,-6.1875,31.38
210.375,9.6875,-6.1875,31.38
210.375,9.6875,-6.1875,31.38
210.375,9.6875,-6.1875,31.38
210.375,9.6875,-6.1875,31.38
210.375,9.6875,-6.1875,31.38
210.375,9.6875,-6.1875,31.38
210.375,9.6875,-6.1875,31.38
210.375,9.6875,-6.1875,31.38
210.375,9.6875,-6.1875,31.38
210.375,9.6875,-6.1875,31.38
210.375,9.6875,-6.1875,31.72
210.375,9.6875,-6.1875,31.72
210.375,9.6875,-6.1875,31.72
210.375,9.6875,-6.1875,31.72
210.375,9.6875,-6.1875,31.72
210.375,9.6875,-6.1875,31.72
210.375,9.6875,-6.1875,31.72
210.375,9.6875,-6.1875,31.72
210.375,9.6875,-6.1875,31.72
210.375,9.6875,-6.1875,31.72
210.375,9.6875,-6.1875,31.72
210.375,9.6875,-6.1875,31.72
210.375,9.6875,-6.1875,31.72
210.375,9.6875,-6.1875,31.72
210.375,9.6875,-6.1875,31.72
210.375,9.6875,-6.1875,31.72
210.375,9.6875,-6.1875,31.72
211.6875,8.25,-6.3125,32.05
211.6875,8.25,-6.3125,32.05
211.6875,8.25,-6.3125,32.05
211.6875,8.25,-6.3125,32.05
211.6875,8.25,-6.3125,32.05
211.6875,8.25,-6.3125,32.05
211.6875,8.25,-6.3125,32.05
211.6875,8.25,-6.3125,32.05
211.6875,8.25,-6.3125,32.05
211.6875,8.25,-6.3125,32.05
211.6875,8.25,-6.3125,32.05
211.6875,8.25,-6.3125,32.05
211.6875,8.25,-6.3125,32.05
211.6875,8.25,-6.3125,32.05
211.6875,8.25,-6.3125,32.05
211.6875,8.25,-6.3125,32.05
211.6875,8.25,-6.3125,32.38
211.6875,8.25,-6.3125,32.38
211.6875,8.25,-6.3125,32.38
211.6875,8.25,-6.3125,32.38
211.6875,8.25,-6.3125,32.38
211.6875,8.25,-6.3125,32.38
211.6875,8.25,-6.3125,32.38
211.6875,8.25,-6.3125,32.38
211.6875,8.25,-6.3125,32.38
211.6875,8.25,-6.3125,32.38
211.6875,8.25,-6.3125,32.38
211.6875,8.25,-6.3125,32.38
211.6875,8.25,-6.3125,32.38
211.6875,8.25,-6.3125,32.38
211.6875,8.25,-6.3125,32.38
211.6875,8.25,-6.3125,32.38
211.6875,8.25,-6.3125,32.38
211.6875,8.25,-6.3125,32.72
211.6875,8.25,-6.3125,32.72
211.6875,8.25,-6.3125,32.72
211.6875,8.25,-6.3125,32.72
211.6875,8.25,-6.3125,32.72
211.6875,8.25,-6.3125,32.72
211.6875,8.25,-6.3125,32.72
211.6875,8.25,-6.3125,32.72
211.6875,8.25,-6.3125,32.72
211.6875,8.25,-6.3125,32.72
211.6875,8.25,-6.3125,32.72
211.6875,8.25,-6.3125,32.72
211.6875,8.25,-6.3125,32.72
211.6875,8.25,-6.3125,32.72
211.6875,8.25,-6.3125,32.72
211.6875,8.25,-6.3125,32.72
211.6875,8.25,-6.3125,32.72
215.375,4.375,-7.25,33.05
215.375,4.375,-7.25,33.05
215.375,4.375,-7.25,33.05
215.375,4.375,-7.25,33.05
215.375,4.375,-7.25,33.05
215.375,4.375,-7.25,33.05
215.375,4.375,-7.25,33.05
215.375,4.375,-7.25,33.05
215.375,4.375,-7.25,33.05
215.375,4.375,-7.25,33.05
215.375,4.375,-7.25,33.05
215.375,4.375,-7.25,33.05
215.375,4.375,-7.25,33.05
215.375,4.375,-7.25,33.05
215.375,4.375,-7.25,33.05
215.375,4.375,-7.25,33.05
215.375,4.375,-7.25,33.38
215.375,4.375,-7.25,33.38
215.375,4.375,-7.25,33.38
215.375,4.375,-7.25,33.38
215.375,4.375,-7.25,33.38
215.375,4.375,-7.25,33.38
215.375,4.375,-7.25,33.38
215.375,4.375,-7.25,33.38
215.375,4.375,-7.25,33.38
215.375,4.375,-7.25,33.38
215.375,4.375,-7.25,33.38
215.375,4.375,-7.25,33.38
215.375,4.375,-7.25,33.38
215.375,4.375,-7.25,33.38
215.375,4.375,-7.25,33.38
215.375,4.375,-7.25,33.38
215.375,4.375,-7.25,33.38
216.5625,2.9375,-8.5625,33.72
216.5625,2.9375,-8.5625,33.72
216.5625,2.9375,-8.5625,33.72
216.5625,2.9375,-8.5625,33.72
216.5625,2.9375,-8.5625,33.72
216.5625,2.9375,-8.5625,33.72
216.5625,2.9375,-8.5625,33.72
216.5625,2.9375,-8.5625,33.72
216.5625,2.9375,-8.5625,33.72
216.5625,2.9375,-8.5625,33.72
216.5625,2.9375,-8.5625,33.72
216.5625,2.9375,-8.5625,33.72
216.5625,2.9375,-8.5625,33.72
216.5625,2.9375,-8.5625,33.72
216.5625,2.9375,-8.5625,33.72
216.5625,2.9375,-8.5625,33.72
216.5625,2.9375,-8.5625,33.72
216.5625,2.9375,-8.5625,34.05
216.5625,2.9375,-8.5625,34.05
216.5625,2.9375,-8.5625,34.05
216.5625,2.9375,-8.5625,34.05
216.5625,2.9375,-8.5625,34.05
216.5625,2.9375,-8.5625,34.05
216.5625,2.9375,-8.5625,34.05
216.5625,2.9375,-8.5625,34.05
216.5625,2.9375,-8.5625,34.05
216.5625,2.9375,-8.5625,34.05
216.5625,2.9375,-8.5625,34.05
216.5625,2.9375,-8.5625,34.05
216.5625,2.9375,-8.5625,34.05
216.5625,2.9375,-8.5625,34.05
216.5625,2.9375,-8.5625,34.05
216.5625,2.9375,-8.5625,34.05
216.5625,2.9375,-8.5625,34.38
216.5625,2.9375,-8.5625,34.38
216.5625,2.9375,-8.5625,34.38
216.5625,2.9375,-8.5625,34.38
216.5625,2.9375,-8.5625,34.38
216.5625,2.9375,-8.5625,34.38
216.5625,2.9375,-8.5625,34.38
216.5625,2.9375,-8.5625,34.38
216.5625,2.9375,-8.5625,34.38
216.5625,2.9375,-8.5625,34.38
216.5625,2.9375,-8.5625,34.38
216.5625,2.9375,-8.5625,34.38
216.5625,2.9375,-8.5625,34.38
216.5625,2.9375,-8.5625,34.38
216.5625,2.9375,-8.5625,34.38
216.5625,2.9375,-8.5625,34.38
216.5625,2.9375,-8.5625,34.38
216.875,2.1875,-9.3125,34.72
216.875,2.1875,-9.3125,34.72
216.875,2.1875,-9.3125,34.72
216.875,2.1875,-9.3125,34.72
216.875,2.1875,-9.3125,34.72
216.875,2.1875,-9.3125,34.72
216.875,2.1875,-9.3125,34.72
216.875,2.1875,-9.3125,34.72
216.875,2.1875,-9.3125,34.72
216.875,2.1875,-9.3125,34.72
216.875,2.1875,-9.3125,34.72
216.875,2.1875,-9.3125,34.72
216.875,2.1875,-9.3125,34.72
216.875,2.1875,-9.3125,34.72
216.875,2.1875,-9.3125,34.72
216.875,2.1875,-9.3125,34.72
216.875,2.1875,-9.3125,34.72
217.375,1.25,-10.25,35.05
217.375,1.25,-10.25,35.05
217.375,1.25,-10.25,35.05
217.375,1.25,-10.25,35.05
217.375,1.25,-10.25,35.05
217.375,1.25,-10.25,35.05
217.375,1.25,-10.25,35.05
217.375,1.25,-10.25,35.05
217.375,1.25,-10.25,35.05
217.375,1.25,-10.25,35.05
217.375,1.25,-10.25,35.05
217.375,1.25,-10.25,35.05
217.375,1.25,-10.25,35.05
217.375,1.25,-10.25,35.05
217.375,1.25,-10.25,35.05
217.375,1.25,-10.25,35.05
217.375,1.25,-10.25,35.38
217.375,1.25,-10.25,35.38
217.375,1.25,-10.25,35.38
217.375,1.25,-10.25,35.38
217.375,1.25,-10.25,35.38
217.375,1.25,-10.25,35.38
217.375,1.25,-10.25,35.38
217.375,1.25,-10.25,35.38
217.375,1.25,-10.25,35.38
217.375,1.25,-10.25,35.38
217.375,1.25,-10.25,35.38
217.375,1.25,-10.25,35.38
217.375,1.25,-10.25,35.38
217.375,1.25,-10.25,35.38
217.375,1.25,-10.25,35.38
217.375,1.25,-10.25,35.38
217.375,1.25,-10.25,35.38
217.875,0.625,-11.125,35.72
217.875,0.625,-11.125,35.72
217.875,0.625,-11.125,35.72
217.875,0.625,-11.125,35.72
217.875,0.625,-11.125,35.72
217.875,0.625,-11.125,35.72
217.875,0.625,-11.125,35.72
217.875,0.625,-11.125,35.72
217.875,0.625,-11.125,35.72
217.875,0.625,-11.125,35.72
217.875,0.625,-11.125,35.72
217.875,0.625,-11.125,35.72
217.875,0.625,-11.125,35.72
217.875,0.625,-11.125,35.72
217.875,0.625,-11.125,35.72
217.875,0.625,-11.125,35.72
217.875,0.625,-11.125,35.72
217.875,0.625,-11.125,36.05
217.875,0.625,-11.125,36.05
217.875,0.625,-11.125,36.05
217.875,0.625,-11.125,36.05
217.875,0.625,-11.125,36.05
217.875,0.625,-11.125,36.05
217.875,0.625,-11.125,36.05
217.875,0.625,-11.125,36.05
217.875,0.625,-11.125,36.05
217.875,0.625,-11.125,36.05
217.875,0.625,-11.125,36.05
217.875,0.625,-11.125,36.05
217.875,0.625,-11.125,36.05
217.875,0.625,-11.125,36.05
217.875,0.625,-11.125,36.05
217.875,0.625,-11.125,36.05
218.5,0.6875,-12.125,36.38
218.5,0.6875,-12.125,36.38
218.5,0.6875,-12.125,36.38
218.5,0.6875,-12.125,36.38
218.5,0.6875,-12.125,36.38
218.5,0.6875,-12.125,36.38
218.5,0.6875,-12.125,36.38
218.5,0.6875,-12.125,36.38
218.5,0.6875,-12.125,36.38
218.5,0.6875,-12.125,36.38
218.5,0.6875,-12.125,36.38
218.5,0.6875,-12.125,36.38
218.5,0.6875,-12.125,36.38
218.5,0.6875,-12.125,36.38
218.5,0.6875,-12.125,36.38
218.5,0.6875,-12.125,36.38
218.5,0.6875,-12.125,36.38
Current Task:,NVRW Task 1
Task Start:,02:40:11 PM
Heading, Roll, Pitch, Task Time
219.875,9.6875,-12.5625,0.07
220.0,9.875,-12.5,0.09
220.0,9.875,-12.5,0.09
220.125,10.0625,-12.4375,0.12
220.125,10.0625,-12.4375,0.12
220.125,10.0625,-12.4375,0.17
220.125,10.0625,-12.4375,0.17
220.125,10.0625,-12.4375,0.17
220.3125,10.25,-12.25,0.22
220.3125,10.25,-12.25,0.22
220.3125,10.25,-12.25,0.22
220.3125,10.25,-12.25,0.22
220.3125,10.25,-12.25,0.30
220.3125,10.25,-12.25,0.30
220.3125,10.25,-12.25,0.30
220.3125,10.25,-12.25,0.30
220.3125,10.25,-12.25,0.30
220.3125,10.25,-12.25,0.41
220.3125,10.25,-12.25,0.41
220.3125,10.25,-12.25,0.41
220.3125,10.25,-12.25,0.41
220.3125,10.25,-12.25,0.41
220.3125,10.25,-12.25,0.41
220.5,10.5,-12.0625,0.54
220.5,10.5,-12.0625,0.54
220.5,10.5,-12.0625,0.54
220.5,10.5,-12.0625,0.54
220.5,10.5,-12.0625,0.54
220.5,10.5,-12.0625,0.54
220.5,10.5,-12.0625,0.54
220.5,10.5,-12.0625,0.54
220.5,10.5,-12.0625,0.69
220.5,10.5,-12.0625,0.69
220.5,10.5,-12.0625,0.69
220.5,10.5,-12.0625,0.69
220.5,10.5,-12.0625,0.69
220.5,10.5,-12.0625,0.69
220.5,10.5,-12.0625,0.69
220.5,10.5,-12.0625,0.69
220.5,10.5,-12.0625,0.69
220.5,10.5,-12.0625,0.69
220.5,10.5,-12.0625,0.69
220.6875,10.9375,-11.875,0.90
220.6875,10.9375,-11.875,0.90
220.6875,10.9375,-11.875,0.90
220.6875,10.9375,-11.875,0.90
220.6875,10.9375,-11.875,0.90
220.6875,10.9375,-11.875,0.90
220.6875,10.9375,-11.875,0.90
220.6875,10.9375,-11.875,0.90
220.6875,10.9375,-11.875,0.90
220.6875,10.9375,-11.875,0.90
220.6875,10.9375,-11.875,0.90
220.6875,10.9375,-11.875,0.90
220.6875,10.9375,-11.875,0.90
220.6875,10.9375,-11.875,0.90
220.6875,10.9375,-11.875,1.18
220.6875,10.9375,-11.875,1.18
220.6875,10.9375,-11.875,1.18
220.6875,10.9375,-11.875,1.18
220.6875,10.9375,-11.875,1.18
220.6875,10.9375,-11.875,1.18
220.6875,10.9375,-11.875,1.18
220.6875,10.9375,-11.875,1.18
220.6875,10.9375,-11.875,1.18
220.6875,10.9375,-11.875,1.18
220.6875,10.9375,-11.875,1.18
220.6875,10.9375,-11.875,1.18
220.6875,10.9375,-11.875,1.18
220.6875,10.9375,-11.875,1.18
220.6875,10.9375,-11.875,1.18
220.6875,10.9375,-11.875,1.18
220.6875,10.9375,-11.875,1.51
220.6875,10.9375,-11.875,1.51
220.6875,10.9375,-11.875,1.51
220.6875,10.9375,-11.875,1.51
220.6875,10.9375,-11.875,1.51
220.6875,10.9375,-11.875,1.51
220.6875,10.9375,-11.875,1.51
220.6875,10.9375,-11.875,1.51
220.6875,10.9375,-11.875,1.51
220.6875,10.9375,-11.875,1.51
220.6875,10.9375,-11.875,1.51
220.6875,10.9375,-11.875,1.51
220.6875,10.9375,-11.875,1.51
220.6875,10.9375,-11.875,1.51
220.6875,10.9375,-11.875,1.51
220.6875,10.9375,-11.875,1.51
220.6875,10.9375,-11.875,1.51
220.8125,11.375,-11.5625,1.85
220.8125,11.375,-11.5625,1.85
220.8125,11.375,-11.5625,1.85
220.8125,11.375,-11.5625,1.85
220.8125,11.375,-11.5625,1.85
220.8125,11.375,-11.5625,1.85
220.8125,11.375,-11.5625,1.85
220.8125,11.375,-11.5625,1.85
220.8125,11.375,-11.5625,1.85
220.8125,11.375,-11.5625,1.85
220.8125,11.375,-11.5625,1.85
220.8125,11.375,-11.5625,1.85
220.8125,11.375,-11.5625,1.85
220.8125,11.375,-11.5625,1.85
220.8125,11.375,-11.5625,1.85
220.8125,11.375,-11.5625,1.85
220.8125,11.375,-11.5625,1.85
220.875,11.8125,-11.25,2.18
220.875,11.8125,-11.25,2.18
220.875,11.8125,-11.25,2.18
220.875,11.8125,-11.25,2.18
220.875,11.8125,-11.25,2.18
220.875,11.8125,-11.25,2.18
220.875,11.8125,-11.25,2.18
220.875,11.8125,-11.25,2.18
220.875,11.8125,-11.25,2.18
220.875,11.8125,-11.25,2.18
220.875,11.8125,-11.25,2.18
220.875,11.8125,-11.25,2.18
220.875,11.8125,-11.25,2.18
220.875,11.8125,-11.25,2.18
220.875,11.8125,-11.25,2.18
220.875,11.8125,-11.25,2.18
220.875,11.8125,-11.25,2.51
220.875,11.8125,-11.25,2.51
220.875,11.8125,-11.25,2.51
220.875,11.8125,-11.25,2.51
220.875,11.8125,-11.25,2.51
220.875,11.8125,-11.25,2.51
220.875,11.8125,-11.25,2.51
220.875,11.8125,-11.25,2.51
220.875,11.8125,-11.25,2.51
220.875,11.8125,-11.25,2.51
220.875,11.8125,-11.25,2.51
220.875,11.8125,-11.25,2.51
220.875,11.8125,-11.25,2.51
220.875,11.8125,-11.25,2.51
220.875,11.8125,-11.25,2.51
220.875,11.8125,-11.25,2.51
220.875,11.8125,-11.25,2.51
220.9375,12.125,-10.8125,2.85
220.9375,12.125,-10.8125,2.85
220.9375,12.125,-10.8125,2.85
220.9375,12.125,-10.8125,2.85
220.9375,12.125,-10.8125,2.85
220.9375,12.125,-10.8125,2.85
220.9375,12.125,-10.8125,2.85
220.9375,12.125,-10.8125,2.85
220.9375,12.125,-10.8125,2.85
220.9375,12.125,-10.8125,2.85
220.9375,12.125,-10.8125,2.85
220.9375,12.125,-10.8125,2.85
220.9375,12.125,-10.8125,2.85
220.9375,12.125,-10.8125,2.85
220.9375,12.125,-10.8125,2.85
220.9375,12.125,-10.8125,2.85
220.9375,12.125,-10.8125,2.85
220.9375,12.125,-10.8125,3.18
220.9375,12.125,-10.8125,3.18
220.9375,12.125,-10.8125,3.18
220.9375,12.125,-10.8125,3.18
220.9375,12.125,-10.8125,3.18
220.9375,12.125,-10.8125,3.18
220.9375,12.125,-10.8125,3.18
220.9375,12.125,-10.8125,3.18
220.9375,12.125,-10.8125,3.18
220.9375,12.125,-10.8125,3.18
220.9375,12.125,-10.8125,3.18
220.9375,12.125,-10.8125,3.18
220.9375,12.125,-10.8125,3.18
220.9375,12.125,-10.8125,3.18
220.9375,12.125,-10.8125,3.18
220.9375,12.125,-10.8125,3.18
220.9375,12.125,-10.8125,3.51
220.9375,12.125,-10.8125,3.51
220.9375,12.125,-10.8125,3.51
220.9375,12.125,-10.8125,3.51
220.9375,12.125,-10.8125,3.51
220.9375,12.125,-10.8125,3.51
220.9375,12.125,-10.8125,3.51
220.9375,12.125,-10.8125,3.51
220.9375,12.125,-10.8125,3.51
220.9375,12.125,-10.8125,3.51
220.9375,12.125,-10.8125,3.51
220.9375,12.125,-10.8125,3.51
220.9375,12.125,-10.8125,3.51
220.9375,12.125,-10.8125,3.51
220.9375,12.125,-10.8125,3.51
220.9375,12.125,-10.8125,3.51
220.9375,12.125,-10.8125,3.51
221.0,12.3125,-10.375,3.85
221.0,12.3125,-10.375,3.85
221.0,12.3125,-10.375,3.85
221.0,12.3125,-10.375,3.85
221.0,12.3125,-10.375,3.85
221.0,12.3125,-10.375,3.85
221.0,12.3125,-10.375,3.85
221.0,12.3125,-10.375,3.85
221.0,12.3125,-10.375,3.85
221.0,12.3125,-10.375,3.85
221.0,12.3125,-10.375,3.85
221.0,12.3125,-10.375,3.85
221.0,12.3125,-10.375,3.85
221.0,12.3125,-10.375,3.85
221.0,12.3125,-10.375,3.85
221.0,12.3125,-10.375,3.85
221.0,12.3125,-10.375,3.85
221.0,12.3125,-10.375,4.18
221.0,12.3125,-10.375,4.18
221.0,12.3125,-10.375,4.18
221.0,12.3125,-10.375,4.18
221.0,12.3125,-10.375,4.18
221.0,12.3125,-10.375,4.18
221.0,12.3125,-10.375,4.18
221.0,12.3125,-10.375,4.18
221.0,12.3125,-10.375,4.18
221.0,12.3125,-10.375,4.18
221.0,12.3125,-10.375,4.18
221.0,12.3125,-10.375,4.18
221.0,12.3125,-10.375,4.18
221.0,12.3125,-10.375,4.18
221.0,12.3125,-10.375,4.18
221.0,12.3125,-10.375,4.18
221.0625,12.375,-9.9375,4.51
221.0625,12.375,-9.9375,4.51
221.0625,12.375,-9.9375,4.51
221.0625,12.375,-9.9375,4.51
221.0625,12.375,-9.9375,4.51
221.0625,12.375,-9.9375,4.51
221.0625,12.375,-9.9375,4.51
221.0625,12.375,-9.9375,4.51
221.0625,12.375,-9.9375,4.51
221.0625,12.375,-9.9375,4.51
221.0625,12.375,-9.9375,4.51
221.0625,12.375,-9.9375,4.51
221.0625,12.375,-9.9375,4.51
221.0625,12.375,-9.9375,4.51
221.0625,12.375,-9.9375,4.51
221.0625,12.375,-9.9375,4.51
221.0625,12.375,-9.9375,4.51
221.0625,12.375,-9.9375,4.85
221.0625,12.375,-9.9375,4.85
221.0625,12.375,-9.9375,4.85
221.0625,12.375,-9.9375,4.85
221.0625,12.375,-9.9375,4.85
221.0625,12.375,-9.9375,4.85
221.0625,12.375,-9.9375,4.85
221.0625,12.375,-9.9375,4.85
221.0625,12.375,-9.9375,4.85
221.0625,12.375,-9.9375,4.85
221.0625,12.375,-9.9375,4.85
221.0625,12.375,-9.9375,4.85
221.0625,12.375,-9.9375,4.85
221.0625,12.375,-9.9375,4.85
221.0625,12.375,-9.9375,4.85
221.0625,12.375,-9.9375,4.85
221.0625,12.375,-9.9375,4.85
221.0625,12.375,-9.9375,5.18
221.0625,12.375,-9.9375,5.18
221.0625,12.375,-9.9375,5.18
221.0625,12.375,-9.9375,5.18
221.0625,12.375,-9.9375,5.18
221.0625,12.375,-9.9375,5.18
221.0625,12.375,-9.9375,5.18
221.0625,12.375,-9.9375,5.18
221.0625,12.375,-9.9375,5.18
221.0625,12.375,-9.9375,5.18
221.0625,12.375,-9.9375,5.18
221.0625,12.375,-9.9375,5.18
221.0625,12.375,-9.9375,5.18
221.0625,12.375,-9.9375,5.18
221.0625,12.375,-9.9375,5.18
221.0625,12.375,-9.9375,5.18
221.25,12.3125,-9.375,5.51
221.25,12.3125,-9.375,5.51
221.25,12.3125,-9.375,5.51
221.25,12.3125,-9.375,5.51
221.25,12.3125,-9.375,5.51
221.25,12.3125,-9.375,5.51
221.25,12.3125,-9.375,5.51
221.25,12.3125,-9.375,5.51
221.25,12.3125,-9.375,5.51
221.25,12.3125,-9.375,5.51
221.25,12.3125,-9.375,5.51
221.25,12.3125,-9.375,5.51
221.25,12.3125,-9.375,5.51
221.25,12.3125,-9.375,5.51
221.25,12.3125,-9.375,5.51
221.25,12.3125,-9.375,5.51
221.25,12.3125,-9.375,5.51
221.375,12.125,-8.625,5.85
221.375,12.125,-8.625,5.85
221.375,12.125,-8.625,5.85
221.375,12.125,-8.625,5.85
221.375,12.125,-8.625,5.85
221.375,12.125,-8.625,5.85
221.375,12.125,-8.625,5.85
221.375,12.125,-8.625,5.85
221.375,12.125,-8.625,5.85
221.375,12.125,-8.625,5.85
221.375,12.125,-8.625,5.85
221.375,12.125,-8.625,5.85
221.375,12.125,-8.625,5.85
221.375,12.125,-8.625,5.85
221.375,12.125,-8.625,5.85
221.375,12.125,-8.625,5.85
221.375,12.125,-8.625,5.85
221.375,12.125,-8.625,6.18
221.375,12.125,-8.625,6.18
221.375,12.125,-8.625,6.18
221.375,12.125,-8.625,6.18
221.375,12.125,-8.625,6.18
221.375,12.125,-8.625,6.18
221.375,12.125,-8.625,6.18
221.375,12.125,-8.625,6.18
221.375,12.125,-8.625,6.18
221.375,12.125,-8.625,6.18
221.375,12.125,-8.625,6.18
221.375,12.125,-8.625,6.18
221.375,12.125,-8.625,6.18
221.375,12.125,-8.625,6.18
221.375,12.125,-8.625,6.18
221.375,12.125,-8.625,6.18
221.5,11.875,-8.0,6.51
221.5,11.875,-8.0,6.51
221.5,11.875,-8.0,6.51
221.5,11.875,-8.0,6.51
221.5,11.875,-8.0,6.51
221.5,11.875,-8.0,6.51
221.5,11.875,-8.0,6.51
221.5,11.875,-8.0,6.51
221.5,11.875,-8.0,6.51
221.5,11.875,-8.0,6.51
221.5,11.875,-8.0,6.51
221.5,11.875,-8.0,6.51
221.5,11.875,-8.0,6.51
221.5,11.875,-8.0,6.51
221.5,11.875,-8.0,6.51
221.5,11.875,-8.0,6.51
221.5,11.875,-8.0,6.51
221.5,11.875,-8.0,6.85
221.5,11.875,-8.0,6.85
221.5,11.875,-8.0,6.85
221.5,11.875,-8.0,6.85
221.5,11.875,-8.0,6.85
221.5,11.875,-8.0,6.85
221.5,11.875,-8.0,6.85
221.5,11.875,-8.0,6.85
221.5,11.875,-8.0,6.85
221.5,11.875,-8.0,6.85
221.5,11.875,-8.0,6.85
221.5,11.875,-8.0,6.85
221.5,11.875,-8.0,6.85
221.5,11.875,-8.0,6.85
221.5,11.875,-8.0,6.85
221.5,11.875,-8.0,6.85
221.5,11.875,-8.0,6.85
221.625,11.375,-7.4375,7.18
221.625,11.375,-7.4375,7.18
221.625,11.375,-7.4375,7.18
221.625,11.375,-7.4375,7.18
221.625,11.375,-7.4375,7.18
221.625,11.375,-7.4375,7.18
221.625,11.375,-7.4375,7.18
221.625,11.375,-7.4375,7.18
221.625,11.375,-7.4375,7.18
221.625,11.375,-7.4375,7.18
221.625,11.375,-7.4375,7.18
221.625,11.375,-7.4375,7.18
221.625,11.375,-7.4375,7.18
221.625,11.375,-7.4375,7.18
221.625,11.375,-7.4375,7.18
221.625,11.375,-7.4375,7.18
221.625,11.375,-7.4375,7.51
221.625,11.375,-7.4375,7.51
221.625,11.375,-7.4375,7.51
221.625,11.375,-7.4375,7.51
221.625,11.375,-7.4375,7.51
221.625,11.375,-7.4375,7.51
221.625,11.375,-7.4375,7.51
221.625,11.375,-7.4375,7.51
221.625,11.375,-7.4375,7.51
221.625,11.375,-7.4375,7.51
221.625,11.375,-7.4375,7.51
221.625,11.375,-7.4375,7.51
221.625,11.375,-7.4375,7.51
221.625,11.375,-7.4375,7.51
221.625,11.375,-7.4375,7.51
221.625,11.375,-7.4375,7.51
221.625,11.375,-7.4375,7.51
221.625,11.375,-7.4375,7.85
221.625,11.375,-7.4375,7.85
221.625,11.375,-7.4375,7.85
221.625,11.375,-7.4375,7.85
221.625,11.375,-7.4375,7.85
221.625,11.375,-7.4375,7.85
221.625,11.375,-7.4375,7.85
221.625,11.375,-7.4375,7.85
221.625,11.375,-7.4375,7.85
221.625,11.375,-7.4375,7.85
221.625,11.375,-7.4375,7.85
221.625,11.375,-7.4375,7.85
221.625,11.375,-7.4375,7.85
221.625,11.375,-7.4375,7.85
221.625,11.375,-7.4375,7.85
221.625,11.375,-7.4375,7.85
221.625,11.375,-7.4375,7.85
221.8125,11.0,-7.0625,8.18
221.8125,11.0,-7.0625,8.18
221.8125,11.0,-7.0625,8.18
221.8125,11.0,-7.0625,8.18
221.8125,11.0,-7.0625,8.18
221.8125,11.0,-7.0625,8.18
221.8125,11.0,-7.0625,8.18
221.8125,11.0,-7.0625,8.18
221.8125,11.0,-7.0625,8.18
221.8125,11.0,-7.0625,8.18
221.8125,11.0,-7.0625,8.18
221.8125,11.0,-7.0625,8.18
221.8125,11.0,-7.0625,8.18
221.8125,11.0,-7.0625,8.18
221.8125,11.0,-7.0625,8.18
221.8125,11.0,-7.0625,8.18
221.8125,11.0,-7.0625,8.51
221.8125,11.0,-7.0625,8.51
221.8125,11.0,-7.0625,8.51
221.8125,11.0,-7.0625,8.51
221.8125,11.0,-7.0625,8.51
221.8125,11.0,-7.0625,8.51
221.8125,11.0,-7.0625,8.51
221.8125,11.0,-7.0625,8.51
221.8125,11.0,-7.0625,8.51
221.8125,11.0,-7.0625,8.51
221.8125,11.0,-7.0625,8.51
221.8125,11.0,-7.0625,8.51
221.8125,11.0,-7.0625,8.51
221.8125,11.0,-7.0625,8.51
221.8125,11.0,-7.0625,8.51
221.8125,11.0,-7.0625,8.51
221.8125,11.0,-7.0625,8.51
222.0,10.5,-6.8125,8.85
222.0,10.5,-6.8125,8.85
222.0,10.5,-6.8125,8.85
222.0,10.5,-6.8125,8.85
222.0,10.5,-6.8125,8.85
222.0,10.5,-6.8125,8.85
222.0,10.5,-6.8125,8.85
222.0,10.5,-6.8125,8.85
222.0,10.5,-6.8125,8.85
222.0,10.5,-6.8125,8.85
222.0,10.5,-6.8125,8.85
222.0,10.5,-6.8125,8.85
222.0,10.5,-6.8125,8.85
222.0,10.5,-6.8125,8.85
222.0,10.5,-6.8125,8.85
222.0,10.5,-6.8125,8.85
222.0,10.5,-6.8125,8.85
222.0,10.5,-6.8125,9.18
222.0,10.5,-6.8125,9.18
222.0,10.5,-6.8125,9.18
222.0,10.5,-6.8125,9.18
222.0,10.5,-6.8125,9.18
222.0,10.5,-6.8125,9.18
222.0,10.5,-6.8125,9.18
222.0,10.5,-6.8125,9.18
222.0,10.5,-6.8125,9.18
222.0,10.5,-6.8125,9.18
222.0,10.5,-6.8125,9.18
222.0,10.5,-6.8125,9.18
222.0,10.5,-6.8125,9.18
222.0,10.5,-6.8125,9.18
222.0,10.5,-6.8125,9.18
222.0,10.5,-6.8125,9.18
222.3125,10.0,-6.8125,9.51
222.3125,10.0,-6.8125,9.51
222.3125,10.0,-6.8125,9.51
222.3125,10.0,-6.8125,9.51
222.3125,10.0,-6.8125,9.51
222.3125,10.0,-6.8125,9.51
222.3125,10.0,-6.8125,9.51
222.3125,10.0,-6.8125,9.51
222.3125,10.0,-6.8125,9.51
222.3125,10.0,-6.8125,9.51
222.3125,10.0,-6.8125,9.51
222.3125,10.0,-6.8125,9.51
222.3125,10.0,-6.8125,9.51
222.3125,10.0,-6.8125,9.51
222.3125,10.0,-6.8125,9.51
222.3125,10.0,-6.8125,9.51
222.3125,10.0,-6.8125,9.51
222.3125,10.0,-6.8125,9.85
222.3125,10.0,-6.8125,9.85
222.3125,10.0,-6.8125,9.85
222.3125,10.0,-6.8125,9.85
222.3125,10.0,-6.8125,9.85
222.3125,10.0,-6.8125,9.85
222.3125,10.0,-6.8125,9.85
222.3125,10.0,-6.8125,9.85
222.3125,10.0,-6.8125,9.85
222.3125,10.0,-6.8125,9.85
222.3125,10.0,-6.8125,9.85
222.3125,10.0,-6.8125,9.85
222.3125,10.0,-6.8125,9.85
222.3125,10.0,-6.8125,9.85
222.3125,10.0,-6.8125,9.85
222.3125,10.0,-6.8125,9.85
222.3125,10.0,-6.8125,9.85
222.375,9.9375,-7.25,10.18
222.375,9.9375,-7.25,10.18
222.375,9.9375,-7.25,10.18
222.375,9.9375,-7.25,10.18
222.375,9.9375,-7.25,10.18
222.375,9.9375,-7.25,10.18
222.375,9.9375,-7.25,10.18
222.375,9.9375,-7.25,10.18
222.375,9.9375,-7.25,10.18
222.375,9.9375,-7.25,10.18
222.375,9.9375,-7.25,10.18
222.375,9.9375,-7.25,10.18
222.375,9.9375,-7.25,10.18
222.375,9.9375,-7.25,10.18
222.375,9.9375,-7.25,10.18
222.375,9.9375,-7.25,10.18
222.375,9.9375,-7.25,10.51
222.375,9.9375,-7.25,10.51
222.375,9.9375,-7.25,10.51
222.375,9.9375,-7.25,10.51
222.375,9.9375,-7.25,10.51
222.375,9.9375,-7.25,10.51
222.375,9.9375,-7.25,10.51
222.375,9.9375,-7.25,10.51
222.375,9.9375,-7.25,10.51
222.375,9.9375,-7.25,10.51
222.375,9.9375,-7.25,10.51
222.375,9.9375,-7.25,10.51
222.375,9.9375,-7.25,10.51
222.375,9.9375,-7.25,10.51
222.375,9.9375,-7.25,10.51
222.375,9.9375,-7.25,10.51
222.375,9.9375,-7.25,10.51
222.375,9.9375,-7.25,10.85
222.375,9.9375,-7.25,10.85
222.375,9.9375,-7.25,10.85
222.375,9.9375,-7.25,10.85
222.375,9.9375,-7.25,10.85
222.375,9.9375,-7.25,10.85
222.375,9.9375,-7.25,10.85
222.375,9.9375,-7.25,10.85
222.375,9.9375,-7.25,10.85
222.375,9.9375,-7.25,10.85
222.375,9.9375,-7.25,10.85
222.375,9.9375,-7.25,10.85
222.375,9.9375,-7.25,10.85
222.375,9.9375,-7.25,10.85
222.375,9.9375,-7.25,10.85
222.375,9.9375,-7.25,10.85
222.375,9.9375,-7.25,10.85
222.5625,9.6875,-7.5625,11.18
222.5625,9.6875,-7.5625,11.18
222.5625,9.6875,-7.5625,11.18
222.5625,9.6875,-7.5625,11.18
222.5625,9.6875,-7.5625,11.18
222.5625,9.6875,-7.5625,11.18
222.5625,9.6875,-7.5625,11.18
222.5625,9.6875,-7.5625,11.18
222.5625,9.6875,-7.5625,11.18
222.5625,9.6875,-7.5625,11.18
222.5625,9.6875,-7.5625,11.18
222.5625,9.6875,-7.5625,11.18
222.5625,9.6875,-7.5625,11.18
222.5625,9.6875,-7.5625,11.18
222.5625,9.6875,-7.5625,11.18
222.5625,9.6875,-7.5625,11.18
222.5625,9.6875,-7.5625,11.51
222.5625,9.6875,-7.5625,11.51
222.5625,9.6875,-7.5625,11.51
222.5625,9.6875,-7.5625,11.51
222.5625,9.6875,-7.5625,11.51
222.5625,9.6875,-7.5625,11.51
222.5625,9.6875,-7.5625,11.51
222.5625,9.6875,-7.5625,11.51
222.5625,9.6875,-7.5625,11.51
222.5625,9.6875,-7.5625,11.51
222.5625,9.6875,-7.5625,11.51
222.5625,9.6875,-7.5625,11.51
222.5625,9.6875,-7.5625,11.51
222.5625,9.6875,-7.5625,11.51
222.5625,9.6875,-7.5625,11.51
222.5625,9.6875,-7.5625,11.51
222.5625,9.6875,-7.5625,11.51
222.875,9.5,-7.9375,11.85
222.875,9.5,-7.9375,11.85
222.875,9.5,-7.9375,11.85
222.875,9.5,-7.9375,11.85
222.875,9.5,-7.9375,11.85
222.875,9.5,-7.9375,11.85
222.875,9.5,-7.9375,11.85
222.875,9.5,-7.9375,11.85
222.875,9.5,-7.9375,11.85
222.875,9.5,-7.9375,11.85
222.875,9.5,-7.9375,11.85
222.875,9.5,-7.9375,11.85
222.875,9.5,-7.9375,11.85
222.875,9.5,-7.9375,11.85
222.875,9.5,-7.9375,11.85
222.875,9.5,-7.9375,11.85
222.875,9.5,-7.9375,11.85
222.875,9.5,-7.9375,12.18
222.875,9.5,-7.9375,12.18
222.875,9.5,-7.9375,12.18
222.875,9.5,-7.9375,12.18
222.875,9.5,-7.9375,12.18
222.875,9.5,-7.9375,12.18
222.875,9.5,-7.9375,12.18
222.875,9.5,-7.9375,12.18
222.875,9.5,-7.9375,12.18
222.875,9.5,-7.9375,12.18
222.875,9.5,-7.9375,12.18
222.875,9.5,-7.9375,12.18
222.875,9.5,-7.9375,12.18
222.875,9.5,-7.9375,12.18
222.875,9.5,-7.9375,12.18
222.875,9.5,-7.9375,12.18
222.875,9.5,-7.9375,12.51
222.875,9.5,-7.9375,12.51
222.875,9.5,-7.9375,12.51
222.875,9.5,-7.9375,12.51
222.875,9.5,-7.9375,12.51
222.875,9.5,-7.9375,12.51
222.875,9.5,-7.9375,12.51
222.875,9.5,-7.9375,12.51
222.875,9.5,-7.9375,12.51
222.875,9.5,-7.9375,12.51
222.875,9.5,-7.9375,12.51
222.875,9.5,-7.9375,12.51
222.875,9.5,-7.9375,12.51
222.875,9.5,-7.9375,12.51
222.875,9.5,-7.9375,12.51
222.875,9.5,-7.9375,12.51
222.875,9.5,-7.9375,12.51
223.125,9.4375,-8.4375,12.85
223.125,9.4375,-8.4375,12.85
223.125,9.4375,-8.4375,12.85
223.125,9.4375,-8.4375,12.85
223.125,9.4375,-8.4375,12.85
223.125,9.4375,-8.4375,12.85
223.125,9.4375,-8.4375,12.85
223.125,9.4375,-8.4375,12.85
223.125,9.4375,-8.4375,12.85
223.125,9.4375,-8.4375,12.85
223.125,9.4375,-8.4375,12.85
223.125,9.4375,-8.4375,12.85
223.125,9.4375,-8.4375,12.85
223.125,9.4375,-8.4375,12.85
223.125,9.4375,-8.4375,12.85
223.125,9.4375,-8.4375,12.85
223.125,9.4375,-8.4375,12.85
223.375,9.1875,-9.0625,13.18
223.375,9.1875,-9.0625,13.18
223.375,9.1875,-9.0625,13.18
223.375,9.1875,-9.0625,13.18
223.375,9.1875,-9.0625,13.18
223.375,9.1875,-9.0625,13.18
223.375,9.1875,-9.0625,13.18
223.375,9.1875,-9.0625,13.18
223.375,9.1875,-9.0625,13.18
223.375,9.1875,-9.0625,13.18
223.375,9.1875,-9.0625,13.18
223.375,9.1875,-9.0625,13.18
223.375,9.1875,-9.0625,13.18
223.375,9.1875,-9.0625,13.18
223.375,9.1875,-9.0625,13.18
223.375,9.1875,-9.0625,13.18
223.375,9.1875,-9.0625,13.51
223.375,9.1875,-9.0625,13.51
223.375,9.1875,-9.0625,13.51
223.375,9.1875,-9.0625,13.51
223.375,9.1875,-9.0625,13.51
223.375,9.1875,-9.0625,13.51
223.375,9.1875,-9.0625,13.51
223.375,9.1875,-9.0625,13.51
223.375,9.1875,-9.0625,13.51
223.375,9.1875,-9.0625,13.51
223.375,9.1875,-9.0625,13.51
223.375,9.1875,-9.0625,13.51
223.375,9.1875,-9.0625,13.51
223.375,9.1875,-9.0625,13.51
223.375,9.1875,-9.0625,13.51
223.375,9.1875,-9.0625,13.51
223.375,9.1875,-9.0625,13.51
223.6875,8.9375,-9.75,13.85
223.6875,8.9375,-9.75,13.85
223.6875,8.9375,-9.75,13.85
223.6875,8.9375,-9.75,13.85
223.6875,8.9375,-9.75,13.85
223.6875,8.9375,-9.75,13.85
223.6875,8.9375,-9.75,13.85
223.6875,8.9375,-9.75,13.85
223.6875,8.9375,-9.75,13.85
223.6875,8.9375,-9.75,13.85
223.6875,8.9375,-9.75,13.85
223.6875,8.9375,-9.75,13.85
223.6875,8.9375,-9.75,13.85
223.6875,8.9375,-9.75,13.85
223.6875,8.9375,-9.75,13.85
223.6875,8.9375,-9.75,13.85
223.6875,8.9375,-9.75,13.85
223.6875,8.9375,-9.75,14.18
223.6875,8.9375,-9.75,14.18
223.6875,8.9375,-9.75,14.18
223.6875,8.9375,-9.75,14.18
223.6875,8.9375,-9.75,14.18
223.6875,8.9375,-9.75,14.18
223.6875,8.9375,-9.75,14.18
223.6875,8.9375,-9.75,14.18
223.6875,8.9375,-9.75,14.18
223.6875,8.9375,-9.75,14.18
223.6875,8.9375,-9.75,14.18
223.6875,8.9375,-9.75,14.18
223.6875,8.9375,-9.75,14.18
223.6875,8.9375,-9.75,14.18
223.6875,8.9375,-9.75,14.18
223.6875,8.9375,-9.75,14.18
223.6875,8.9375,-9.75,14.51
223.6875,8.9375,-9.75,14.51
223.6875,8.9375,-9.75,14.51
223.6875,8.9375,-9.75,14.51
223.6875,8.9375,-9.75,14.51
223.6875,8.9375,-9.75,14.51
223.6875,8.9375,-9.75,14.51
223.6875,8.9375,-9.75,14.51
223.6875,8.9375,-9.75,14.51
223.6875,8.9375,-9.75,14.51
223.6875,8.9375,-9.75,14.51
223.6875,8.9375,-9.75,14.51
223.6875,8.9375,-9.75,14.51
223.6875,8.9375,-9.75,14.51
223.6875,8.9375,-9.75,14.51
223.6875,8.9375,-9.75,14.51
223.6875,8.9375,-9.75,14.51
223.9375,8.6875,-10.375,14.85
223.9375,8.6875,-10.375,14.85
223.9375,8.6875,-10.375,14.85
223.9375,8.6875,-10.375,14.85
223.9375,8.6875,-10.375,14.85
223.9375,8.6875,-10.375,14.85
223.9375,8.6875,-10.375,14.85
223.9375,8.6875,-10.375,14.85
223.9375,8.6875,-10.375,14.85
223.9375,8.6875,-10.375,14.85
223.9375,8.6875,-10.375,14.85
223.9375,8.6875,-10.375,14.85
223.9375,8.6875,-10.375,14.85
223.9375,8.6875,-10.375,14.85
223.9375,8.6875,-10.375,14.85
223.9375,8.6875,-10.375,14.85
223.9375,8.6875,-10.375,14.85
223.9375,8.6875,-10.375,15.18
223.9375,8.6875,-10.375,15.18
223.9375,8.6875,-10.375,15.18
223.9375,8.6875,-10.375,15.18
223.9375,8.6875,-10.375,15.18
223.9375,8.6875,-10.375,15.18
223.9375,8.6875,-10.375,15.18
223.9375,8.6875,-10.375,15.18
223.9375,8.6875,-10.375,15.18
223.9375,8.6875,-10.375,15.18
223.9375,8.6875,-10.375,15.18
223.9375,8.6875,-10.375,15.18
223.9375,8.6875,-10.375,15.18
223.9375,8.6875,-10.375,15.18
223.9375,8.6875,-10.375,15.18
223.9375,8.6875,-10.375,15.18
224.1875,8.625,-10.75,15.51
224.1875,8.625,-10.75,15.51
224.1875,8.625,-10.75,15.51
224.1875,8.625,-10.75,15.51
224.1875,8.625,-10.75,15.51
224.1875,8.625,-10.75,15.51
224.1875,8.625,-10.75,15.51
224.1875,8.625,-10.75,15.51
224.1875,8.625,-10.75,15.51
224.1875,8.625,-10.75,15.51
224.1875,8.625,-10.75,15.51
224.1875,8.625,-10.75,15.51
224.1875,8.625,-10.75,15.51
224.1875,8.625,-10.75,15.51
224.1875,8.625,-10.75,15.51
224.1875,8.625,-10.75,15.51
224.1875,8.625,-10.75,15.51
224.1875,8.625,-10.75,15.85
224.1875,8.625,-10.75,15.85
224.1875,8.625,-10.75,15.85
224.1875,8.625,-10.75,15.85
224.1875,8.625,-10.75,15.85
224.1875,8.625,-10.75,15.85
224.1875,8.625,-10.75,15.85
224.1875,8.625,-10.75,15.85
224.1875,8.625,-10.75,15.85
224.1875,8.625,-10.75,15.85
224.1875,8.625,-10.75,15.85
224.1875,8.625,-10.75,15.85
224.1875,8.625,-10.75,15.85
224.1875,8.625,-10.75,15.85
224.1875,8.625,-10.75,15.85
224.1875,8.625,-10.75,15.85
224.1875,8.625,-10.75,15.85
224.1875,8.625,-10.75,16.18
224.1875,8.625,-10.75,16.18
224.1875,8.625,-10.75,16.18
224.1875,8.625,-10.75,16.18
224.1875,8.625,-10.75,16.18
224.1875,8.625,-10.75,16.18
224.1875,8.625,-10.75,16.18
224.1875,8.625,-10.75,16.18
224.1875,8.625,-10.75,16.18
224.1875,8.625,-10.75,16.18
224.1875,8.625,-10.75,16.18
224.1875,8.625,-10.75,16.18
224.1875,8.625,-10.75,16.18
224.1875,8.625,-10.75,16.18
224.1875,8.625,-10.75,16.18
224.1875,8.625,-10.75,16.18
224.5,8.6875,-10.6875,16.51
224.5,8.6875,-10.6875,16.51
224.5,8.6875,-10.6875,16.51
224.5,8.6875,-10.6875,16.51
224.5,8.6875,-10.6875,16.51
224.5,8.6875,-10.6875,16.51
224.5,8.6875,-10.6875,16.51
224.5,8.6875,-10.6875,16.51
224.5,8.6875,-10.6875,16.51
224.5,8.6875,-10.6875,16.51
224.5,8.6875,-10.6875,16.51
224.5,8.6875,-10.6875,16.51
224.5,8.6875,-10.6875,16.51
224.5,8.6875,-10.6875,16.51
224.5,8.6875,-10.6875,16.51
224.5,8.6875,-10.6875,16.51
224.5,8.6875,-10.6875,16.51
224.8125,8.6875,-10.8125,16.85
224.8125,8.6875,-10.8125,16.85
224.8125,8.6875,-10.8125,16.85
224.8125,8.6875,-10.8125,16.85
224.8125,8.6875,-10.8125,16.85
224.8125,8.6875,-10.8125,16.85
224.8125,8.6875,-10.8125,16.85
224.8125,8.6875,-10.8125,16.85
224.8125,8.6875,-10.8125,16.85
224.8125,8.6875,-10.8125,16.85
224.8125,8.6875,-10.8125,16.85
224.8125,8.6875,-10.8125,16.85
224.8125,8.6875,-10.8125,16.85
224.8125,8.6875,-10.8125,16.85
224.8125,8.6875,-10.8125,16.85
224.8125,8.6875,-10.8125,16.85
224.8125,8.6875,-10.8125,16.85
224.8125,8.6875,-10.8125,17.18
224.8125,8.6875,-10.8125,17.18
224.8125,8.6875,-10.8125,17.18
224.8125,8.6875,-10.8125,17.18
224.8125,8.6875,-10.8125,17.18
224.8125,8.6875,-10.8125,17.18
224.8125,8.6875,-10.8125,17.18
224.8125,8.6875,-10.8125,17.18
224.8125,8.6875,-10.8125,17.18
224.8125,8.6875,-10.8125,17.18
224.8125,8.6875,-10.8125,17.18
224.8125,8.6875,-10.8125,17.18
224.8125,8.6875,-10.8125,17.18
224.8125,8.6875,-10.8125,17.18
224.8125,8.6875,-10.8125,17.18
224.8125,8.6875,-10.8125,17.18
225.0,8.25,-11.6875,17.51
225.0,8.25,-11.6875,17.51
225.0,8.25,-11.6875,17.51
225.0,8.25,-11.6875,17.51
225.0,8.25,-11.6875,17.51
225.0,8.25,-11.6875,17.51
225.0,8.25,-11.6875,17.51
225.0,8.25,-11.6875,17.51
225.0,8.25,-11.6875,17.51
225.0,8.25,-11.6875,17.51
225.0,8.25,-11.6875,17.51
225.0,8.25,-11.6875,17.51
225.0,8.25,-11.6875,17.51
225.0,8.25,-11.6875,17.51
225.0,8.25,-11.6875,17.51
225.0,8.25,-11.6875,17.51
225.0,8.25,-11.6875,17.51
225.0,8.25,-11.6875,17.85
225.0,8.25,-11.6875,17.85
225.0,8.25,-11.6875,17.85
225.0,8.25,-11.6875,17.85
225.0,8.25,-11.6875,17.85
225.0,8.25,-11.6875,17.85
225.0,8.25,-11.6875,17.85
225.0,8.25,-11.6875,17.85
225.0,8.25,-11.6875,17.85
225.0,8.25,-11.6875,17.85
225.0,8.25,-11.6875,17.85
225.0,8.25,-11.6875,17.85
225.0,8.25,-11.6875,17.85
225.0,8.25,-11.6875,17.85
225.0,8.25,-11.6875,17.85
225.0,8.25,-11.6875,17.85
225.0,8.25,-11.6875,17.85
225.0,8.25,-11.6875,18.18
225.0,8.25,-11.6875,18.18
225.0,8.25,-11.6875,18.18
225.0,8.25,-11.6875,18.18
225.0,8.25,-11.6875,18.18
225.0,8.25,-11.6875,18.18
225.0,8.25,-11.6875,18.18
225.0,8.25,-11.6875,18.18
225.0,8.25,-11.6875,18.18
225.0,8.25,-11.6875,18.18
225.0,8.25,-11.6875,18.18
225.0,8.25,-11.6875,18.18
225.0,8.25,-11.6875,18.18
225.0,8.25,-11.6875,18.18
225.0,8.25,-11.6875,18.18
225.0,8.25,-11.6875,18.18
225.25,7.4375,-13.0,18.51
225.25,7.4375,-13.0,18.51
225.25,7.4375,-13.0,18.51
225.25,7.4375,-13.0,18.51
225.25,7.4375,-13.0,18.51
225.25,7.4375,-13.0,18.51
225.25,7.4375,-13.0,18.51
225.25,7.4375,-13.0,18.51
225.25,7.4375,-13.0,18.51
225.25,7.4375,-13.0,18.51
225.25,7.4375,-13.0,18.51
225.25,7.4375,-13.0,18.51
225.25,7.4375,-13.0,18.51
225.25,7.4375,-13.0,18.51
225.25,7.4375,-13.0,18.51
225.25,7.4375,-13.0,18.51
225.25,7.4375,-13.0,18.51
225.25,7.4375,-13.0,18.85
225.25,7.4375,-13.0,18.85
225.25,7.4375,-13.0,18.85
225.25,7.4375,-13.0,18.85
225.25,7.4375,-13.0,18.85
225.25,7.4375,-13.0,18.85
225.25,7.4375,-13.0,18.85
225.25,7.4375,-13.0,18.85
225.25,7.4375,-13.0,18.85
225.25,7.4375,-13.0,18.85
225.25,7.4375,-13.0,18.85
225.25,7.4375,-13.0,18.85
225.25,7.4375,-13.0,18.85
225.25,7.4375,-13.0,18.85
225.25,7.4375,-13.0,18.85
225.25,7.4375,-13.0,18.85
225.25,7.4375,-13.0,18.85
234.0625,-14.75,-61.75,19.18
234.0625,-14.75,-61.75,19.18
234.0625,-14.75,-61.75,19.18
234.0625,-14.75,-61.75,19.18
234.0625,-14.75,-61.75,19.18
234.0625,-14.75,-61.75,19.18
234.0625,-14.75,-61.75,19.18
234.0625,-14.75,-61.75,19.18
234.0625,-14.75,-61.75,19.18
234.0625,-14.75,-61.75,19.18
234.0625,-14.75,-61.75,19.18
234.0625,-14.75,-61.75,19.18
234.0625,-14.75,-61.75,19.18
234.0625,-14.75,-61.75,19.18
234.0625,-14.75,-61.75,19.18
234.0625,-14.75,-61.75,19.18
234.0625,-14.75,-61.75,19.51
234.0625,-14.75,-61.75,19.51
234.0625,-14.75,-61.75,19.51
234.0625,-14.75,-61.75,19.51
234.0625,-14.75,-61.75,19.51
234.0625,-14.75,-61.75,19.51
234.0625,-14.75,-61.75,19.51
234.0625,-14.75,-61.75,19.51
234.0625,-14.75,-61.75,19.51
234.0625,-14.75,-61.75,19.51
234.0625,-14.75,-61.75,19.51
234.0625,-14.75,-61.75,19.51
234.0625,-14.75,-61.75,19.51
234.0625,-14.75,-61.75,19.51
234.0625,-14.75,-61.75,19.51
234.0625,-14.75,-61.75,19.51
234.0625,-14.75,-61.75,19.51
234.125,-14.75,-61.75,19.85
234.125,-14.75,-61.75,19.85
234.125,-14.75,-61.75,19.85
234.125,-14.75,-61.75,19.85
234.125,-14.75,-61.75,19.85
234.125,-14.75,-61.75,19.85
234.125,-14.75,-61.75,19.85
234.125,-14.75,-61.75,19.85
234.125,-14.75,-61.75,19.85
234.125,-14.75,-61.75,19.85
234.125,-14.75,-61.75,19.85
234.125,-14.75,-61.75,19.85
234.125,-14.75,-61.75,19.85
234.125,-14.75,-61.75,19.85
234.125,-14.75,-61.75,19.85
234.125,-14.75,-61.75,19.85
234.125,-14.75,-61.75,19.85
234.125,-14.75,-61.75,20.18
234.125,-14.75,-61.75,20.18
234.125,-14.75,-61.75,20.18
234.125,-14.75,-61.75,20.18
234.125,-14.75,-61.75,20.18
234.125,-14.75,-61.75,20.18
234.125,-14.75,-61.75,20.18
234.125,-14.75,-61.75,20.18
234.125,-14.75,-61.75,20.18
234.125,-14.75,-61.75,20.18
234.125,-14.75,-61.75,20.18
234.125,-14.75,-61.75,20.18
234.125,-14.75,-61.75,20.18
234.125,-14.75,-61.75,20.18
234.125,-14.75,-61.75,20.18
234.125,-14.75,-61.75,20.18
234.125,-14.75,-61.75,20.51
234.125,-14.75,-61.75,20.51
234.125,-14.75,-61.75,20.51
234.125,-14.75,-61.75,20.51
234.125,-14.75,-61.75,20.51
234.125,-14.75,-61.75,20.51
234.125,-14.75,-61.75,20.51
234.125,-14.75,-61.75,20.51
234.125,-14.75,-61.75,20.51
234.125,-14.75,-61.75,20.51
234.125,-14.75,-61.75,20.51
234.125,-14.75,-61.75,20.51
234.125,-14.75,-61.75,20.51
234.125,-14.75,-61.75,20.51
234.125,-14.75,-61.75,20.51
234.125,-14.75,-61.75,20.51
234.125,-14.75,-61.75,20.51
234.125,-14.75,-61.75,20.85
234.125,-14.75,-61.75,20.85
234.125,-14.75,-61.75,20.85
234.125,-14.75,-61.75,20.85
234.125,-14.75,-61.75,20.85
234.125,-14.75,-61.75,20.85
234.125,-14.75,-61.75,20.85
234.125,-14.75,-61.75,20.85
234.125,-14.75,-61.75,20.85
234.125,-14.75,-61.75,20.85
234.125,-14.75,-61.75,20.85
234.125,-14.75,-61.75,20.85
234.125,-14.75,-61.75,20.85
234.125,-14.75,-61.75,20.85
234.125,-14.75,-61.75,20.85
234.125,-14.75,-61.75,20.85
234.125,-14.75,-61.75,20.85
234.125,-14.6875,-61.75,21.18
234.125,-14.6875,-61.75,21.18
234.125,-14.6875,-61.75,21.18
234.125,-14.6875,-61.75,21.18
234.125,-14.6875,-61.75,21.18
234.125,-14.6875,-61.75,21.18
234.125,-14.6875,-61.75,21.18
234.125,-14.6875,-61.75,21.18
234.125,-14.6875,-61.75,21.18
234.125,-14.6875,-61.75,21.18
234.125,-14.6875,-61.75,21.18
234.125,-14.6875,-61.75,21.18
234.125,-14.6875,-61.75,21.18
234.125,-14.6875,-61.75,21.18
234.125,-14.6875,-61.75,21.18
234.125,-14.6875,-61.75,21.18
234.125,-14.6875,-61.75,21.51
234.125,-14.6875,-61.75,21.51
234.125,-14.6875,-61.75,21.51
234.125,-14.6875,-61.75,21.51
234.125,-14.6875,-61.75,21.51
234.125,-14.6875,-61.75,21.51
234.125,-14.6875,-61.75,21.51
234.125,-14.6875,-61.75,21.51
234.125,-14.6875,-61.75,21.51
234.125,-14.6875,-61.75,21.51
234.125,-14.6875,-61.75,21.51
234.125,-14.6875,-61.75,21.51
234.125,-14.6875,-61.75,21.51
234.125,-14.6875,-61.75,21.51
234.125,-14.6875,-61.75,21.51
234.125,-14.6875,-61.75,21.51
234.125,-14.6875,-61.75,21.51
234.1875,-14.6875,-61.75,21.85
234.1875,-14.6875,-61.75,21.85
234.1875,-14.6875,-61.75,21.85
234.1875,-14.6875,-61.75,21.85
234.1875,-14.6875,-61.75,21.85
234.1875,-14.6875,-61.75,21.85
234.1875,-14.6875,-61.75,21.85
234.1875,-14.6875,-61.75,21.85
234.1875,-14.6875,-61.75,21.85
234.1875,-14.6875,-61.75,21.85
234.1875,-14.6875,-61.75,21.85
234.1875,-14.6875,-61.75,21.85
234.1875,-14.6875,-61.75,21.85
234.1875,-14.6875,-61.75,21.85
234.1875,-14.6875,-61.75,21.85
234.1875,-14.6875,-61.75,21.85
234.1875,-14.6875,-61.75,21.85
234.1875,-14.6875,-61.75,22.18
234.1875,-14.6875,-61.75,22.18
234.1875,-14.6875,-61.75,22.18
234.1875,-14.6875,-61.75,22.18
234.1875,-14.6875,-61.75,22.18
234.1875,-14.6875,-61.75,22.18
234.1875,-14.6875,-61.75,22.18
234.1875,-14.6875,-61.75,22.18
234.1875,-14.6875,-61.75,22.18
234.1875,-14.6875,-61.75,22.18
234.1875,-14.6875,-61.75,22.18
234.1875,-14.6875,-61.75,22.18
234.1875,-14.6875,-61.75,22.18
234.1875,-14.6875,-61.75,22.18
234.1875,-14.6875,-61.75,22.18
234.1875,-14.6875,-61.75,22.18
234.1875,-14.6875,-61.75,22.51
234.1875,-14.6875,-61.75,22.51
234.1875,-14.6875,-61.75,22.51
234.1875,-14.6875,-61.75,22.51
234.1875,-14.6875,-61.75,22.51
234.1875,-14.6875,-61.75,22.51
234.1875,-14.6875,-61.75,22.51
234.1875,-14.6875,-61.75,22.51
234.1875,-14.6875,-61.75,22.51
234.1875,-14.6875,-61.75,22.51
234.1875,-14.6875,-61.75,22.51
234.1875,-14.6875,-61.75,22.51
234.1875,-14.6875,-61.75,22.51
234.1875,-14.6875,-61.75,22.51
234.1875,-14.6875,-61.75,22.51
234.1875,-14.6875,-61.75,22.51
234.1875,-14.6875,-61.75,22.51
234.1875,-14.625,-61.75,22.85
234.1875,-14.625,-61.75,22.85
234.1875,-14.625,-61.75,22.85
234.1875,-14.625,-61.75,22.85
234.1875,-14.625,-61.75,22.85
234.1875,-14.625,-61.75,22.85
234.1875,-14.625,-61.75,22.85
234.1875,-14.625,-61.75,22.85
234.1875,-14.625,-61.75,22.85
234.1875,-14.625,-61.75,22.85
234.1875,-14.625,-61.75,22.85
234.1875,-14.625,-61.75,22.85
234.1875,-14.625,-61.75,22.85
234.1875,-14.625,-61.75,22.85
234.1875,-14.625,-61.75,22.85
234.1875,-14.625,-61.75,22.85
234.1875,-14.625,-61.75,22.85
234.1875,-14.625,-61.75,23.18
234.1875,-14.625,-61.75,23.18
234.1875,-14.625,-61.75,23.18
234.1875,-14.625,-61.75,23.18
234.1875,-14.625,-61.75,23.18
234.1875,-14.625,-61.75,23.18
234.1875,-14.625,-61.75,23.18
234.1875,-14.625,-61.75,23.18
234.1875,-14.625,-61.75,23.18
234.1875,-14.625,-61.75,23.18
234.1875,-14.625,-61.75,23.18
234.1875,-14.625,-61.75,23.18
234.1875,-14.625,-61.75,23.18
234.1875,-14.625,-61.75,23.18
234.1875,-14.625,-61.75,23.18
234.1875,-14.625,-61.75,23.18
234.1875,-14.625,-61.75,23.51
234.1875,-14.625,-61.75,23.51
234.1875,-14.625,-61.75,23.51
234.1875,-14.625,-61.75,23.51
234.1875,-14.625,-61.75,23.51
234.1875,-14.625,-61.75,23.51
234.1875,-14.625,-61.75,23.51
234.1875,-14.625,-61.75,23.51
234.1875,-14.625,-61.75,23.51
234.1875,-14.625,-61.75,23.51
234.1875,-14.625,-61.75,23.51
234.1875,-14.625,-61.75,23.51
234.1875,-14.625,-61.75,23.51
234.1875,-14.625,-61.75,23.51
234.1875,-14.625,-61.75,23.51
234.1875,-14.625,-61.75,23.51
234.1875,-14.625,-61.75,23.51
234.1875,-14.625,-61.75,23.85
234.1875,-14.625,-61.75,23.85
234.1875,-14.625,-61.75,23.85
234.1875,-14.625,-61.75,23.85
234.1875,-14.625,-61.75,23.85
234.1875,-14.625,-61.75,23.85
234.1875,-14.625,-61.75,23.85
234.1875,-14.625,-61.75,23.85
234.1875,-14.625,-61.75,23.85
234.1875,-14.625,-61.75,23.85
234.1875,-14.625,-61.75,23.85
234.1875,-14.625,-61.75,23.85
234.1875,-14.625,-61.75,23.85
234.1875,-14.625,-61.75,23.85
234.1875,-14.625,-61.75,23.85
234.1875,-14.625,-61.75,23.85
234.1875,-14.625,-61.75,23.85
234.1875,-14.5625,-61.6875,24.18
234.1875,-14.5625,-61.6875,24.18
234.1875,-14.5625,-61.6875,24.18
234.1875,-14.5625,-61.6875,24.18
234.1875,-14.5625,-61.6875,24.18
234.1875,-14.5625,-61.6875,24.18
234.1875,-14.5625,-61.6875,24.18
234.1875,-14.5625,-61.6875,24.18
234.1875,-14.5625,-61.6875,24.18
234.1875,-14.5625,-61.6875,24.18
234.1875,-14.5625,-61.6875,24.18
234.1875,-14.5625,-61.6875,24.18
234.1875,-14.5625,-61.6875,24.18
234.1875,-14.5625,-61.6875,24.18
234.1875,-14.5625,-61.6875,24.18
234.1875,-14.5625,-61.6875,24.18
234.1875,-14.5625,-61.6875,24.51
234.1875,-14.5625,-61.6875,24.51
234.1875,-14.5625,-61.6875,24.51
234.1875,-14.5625,-61.6875,24.51
234.1875,-14.5625,-61.6875,24.51
234.1875,-14.5625,-61.6875,24.51
234.1875,-14.5625,-61.6875,24.51
234.1875,-14.5625,-61.6875,24.51
234.1875,-14.5625,-61.6875,24.51
234.1875,-14.5625,-61.6875,24.51
234.1875,-14.5625,-61.6875,24.51
234.1875,-14.5625,-61.6875,24.51
234.1875,-14.5625,-61.6875,24.51
234.1875,-14.5625,-61.6875,24.51
234.1875,-14.5625,-61.6875,24.51
234.1875,-14.5625,-61.6875,24.51
234.1875,-14.5625,-61.6875,24.51
234.1875,-14.5625,-61.6875,24.85
234.1875,-14.5625,-61.6875,24.85
234.1875,-14.5625,-61.6875,24.85
234.1875,-14.5625,-61.6875,24.85
234.1875,-14.5625,-61.6875,24.85
234.1875,-14.5625,-61.6875,24.85
234.1875,-14.5625,-61.6875,24.85
234.1875,-14.5625,-61.6875,24.85
234.1875,-14.5625,-61.6875,24.85
234.1875,-14.5625,-61.6875,24.85
234.1875,-14.5625,-61.6875,24.85
234.1875,-14.5625,-61.6875,24.85
234.1875,-14.5625,-61.6875,24.85
234.1875,-14.5625,-61.6875,24.85
234.1875,-14.5625,-61.6875,24.85
234.1875,-14.5625,-61.6875,24.85
234.1875,-14.5625,-61.6875,24.85
234.1875,-14.5625,-61.625,25.18
234.1875,-14.5625,-61.625,25.18
234.1875,-14.5625,-61.625,25.18
234.1875,-14.5625,-61.625,25.18
234.1875,-14.5625,-61.625,25.18
234.1875,-14.5625,-61.625,25.18
234.1875,-14.5625,-61.625,25.18
234.1875,-14.5625,-61.625,25.18
234.1875,-14.5625,-61.625,25.18
234.1875,-14.5625,-61.625,25.18
234.1875,-14.5625,-61.625,25.18
234.1875,-14.5625,-61.625,25.18
234.1875,-14.5625,-61.625,25.18
234.1875,-14.5625,-61.625,25.18
234.1875,-14.5625,-61.625,25.18
234.1875,-14.5625,-61.625,25.18
234.1875,-14.5625,-61.625,25.51
234.1875,-14.5625,-61.625,25.51
234.1875,-14.5625,-61.625,25.51
234.1875,-14.5625,-61.625,25.51
234.1875,-14.5625,-61.625,25.51
234.1875,-14.5625,-61.625,25.51
234.1875,-14.5625,-61.625,25.51
234.1875,-14.5625,-61.625,25.51
234.1875,-14.5625,-61.625,25.51
234.1875,-14.5625,-61.625,25.51
234.1875,-14.5625,-61.625,25.51
234.1875,-14.5625,-61.625,25.51
234.1875,-14.5625,-61.625,25.51
234.1875,-14.5625,-61.625,25.51
234.1875,-14.5625,-61.625,25.51
234.1875,-14.5625,-61.625,25.51
234.1875,-14.5625,-61.625,25.51
234.1875,-14.5,-61.625,25.85
234.1875,-14.5,-61.625,25.85
234.1875,-14.5,-61.625,25.85
234.1875,-14.5,-61.625,25.85
234.1875,-14.5,-61.625,25.85
234.1875,-14.5,-61.625,25.85
234.1875,-14.5,-61.625,25.85
234.1875,-14.5,-61.625,25.85
234.1875,-14.5,-61.625,25.85
234.1875,-14.5,-61.625,25.85
234.1875,-14.5,-61.625,25.85
234.1875,-14.5,-61.625,25.85
234.1875,-14.5,-61.625,25.85
234.1875,-14.5,-61.625,25.85
234.1875,-14.5,-61.625,25.85
234.1875,-14.5,-61.625,25.85
234.1875,-14.5,-61.625,25.85
234.1875,-14.5,-61.625,26.18
234.1875,-14.5,-61.625,26.18
234.1875,-14.5,-61.625,26.18
234.1875,-14.5,-61.625,26.18
234.1875,-14.5,-61.625,26.18
234.1875,-14.5,-61.625,26.18
234.1875,-14.5,-61.625,26.18
234.1875,-14.5,-61.625,26.18
234.1875,-14.5,-61.625,26.18
234.1875,-14.5,-61.625,26.18
234.1875,-14.5,-61.625,26.18
234.1875,-14.5,-61.625,26.18
234.1875,-14.5,-61.625,26.18
234.1875,-14.5,-61.625,26.18
234.1875,-14.5,-61.625,26.18
234.1875,-14.5,-61.625,26.18
234.1875,-14.5,-61.5625,26.51
234.1875,-14.5,-61.5625,26.51
234.1875,-14.5,-61.5625,26.51
234.1875,-14.5,-61.5625,26.51
234.1875,-14.5,-61.5625,26.51
234.1875,-14.5,-61.5625,26.51
234.1875,-14.5,-61.5625,26.51
234.1875,-14.5,-61.5625,26.51
234.1875,-14.5,-61.5625,26.51
234.1875,-14.5,-61.5625,26.51
234.1875,-14.5,-61.5625,26.51
234.1875,-14.5,-61.5625,26.51
234.1875,-14.5,-61.5625,26.51
234.1875,-14.5,-61.5625,26.51
234.1875,-14.5,-61.5625,26.51
234.1875,-14.5,-61.5625,26.51
234.1875,-14.5,-61.5625,26.51
234.1875,-14.5,-61.5625,26.85
234.1875,-14.5,-61.5625,26.85
234.1875,-14.5,-61.5625,26.85
234.1875,-14.5,-61.5625,26.85
234.1875,-14.5,-61.5625,26.85
234.1875,-14.5,-61.5625,26.85
234.1875,-14.5,-61.5625,26.85
234.1875,-14.5,-61.5625,26.85
234.1875,-14.5,-61.5625,26.85
234.1875,-14.5,-61.5625,26.85
234.1875,-14.5,-61.5625,26.85
234.1875,-14.5,-61.5625,26.85
234.1875,-14.5,-61.5625,26.85
234.1875,-14.5,-61.5625,26.85
234.1875,-14.5,-61.5625,26.85
234.1875,-14.5,-61.5625,26.85
234.1875,-14.5,-61.5625,26.85
234.1875,-14.5,-61.5625,27.18
234.1875,-14.5,-61.5625,27.18
234.1875,-14.5,-61.5625,27.18
234.1875,-14.5,-61.5625,27.18
234.1875,-14.5,-61.5625,27.18
234.1875,-14.5,-61.5625,27.18
234.1875,-14.5,-61.5625,27.18
234.1875,-14.5,-61.5625,27.18
234.1875,-14.5,-61.5625,27.18
234.1875,-14.5,-61.5625,27.18
234.1875,-14.5,-61.5625,27.18
234.1875,-14.5,-61.5625,27.18
234.1875,-14.5,-61.5625,27.18
234.1875,-14.5,-61.5625,27.18
234.1875,-14.5,-61.5625,27.18
234.1875,-14.5,-61.5625,27.18
234.1875,-14.5,-61.5625,27.51
234.1875,-14.5,-61.5625,27.51
234.1875,-14.5,-61.5625,27.51
234.1875,-14.5,-61.5625,27.51
234.1875,-14.5,-61.5625,27.51
234.1875,-14.5,-61.5625,27.51
234.1875,-14.5,-61.5625,27.51
234.1875,-14.5,-61.5625,27.51
234.1875,-14.5,-61.5625,27.51
234.1875,-14.5,-61.5625,27.51
234.1875,-14.5,-61.5625,27.51
234.1875,-14.5,-61.5625,27.51
234.1875,-14.5,-61.5625,27.51
234.1875,-14.5,-61.5625,27.51
234.1875,-14.5,-61.5625,27.51
234.1875,-14.5,-61.5625,27.51
234.1875,-14.5,-61.5625,27.51
234.1875,-14.5,-61.5,27.85
234.1875,-14.5,-61.5,27.85
234.1875,-14.5,-61.5,27.85
234.1875,-14.5,-61.5,27.85
234.1875,-14.5,-61.5,27.85
234.1875,-14.5,-61.5,27.85
234.1875,-14.5,-61.5,27.85
234.1875,-14.5,-61.5,27.85
234.1875,-14.5,-61.5,27.85
234.1875,-14.5,-61.5,27.85
234.1875,-14.5,-61.5,27.85
234.1875,-14.5,-61.5,27.85
234.1875,-14.5,-61.5,27.85
234.1875,-14.5,-61.5,27.85
234.1875,-14.5,-61.5,27.85
234.1875,-14.5,-61.5,27.85
234.1875,-14.5,-61.5,27.85
234.1875,-14.4375,-61.5,28.18
234.1875,-14.4375,-61.5,28.18
234.1875,-14.4375,-61.5,28.18
234.1875,-14.4375,-61.5,28.18
234.1875,-14.4375,-61.5,28.18
234.1875,-14.4375,-61.5,28.18
234.1875,-14.4375,-61.5,28.18
234.1875,-14.4375,-61.5,28.18
234.1875,-14.4375,-61.5,28.18
234.1875,-14.4375,-61.5,28.18
234.1875,-14.4375,-61.5,28.18
234.1875,-14.4375,-61.5,28.18
234.1875,-14.4375,-61.5,28.18
234.1875,-14.4375,-61.5,28.18
234.1875,-14.4375,-61.5,28.18
234.1875,-14.4375,-61.5,28.18
234.1875,-14.4375,-61.5,28.51
234.1875,-14.4375,-61.5,28.51
234.1875,-14.4375,-61.5,28.51
234.1875,-14.4375,-61.5,28.51
234.1875,-14.4375,-61.5,28.51
234.1875,-14.4375,-61.5,28.51
234.1875,-14.4375,-61.5,28.51
234.1875,-14.4375,-61.5,28.51
234.1875,-14.4375,-61.5,28.51
234.1875,-14.4375,-61.5,28.51
234.1875,-14.4375,-61.5,28.51
234.1875,-14.4375,-61.5,28.51
234.1875,-14.4375,-61.5,28.51
234.1875,-14.4375,-61.5,28.51
234.1875,-14.4375,-61.5,28.51
234.1875,-14.4375,-61.5,28.51
234.1875,-14.4375,-61.5,28.51
234.1875,-14.4375,-61.5,28.85
234.1875,-14.4375,-61.5,28.85
234.1875,-14.4375,-61.5,28.85
234.1875,-14.4375,-61.5,28.85
234.1875,-14.4375,-61.5,28.85
234.1875,-14.4375,-61.5,28.85
234.1875,-14.4375,-61.5,28.85
234.1875,-14.4375,-61.5,28.85
234.1875,-14.4375,-61.5,28.85
234.1875,-14.4375,-61.5,28.85
234.1875,-14.4375,-61.5,28.85
234.1875,-14.4375,-61.5,28.85
234.1875,-14.4375,-61.5,28.85
234.1875,-14.4375,-61.5,28.85
234.1875,-14.4375,-61.5,28.85
234.1875,-14.4375,-61.5,28.85
234.1875,-14.4375,-61.5,28.85
234.1875,-14.4375,-61.5,29.18
234.1875,-14.4375,-61.5,29.18
234.1875,-14.4375,-61.5,29.18
234.1875,-14.4375,-61.5,29.18
234.1875,-14.4375,-61.5,29.18
234.1875,-14.4375,-61.5,29.18
234.1875,-14.4375,-61.5,29.18
234.1875,-14.4375,-61.5,29.18
234.1875,-14.4375,-61.5,29.18
234.1875,-14.4375,-61.5,29.18
234.1875,-14.4375,-61.5,29.18
234.1875,-14.4375,-61.5,29.18
234.1875,-14.4375,-61.5,29.18
234.1875,-14.4375,-61.5,29.18
234.1875,-14.4375,-61.5,29.18
234.1875,-14.4375,-61.5,29.18
234.1875,-14.4375,-61.5,29.51
234.1875,-14.4375,-61.5,29.51
234.1875,-14.4375,-61.5,29.51
234.1875,-14.4375,-61.5,29.51
234.1875,-14.4375,-61.5,29.51
234.1875,-14.4375,-61.5,29.51
234.1875,-14.4375,-61.5,29.51
234.1875,-14.4375,-61.5,29.51
234.1875,-14.4375,-61.5,29.51
234.1875,-14.4375,-61.5,29.51
234.1875,-14.4375,-61.5,29.51
234.1875,-14.4375,-61.5,29.51
234.1875,-14.4375,-61.5,29.51
234.1875,-14.4375,-61.5,29.51
234.1875,-14.4375,-61.5,29.51
234.1875,-14.4375,-61.5,29.51
234.1875,-14.4375,-61.5,29.51
234.1875,-14.4375,-61.5,29.85
234.1875,-14.4375,-61.5,29.85
234.1875,-14.4375,-61.5,29.85
234.1875,-14.4375,-61.5,29.85
234.1875,-14.4375,-61.5,29.85
234.1875,-14.4375,-61.5,29.85
234.1875,-14.4375,-61.5,29.85
234.1875,-14.4375,-61.5,29.85
234.1875,-14.4375,-61.5,29.85
234.1875,-14.4375,-61.5,29.85
234.1875,-14.4375,-61.5,29.85
234.1875,-14.4375,-61.5,29.85
234.1875,-14.4375,-61.5,29.85
234.1875,-14.4375,-61.5,29.85
234.1875,-14.4375,-61.5,29.85
234.1875,-14.4375,-61.5,29.85
234.1875,-14.4375,-61.5,29.85
234.1875,-14.4375,-61.5,30.18
234.1875,-14.4375,-61.5,30.18
234.1875,-14.4375,-61.5,30.18
234.1875,-14.4375,-61.5,30.18
234.1875,-14.4375,-61.5,30.18
234.1875,-14.4375,-61.5,30.18
234.1875,-14.4375,-61.5,30.18
234.1875,-14.4375,-61.5,30.18
234.1875,-14.4375,-61.5,30.18
234.1875,-14.4375,-61.5,30.18
234.1875,-14.4375,-61.5,30.18
234.1875,-14.4375,-61.5,30.18
234.1875,-14.4375,-61.5,30.18
234.1875,-14.4375,-61.5,30.18
234.1875,-14.4375,-61.5,30.18
234.1875,-14.4375,-61.5,30.18
234.1875,-14.4375,-61.5,30.51
234.1875,-14.4375,-61.5,30.51
234.1875,-14.4375,-61.5,30.51
234.1875,-14.4375,-61.5,30.51
234.1875,-14.4375,-61.5,30.51
234.1875,-14.4375,-61.5,30.51
234.1875,-14.4375,-61.5,30.51
234.1875,-14.4375,-61.5,30.51
234.1875,-14.4375,-61.5,30.51
234.1875,-14.4375,-61.5,30.51
234.1875,-14.4375,-61.5,30.51
234.1875,-14.4375,-61.5,30.51
234.1875,-14.4375,-61.5,30.51
234.1875,-14.4375,-61.5,30.51
234.1875,-14.4375,-61.5,30.51
234.1875,-14.4375,-61.5,30.51
234.1875,-14.4375,-61.5,30.51
234.1875,-14.4375,-61.5,30.85
234.1875,-14.4375,-61.5,30.85
234.1875,-14.4375,-61.5,30.85
234.1875,-14.4375,-61.5,30.85
234.1875,-14.4375,-61.5,30.85
234.1875,-14.4375,-61.5,30.85
234.1875,-14.4375,-61.5,30.85
234.1875,-14.4375,-61.5,30.85
234.1875,-14.4375,-61.5,30.85
234.1875,-14.4375,-61.5,30.85
234.1875,-14.4375,-61.5,30.85
234.1875,-14.4375,-61.5,30.85
234.1875,-14.4375,-61.5,30.85
234.1875,-14.4375,-61.5,30.85
234.1875,-14.4375,-61.5,30.85
234.1875,-14.4375,-61.5,30.85
234.1875,-14.4375,-61.5,30.85
234.1875,-14.4375,-61.5,31.18
234.1875,-14.4375,-61.5,31.18
234.1875,-14.4375,-61.5,31.18
234.1875,-14.4375,-61.5,31.18
234.1875,-14.4375,-61.5,31.18
234.1875,-14.4375,-61.5,31.18
234.1875,-14.4375,-61.5,31.18
234.1875,-14.4375,-61.5,31.18
234.1875,-14.4375,-61.5,31.18
234.1875,-14.4375,-61.5,31.18
234.1875,-14.4375,-61.5,31.18
234.1875,-14.4375,-61.5,31.18
234.1875,-14.4375,-61.5,31.18
234.1875,-14.4375,-61.5,31.18
234.1875,-14.4375,-61.5,31.18
234.1875,-14.4375,-61.5,31.18
234.1875,-14.4375,-61.5,31.51
234.1875,-14.4375,-61.5,31.51
234.1875,-14.4375,-61.5,31.51
234.1875,-14.4375,-61.5,31.51
234.1875,-14.4375,-61.5,31.51
234.1875,-14.4375,-61.5,31.51
234.1875,-14.4375,-61.5,31.51
234.1875,-14.4375,-61.5,31.51
234.1875,-14.4375,-61.5,31.51
234.1875,-14.4375,-61.5,31.51
234.1875,-14.4375,-61.5,31.51
234.1875,-14.4375,-61.5,31.51
234.1875,-14.4375,-61.5,31.51
234.1875,-14.4375,-61.5,31.51
234.1875,-14.4375,-61.5,31.51
234.1875,-14.4375,-61.5,31.51
234.1875,-14.4375,-61.5,31.51
234.1875,-14.4375,-61.5,31.85
234.1875,-14.4375,-61.5,31.85
234.1875,-14.4375,-61.5,31.85
234.1875,-14.4375,-61.5,31.85
234.1875,-14.4375,-61.5,31.85
234.1875,-14.4375,-61.5,31.85
234.1875,-14.4375,-61.5,31.85
234.1875,-14.4375,-61.5,31.85
234.1875,-14.4375,-61.5,31.85
234.1875,-14.4375,-61.5,31.85
234.1875,-14.4375,-61.5,31.85
234.1875,-14.4375,-61.5,31.85
234.1875,-14.4375,-61.5,31.85
234.1875,-14.4375,-61.5,31.85
234.1875,-14.4375,-61.5,31.85
234.1875,-14.4375,-61.5,31.85
234.1875,-14.4375,-61.5,31.85
234.1875,-14.4375,-61.5,32.18
234.1875,-14.4375,-61.5,32.18
234.1875,-14.4375,-61.5,32.18
234.1875,-14.4375,-61.5,32.18
234.1875,-14.4375,-61.5,32.18
234.1875,-14.4375,-61.5,32.18
234.1875,-14.4375,-61.5,32.18
234.1875,-14.4375,-61.5,32.18
234.1875,-14.4375,-61.5,32.18
234.1875,-14.4375,-61.5,32.18
234.1875,-14.4375,-61.5,32.18
234.1875,-14.4375,-61.5,32.18
234.1875,-14.4375,-61.5,32.18
234.1875,-14.4375,-61.5,32.18
234.1875,-14.4375,-61.5,32.18
234.1875,-14.4375,-61.5,32.18
234.25,-14.4375,-61.5,32.51
234.25,-14.4375,-61.5,32.51
234.25,-14.4375,-61.5,32.51
234.25,-14.4375,-61.5,32.51
234.25,-14.4375,-61.5,32.51
234.25,-14.4375,-61.5,32.51
234.25,-14.4375,-61.5,32.51
234.25,-14.4375,-61.5,32.51
234.25,-14.4375,-61.5,32.51
234.25,-14.4375,-61.5,32.51
234.25,-14.4375,-61.5,32.51
234.25,-14.4375,-61.5,32.51
234.25,-14.4375,-61.5,32.51
234.25,-14.4375,-61.5,32.51
234.25,-14.4375,-61.5,32.51
234.25,-14.4375,-61.5,32.51
234.25,-14.4375,-61.5,32.51
234.25,-14.4375,-61.5,32.85
234.25,-14.4375,-61.5,32.85
234.25,-14.4375,-61.5,32.85
234.25,-14.4375,-61.5,32.85
234.25,-14.4375,-61.5,32.85
234.25,-14.4375,-61.5,32.85
234.25,-14.4375,-61.5,32.85
234.25,-14.4375,-61.5,32.85
234.25,-14.4375,-61.5,32.85
234.25,-14.4375,-61.5,32.85
234.25,-14.4375,-61.5,32.85
234.25,-14.4375,-61.5,32.85
234.25,-14.4375,-61.5,32.85
234.25,-14.4375,-61.5,32.85
234.25,-14.4375,-61.5,32.85
234.25,-14.4375,-61.5,32.85
234.25,-14.4375,-61.5,32.85
234.25,-14.5,-61.5,33.18
234.25,-14.5,-61.5,33.18
234.25,-14.5,-61.5,33.18
234.25,-14.5,-61.5,33.18
234.25,-14.5,-61.5,33.18
234.25,-14.5,-61.5,33.18
234.25,-14.5,-61.5,33.18
234.25,-14.5,-61.5,33.18
234.25,-14.5,-61.5,33.18
234.25,-14.5,-61.5,33.18
234.25,-14.5,-61.5,33.18
234.25,-14.5,-61.5,33.18
234.25,-14.5,-61.5,33.18
234.25,-14.5,-61.5,33.18
234.25,-14.5,-61.5,33.18
234.25,-14.5,-61.5,33.18
234.25,-14.5,-61.5,33.51
234.25,-14.5,-61.5,33.51
234.25,-14.5,-61.5,33.51
234.25,-14.5,-61.5,33.51
234.25,-14.5,-61.5,33.51
234.25,-14.5,-61.5,33.51
234.25,-14.5,-61.5,33.51
234.25,-14.5,-61.5,33.51
234.25,-14.5,-61.5,33.51
234.25,-14.5,-61.5,33.51
234.25,-14.5,-61.5,33.51
234.25,-14.5,-61.5,33.51
234.25,-14.5,-61.5,33.51
234.25,-14.5,-61.5,33.51
234.25,-14.5,-61.5,33.51
234.25,-14.5,-61.5,33.51
234.25,-14.5,-61.5,33.51
234.25,-14.5,-61.5,33.85
234.25,-14.5,-61.5,33.85
234.25,-14.5,-61.5,33.85
234.25,-14.5,-61.5,33.85
234.25,-14.5,-61.5,33.85
234.25,-14.5,-61.5,33.85
234.25,-14.5,-61.5,33.85
234.25,-14.5,-61.5,33.85
234.25,-14.5,-61.5,33.85
234.25,-14.5,-61.5,33.85
234.25,-14.5,-61.5,33.85
234.25,-14.5,-61.5,33.85
234.25,-14.5,-61.5,33.85
234.25,-14.5,-61.5,33.85
234.25,-14.5,-61.5,33.85
234.25,-14.5,-61.5,33.85
234.25,-14.5,-61.5,33.85
234.3125,-14.5,-61.5,34.18
234.3125,-14.5,-61.5,34.18
234.3125,-14.5,-61.5,34.18
234.3125,-14.5,-61.5,34.18
234.3125,-14.5,-61.5,34.18
234.3125,-14.5,-61.5,34.18
234.3125,-14.5,-61.5,34.18
234.3125,-14.5,-61.5,34.18
234.3125,-14.5,-61.5,34.18
234.3125,-14.5,-61.5,34.18
234.3125,-14.5,-61.5,34.18
234.3125,-14.5,-61.5,34.18
234.3125,-14.5,-61.5,34.18
234.3125,-14.5,-61.5,34.18
234.3125,-14.5,-61.5,34.18
234.3125,-14.5,-61.5,34.18
234.3125,-14.5,-61.5,34.51
234.3125,-14.5,-61.5,34.51
234.3125,-14.5,-61.5,34.51
234.3125,-14.5,-61.5,34.51
234.3125,-14.5,-61.5,34.51
234.3125,-14.5,-61.5,34.51
234.3125,-14.5,-61.5,34.51
234.3125,-14.5,-61.5,34.51
234.3125,-14.5,-61.5,34.51
234.3125,-14.5,-61.5,34.51
234.3125,-14.5,-61.5,34.51
234.3125,-14.5,-61.5,34.51
234.3125,-14.5,-61.5,34.51
234.3125,-14.5,-61.5,34.51
234.3125,-14.5,-61.5,34.51
234.3125,-14.5,-61.5,34.51
234.3125,-14.5,-61.5,34.51
234.3125,-14.5,-61.5,34.85
234.3125,-14.5,-61.5,34.85
234.3125,-14.5,-61.5,34.85
234.3125,-14.5,-61.5,34.85
234.3125,-14.5,-61.5,34.85
234.3125,-14.5,-61.5,34.85
234.3125,-14.5,-61.5,34.85
234.3125,-14.5,-61.5,34.85
234.3125,-14.5,-61.5,34.85
234.3125,-14.5,-61.5,34.85
234.3125,-14.5,-61.5,34.85
234.3125,-14.5,-61.5,34.85
234.3125,-14.5,-61.5,34.85
234.3125,-14.5,-61.5,34.85
234.3125,-14.5,-61.5,34.85
234.3125,-14.5,-61.5,34.85
234.3125,-14.5,-61.5,34.85
234.3125,-14.5,-61.5,35.18
234.3125,-14.5,-61.5,35.18
234.3125,-14.5,-61.5,35.18
234.3125,-14.5,-61.5,35.18
234.3125,-14.5,-61.5,35.18
234.3125,-14.5,-61.5,35.18
234.3125,-14.5,-61.5,35.18
234.3125,-14.5,-61.5,35.18
234.3125,-14.5,-61.5,35.18
234.3125,-14.5,-61.5,35.18
234.3125,-14.5,-61.5,35.18
234.3125,-14.5,-61.5,35.18
234.3125,-14.5,-61.5,35.18
234.3125,-14.5,-61.5,35.18
234.3125,-14.5,-61.5,35.18
234.3125,-14.5,-61.5,35.18
234.375,-14.5625,-61.5,35.51
234.375,-14.5625,-61.5,35.51
234.375,-14.5625,-61.5,35.51
234.375,-14.5625,-61.5,35.51
234.375,-14.5625,-61.5,35.51
234.375,-14.5625,-61.5,35.51
234.375,-14.5625,-61.5,35.51
234.375,-14.5625,-61.5,35.51
234.375,-14.5625,-61.5,35.51
234.375,-14.5625,-61.5,35.51
234.375,-14.5625,-61.5,35.51
234.375,-14.5625,-61.5,35.51
234.375,-14.5625,-61.5,35.51
234.375,-14.5625,-61.5,35.51
234.375,-14.5625,-61.5,35.51
234.375,-14.5625,-61.5,35.51
234.375,-14.5625,-61.5,35.51
234.375,-14.5625,-61.5,35.85
234.375,-14.5625,-61.5,35.85
234.375,-14.5625,-61.5,35.85
234.375,-14.5625,-61.5,35.85
234.375,-14.5625,-61.5,35.85
234.375,-14.5625,-61.5,35.85
234.375,-14.5625,-61.5,35.85
234.375,-14.5625,-61.5,35.85
234.375,-14.5625,-61.5,35.85
234.375,-14.5625,-61.5,35.85
234.375,-14.5625,-61.5,35.85
234.375,-14.5625,-61.5,35.85
234.375,-14.5625,-61.5,35.85
234.375,-14.5625,-61.5,35.85
234.375,-14.5625,-61.5,35.85
234.375,-14.5625,-61.5,35.85
234.375,-14.5625,-61.5,35.85
234.375,-14.5625,-61.5,36.18
234.375,-14.5625,-61.5,36.18
234.375,-14.5625,-61.5,36.18
234.375,-14.5625,-61.5,36.18
234.375,-14.5625,-61.5,36.18
234.375,-14.5625,-61.5,36.18
234.375,-14.5625,-61.5,36.18
234.375,-14.5625,-61.5,36.18
234.375,-14.5625,-61.5,36.18
234.375,-14.5625,-61.5,36.18
234.375,-14.5625,-61.5,36.18
234.375,-14.5625,-61.5,36.18
234.375,-14.5625,-61.5,36.18
234.375,-14.5625,-61.5,36.18
234.375,-14.5625,-61.5,36.18
234.375,-14.5625,-61.5,36.18
234.375,-14.5625,-61.5,36.51
234.375,-14.5625,-61.5,36.51
234.375,-14.5625,-61.5,36.51
234.375,-14.5625,-61.5,36.51
234.375,-14.5625,-61.5,36.51
234.375,-14.5625,-61.5,36.51
234.375,-14.5625,-61.5,36.51
234.375,-14.5625,-61.5,36.51
234.375,-14.5625,-61.5,36.51
234.375,-14.5625,-61.5,36.51
234.375,-14.5625,-61.5,36.51
234.375,-14.5625,-61.5,36.51
234.375,-14.5625,-61.5,36.51
234.375,-14.5625,-61.5,36.51
234.375,-14.5625,-61.5,36.51
234.375,-14.5625,-61.5,36.51
234.375,-14.5625,-61.5,36.51
234.4375,-14.5625,-61.5,36.85
234.4375,-14.5625,-61.5,36.85
234.4375,-14.5625,-61.5,36.85
234.4375,-14.5625,-61.5,36.85
234.4375,-14.5625,-61.5,36.85
234.4375,-14.5625,-61.5,36.85
234.4375,-14.5625,-61.5,36.85
234.4375,-14.5625,-61.5,36.85
234.4375,-14.5625,-61.5,36.85
234.4375,-14.5625,-61.5,36.85
234.4375,-14.5625,-61.5,36.85
234.4375,-14.5625,-61.5,36.85
234.4375,-14.5625,-61.5,36.85
234.4375,-14.5625,-61.5,36.85
234.4375,-14.5625,-61.5,36.85
234.4375,-14.5625,-61.5,36.85
234.4375,-14.5625,-61.5,36.85
234.4375,-14.5625,-61.5,37.18
234.4375,-14.5625,-61.5,37.18
234.4375,-14.5625,-61.5,37.18
234.4375,-14.5625,-61.5,37.18
234.4375,-14.5625,-61.5,37.18
234.4375,-14.5625,-61.5,37.18
234.4375,-14.5625,-61.5,37.18
234.4375,-14.5625,-61.5,37.18
234.4375,-14.5625,-61.5,37.18
234.4375,-14.5625,-61.5,37.18
234.4375,-14.5625,-61.5,37.18
234.4375,-14.5625,-61.5,37.18
234.4375,-14.5625,-61.5,37.18
234.4375,-14.5625,-61.5,37.18
234.4375,-14.5625,-61.5,37.18
234.4375,-14.5625,-61.5,37.18
234.4375,-14.5625,-61.5,37.51
234.4375,-14.5625,-61.5,37.51
234.4375,-14.5625,-61.5,37.51
234.4375,-14.5625,-61.5,37.51
234.4375,-14.5625,-61.5,37.51
234.4375,-14.5625,-61.5,37.51
234.4375,-14.5625,-61.5,37.51
234.4375,-14.5625,-61.5,37.51
234.4375,-14.5625,-61.5,37.51
234.4375,-14.5625,-61.5,37.51
234.4375,-14.5625,-61.5,37.51
234.4375,-14.5625,-61.5,37.51
234.4375,-14.5625,-61.5,37.51
234.4375,-14.5625,-61.5,37.51
234.4375,-14.5625,-61.5,37.51
234.4375,-14.5625,-61.5,37.51
234.4375,-14.5625,-61.5,37.51
234.4375,-14.5,-61.5,37.85
234.4375,-14.5,-61.5,37.85
234.4375,-14.5,-61.5,37.85
234.4375,-14.5,-61.5,37.85
234.4375,-14.5,-61.5,37.85
234.4375,-14.5,-61.5,37.85
234.4375,-14.5,-61.5,37.85
234.4375,-14.5,-61.5,37.85
234.4375,-14.5,-61.5,37.85
234.4375,-14.5,-61.5,37.85
234.4375,-14.5,-61.5,37.85
234.4375,-14.5,-61.5,37.85
234.4375,-14.5,-61.5,37.85
234.4375,-14.5,-61.5,37.85
234.4375,-14.5,-61.5,37.85
234.4375,-14.5,-61.5,37.85
234.4375,-14.5,-61.5,37.85
234.4375,-14.5,-61.5,38.18
234.4375,-14.5,-61.5,38.18
234.4375,-14.5,-61.5,38.18
234.4375,-14.5,-61.5,38.18
234.4375,-14.5,-61.5,38.18
234.4375,-14.5,-61.5,38.18
234.4375,-14.5,-61.5,38.18
234.4375,-14.5,-61.5,38.18
234.4375,-14.5,-61.5,38.18
234.4375,-14.5,-61.5,38.18
234.4375,-14.5,-61.5,38.18
234.4375,-14.5,-61.5,38.18
234.4375,-14.5,-61.5,38.18
234.4375,-14.5,-61.5,38.18
234.4375,-14.5,-61.5,38.18
234.4375,-14.5,-61.5,38.18
234.5,-14.5,-61.5,38.51
234.5,-14.5,-61.5,38.51
234.5,-14.5,-61.5,38.51
234.5,-14.5,-61.5,38.51
234.5,-14.5,-61.5,38.51
234.5,-14.5,-61.5,38.51
234.5,-14.5,-61.5,38.51
234.5,-14.5,-61.5,38.51
234.5,-14.5,-61.5,38.51
234.5,-14.5,-61.5,38.51
234.5,-14.5,-61.5,38.51
234.5,-14.5,-61.5,38.51
234.5,-14.5,-61.5,38.51
234.5,-14.5,-61.5,38.51
234.5,-14.5,-61.5,38.51
234.5,-14.5,-61.5,38.51
234.5,-14.5,-61.5,38.51
234.5,-14.5,-61.5,38.85
234.5,-14.5,-61.5,38.85
234.5,-14.5,-61.5,38.85
234.5,-14.5,-61.5,38.85
234.5,-14.5,-61.5,38.85
234.5,-14.5,-61.5,38.85
234.5,-14.5,-61.5,38.85
234.5,-14.5,-61.5,38.85
234.5,-14.5,-61.5,38.85
234.5,-14.5,-61.5,38.85
234.5,-14.5,-61.5,38.85
234.5,-14.5,-61.5,38.85
234.5,-14.5,-61.5,38.85
234.5,-14.5,-61.5,38.85
234.5,-14.5,-61.5,38.85
234.5,-14.5,-61.5,38.85
234.5,-14.5,-61.5,38.85
234.5,-14.5,-61.5,39.18
234.5,-14.5,-61.5,39.18
234.5,-14.5,-61.5,39.18
234.5,-14.5,-61.5,39.18
234.5,-14.5,-61.5,39.18
234.5,-14.5,-61.5,39.18
234.5,-14.5,-61.5,39.18
234.5,-14.5,-61.5,39.18
234.5,-14.5,-61.5,39.18
234.5,-14.5,-61.5,39.18
234.5,-14.5,-61.5,39.18
234.5,-14.5,-61.5,39.18
234.5,-14.5,-61.5,39.18
234.5,-14.5,-61.5,39.18
234.5,-14.5,-61.5,39.18
234.5,-14.5,-61.5,39.18
234.5,-14.5,-61.5,39.51
234.5,-14.5,-61.5,39.51
234.5,-14.5,-61.5,39.51
234.5,-14.5,-61.5,39.51
234.5,-14.5,-61.5,39.51
234.5,-14.5,-61.5,39.51
234.5,-14.5,-61.5,39.51
234.5,-14.5,-61.5,39.51
234.5,-14.5,-61.5,39.51
234.5,-14.5,-61.5,39.51
234.5,-14.5,-61.5,39.51
234.5,-14.5,-61.5,39.51
234.5,-14.5,-61.5,39.51
234.5,-14.5,-61.5,39.51
234.5,-14.5,-61.5,39.51
234.5,-14.5,-61.5,39.51
234.5,-14.5,-61.5,39.51
234.5,-14.5,-61.5,39.85
234.5,-14.5,-61.5,39.85
234.5,-14.5,-61.5,39.85
234.5,-14.5,-61.5,39.85
234.5,-14.5,-61.5,39.85
234.5,-14.5,-61.5,39.85
234.5,-14.5,-61.5,39.85
234.5,-14.5,-61.5,39.85
234.5,-14.5,-61.5,39.85
234.5,-14.5,-61.5,39.85
234.5,-14.5,-61.5,39.85
234.5,-14.5,-61.5,39.85
234.5,-14.5,-61.5,39.85
234.5,-14.5,-61.5,39.85
234.5,-14.5,-61.5,39.85
234.5,-14.5,-61.5,39.85
234.5,-14.5,-61.5,39.85
234.5,-14.5,-61.5,40.18
234.5,-14.5,-61.5,40.18
234.5,-14.5,-61.5,40.18
234.5,-14.5,-61.5,40.18
234.5,-14.5,-61.5,40.18
234.5,-14.5,-61.5,40.18
234.5,-14.5,-61.5,40.18
234.5,-14.5,-61.5,40.18
234.5,-14.5,-61.5,40.18
234.5,-14.5,-61.5,40.18
234.5,-14.5,-61.5,40.18
234.5,-14.5,-61.5,40.18
234.5,-14.5,-61.5,40.18
234.5,-14.5,-61.5,40.18
234.5,-14.5,-61.5,40.18
234.5,-14.5,-61.5,40.18
234.5,-14.5,-61.5,40.51
234.5,-14.5,-61.5,40.51
234.5,-14.5,-61.5,40.51
234.5,-14.5,-61.5,40.51
234.5,-14.5,-61.5,40.51
234.5,-14.5,-61.5,40.51
234.5,-14.5,-61.5,40.51
234.5,-14.5,-61.5,40.51
234.5,-14.5,-61.5,40.51
234.5,-14.5,-61.5,40.51
234.5,-14.5,-61.5,40.51
234.5,-14.5,-61.5,40.51
234.5,-14.5,-61.5,40.51
234.5,-14.5,-61.5,40.51
234.5,-14.5,-61.5,40.51
234.5,-14.5,-61.5,40.51
234.5,-14.5,-61.5,40.51
234.4375,-14.4375,-61.5,40.85
234.4375,-14.4375,-61.5,40.85
234.4375,-14.4375,-61.5,40.85
234.4375,-14.4375,-61.5,40.85
234.4375,-14.4375,-61.5,40.85
234.4375,-14.4375,-61.5,40.85
234.4375,-14.4375,-61.5,40.85
234.4375,-14.4375,-61.5,40.85
234.4375,-14.4375,-61.5,40.85
234.4375,-14.4375,-61.5,40.85
234.4375,-14.4375,-61.5,40.85
234.4375,-14.4375,-61.5,40.85
234.4375,-14.4375,-61.5,40.85
234.4375,-14.4375,-61.5,40.85
234.4375,-14.4375,-61.5,40.85
234.4375,-14.4375,-61.5,40.85
234.4375,-14.4375,-61.5,40.85
234.4375,-14.4375,-61.5,41.18
234.4375,-14.4375,-61.5,41.18
234.4375,-14.4375,-61.5,41.18
234.4375,-14.4375,-61.5,41.18
234.4375,-14.4375,-61.5,41.18
234.4375,-14.4375,-61.5,41.18
234.4375,-14.4375,-61.5,41.18
234.4375,-14.4375,-61.5,41.18
234.4375,-14.4375,-61.5,41.18
234.4375,-14.4375,-61.5,41.18
234.4375,-14.4375,-61.5,41.18
234.4375,-14.4375,-61.5,41.18
234.4375,-14.4375,-61.5,41.18
234.4375,-14.4375,-61.5,41.18
234.4375,-14.4375,-61.5,41.18
234.4375,-14.4375,-61.5,41.18
234.4375,-14.4375,-61.5,41.51
234.4375,-14.4375,-61.5,41.51
234.4375,-14.4375,-61.5,41.51
234.4375,-14.4375,-61.5,41.51
234.4375,-14.4375,-61.5,41.51
234.4375,-14.4375,-61.5,41.51
234.4375,-14.4375,-61.5,41.51
234.4375,-14.4375,-61.5,41.51
234.4375,-14.4375,-61.5,41.51
234.4375,-14.4375,-61.5,41.51
234.4375,-14.4375,-61.5,41.51
234.4375,-14.4375,-61.5,41.51
234.4375,-14.4375,-61.5,41.51
234.4375,-14.4375,-61.5,41.51
234.4375,-14.4375,-61.5,41.51
234.4375,-14.4375,-61.5,41.51
234.4375,-14.4375,-61.5,41.51
234.4375,-14.4375,-61.5,41.85
234.4375,-14.4375,-61.5,41.85
234.4375,-14.4375,-61.5,41.85
234.4375,-14.4375,-61.5,41.85
234.4375,-14.4375,-61.5,41.85
234.4375,-14.4375,-61.5,41.85
234.4375,-14.4375,-61.5,41.85
234.4375,-14.4375,-61.5,41.85
234.4375,-14.4375,-61.5,41.85
234.4375,-14.4375,-61.5,41.85
234.4375,-14.4375,-61.5,41.85
234.4375,-14.4375,-61.5,41.85
234.4375,-14.4375,-61.5,41.85
234.4375,-14.4375,-61.5,41.85
234.4375,-14.4375,-61.5,41.85
234.4375,-14.4375,-61.5,41.85
234.4375,-14.4375,-61.5,41.85
234.4375,-14.4375,-61.4375,42.18
234.4375,-14.4375,-61.4375,42.18
234.4375,-14.4375,-61.4375,42.18
234.4375,-14.4375,-61.4375,42.18
234.4375,-14.4375,-61.4375,42.18
234.4375,-14.4375,-61.4375,42.18
234.4375,-14.4375,-61.4375,42.18
234.4375,-14.4375,-61.4375,42.18
234.4375,-14.4375,-61.4375,42.18
234.4375,-14.4375,-61.4375,42.18
234.4375,-14.4375,-61.4375,42.18
234.4375,-14.4375,-61.4375,42.18
234.4375,-14.4375,-61.4375,42.18
234.4375,-14.4375,-61.4375,42.18
234.4375,-14.4375,-61.4375,42.18
234.4375,-14.4375,-61.4375,42.18
234.4375,-14.4375,-61.4375,42.51
234.4375,-14.4375,-61.4375,42.51
234.4375,-14.4375,-61.4375,42.51
234.4375,-14.4375,-61.4375,42.51
234.4375,-14.4375,-61.4375,42.51
234.4375,-14.4375,-61.4375,42.51
234.4375,-14.4375,-61.4375,42.51
234.4375,-14.4375,-61.4375,42.51
234.4375,-14.4375,-61.4375,42.51
234.4375,-14.4375,-61.4375,42.51
234.4375,-14.4375,-61.4375,42.51
234.4375,-14.4375,-61.4375,42.51
234.4375,-14.4375,-61.4375,42.51
234.4375,-14.4375,-61.4375,42.51
234.4375,-14.4375,-61.4375,42.51
234.4375,-14.4375,-61.4375,42.51
234.4375,-14.4375,-61.4375,42.51
234.4375,-14.4375,-61.4375,42.85
234.4375,-14.4375,-61.4375,42.85
234.4375,-14.4375,-61.4375,42.85
234.4375,-14.4375,-61.4375,42.85
234.4375,-14.4375,-61.4375,42.85
234.4375,-14.4375,-61.4375,42.85
234.4375,-14.4375,-61.4375,42.85
234.4375,-14.4375,-61.4375,42.85
234.4375,-14.4375,-61.4375,42.85
234.4375,-14.4375,-61.4375,42.85
234.4375,-14.4375,-61.4375,42.85
234.4375,-14.4375,-61.4375,42.85
234.4375,-14.4375,-61.4375,42.85
234.4375,-14.4375,-61.4375,42.85
234.4375,-14.4375,-61.4375,42.85
234.4375,-14.4375,-61.4375,42.85
234.4375,-14.4375,-61.4375,42.85
234.375,-14.4375,-61.4375,43.18
234.375,-14.4375,-61.4375,43.18
234.375,-14.4375,-61.4375,43.18
234.375,-14.4375,-61.4375,43.18
234.375,-14.4375,-61.4375,43.18
234.375,-14.4375,-61.4375,43.18
234.375,-14.4375,-61.4375,43.18
234.375,-14.4375,-61.4375,43.18
234.375,-14.4375,-61.4375,43.18
234.375,-14.4375,-61.4375,43.18
234.375,-14.4375,-61.4375,43.18
234.375,-14.4375,-61.4375,43.18
234.375,-14.4375,-61.4375,43.18
234.375,-14.4375,-61.4375,43.18
234.375,-14.4375,-61.4375,43.18
234.375,-14.4375,-61.4375,43.18
234.375,-14.4375,-61.4375,43.51
234.375,-14.4375,-61.4375,43.51
234.375,-14.4375,-61.4375,43.51
234.375,-14.4375,-61.4375,43.51
234.375,-14.4375,-61.4375,43.51
234.375,-14.4375,-61.4375,43.51
234.375,-14.4375,-61.4375,43.51
234.375,-14.4375,-61.4375,43.51
234.375,-14.4375,-61.4375,43.51
234.375,-14.4375,-61.4375,43.51
234.375,-14.4375,-61.4375,43.51
234.375,-14.4375,-61.4375,43.51
234.375,-14.4375,-61.4375,43.51
234.375,-14.4375,-61.4375,43.51
234.375,-14.4375,-61.4375,43.51
234.375,-14.4375,-61.4375,43.51
234.375,-14.4375,-61.4375,43.51
234.375,-14.4375,-61.4375,43.85
234.375,-14.4375,-61.4375,43.85
234.375,-14.4375,-61.4375,43.85
234.375,-14.4375,-61.4375,43.85
234.375,-14.4375,-61.4375,43.85
234.375,-14.4375,-61.4375,43.85
234.375,-14.4375,-61.4375,43.85
234.375,-14.4375,-61.4375,43.85
234.375,-14.4375,-61.4375,43.85
234.375,-14.4375,-61.4375,43.85
234.375,-14.4375,-61.4375,43.85
234.375,-14.4375,-61.4375,43.85
234.375,-14.4375,-61.4375,43.85
234.375,-14.4375,-61.4375,43.85
234.375,-14.4375,-61.4375,43.85
234.375,-14.4375,-61.4375,43.85
234.375,-14.4375,-61.4375,43.85
234.375,-14.4375,-61.4375,44.18
234.375,-14.4375,-61.4375,44.18
234.375,-14.4375,-61.4375,44.18
234.375,-14.4375,-61.4375,44.18
234.375,-14.4375,-61.4375,44.18
234.375,-14.4375,-61.4375,44.18
234.375,-14.4375,-61.4375,44.18
234.375,-14.4375,-61.4375,44.18
234.375,-14.4375,-61.4375,44.18
234.375,-14.4375,-61.4375,44.18
234.375,-14.4375,-61.4375,44.18
234.375,-14.4375,-61.4375,44.18
234.375,-14.4375,-61.4375,44.18
234.375,-14.4375,-61.4375,44.18
234.375,-14.4375,-61.4375,44.18
234.375,-14.4375,-61.4375,44.18
234.375,-14.4375,-61.4375,44.51
234.375,-14.4375,-61.4375,44.51
234.375,-14.4375,-61.4375,44.51
234.375,-14.4375,-61.4375,44.51
234.375,-14.4375,-61.4375,44.51
234.375,-14.4375,-61.4375,44.51
234.375,-14.4375,-61.4375,44.51
234.375,-14.4375,-61.4375,44.51
234.375,-14.4375,-61.4375,44.51
234.375,-14.4375,-61.4375,44.51
234.375,-14.4375,-61.4375,44.51
234.375,-14.4375,-61.4375,44.51
234.375,-14.4375,-61.4375,44.51
234.375,-14.4375,-61.4375,44.51
234.375,-14.4375,-61.4375,44.51
234.375,-14.4375,-61.4375,44.51
234.375,-14.4375,-61.4375,44.51
234.375,-14.4375,-61.4375,44.85
234.375,-14.4375,-61.4375,44.85
234.375,-14.4375,-61.4375,44.85
234.375,-14.4375,-61.4375,44.85
234.375,-14.4375,-61.4375,44.85
234.375,-14.4375,-61.4375,44.85
234.375,-14.4375,-61.4375,44.85
234.375,-14.4375,-61.4375,44.85
234.375,-14.4375,-61.4375,44.85
234.375,-14.4375,-61.4375,44.85
234.375,-14.4375,-61.4375,44.85
234.375,-14.4375,-61.4375,44.85
234.375,-14.4375,-61.4375,44.85
234.375,-14.4375,-61.4375,44.85
234.375,-14.4375,-61.4375,44.85
234.375,-14.4375,-61.4375,44.85
234.375,-14.4375,-61.4375,44.85
234.3125,-14.4375,-61.4375,45.18
234.3125,-14.4375,-61.4375,45.18
234.3125,-14.4375,-61.4375,45.18
234.3125,-14.4375,-61.4375,45.18
234.3125,-14.4375,-61.4375,45.18
234.3125,-14.4375,-61.4375,45.18
234.3125,-14.4375,-61.4375,45.18
234.3125,-14.4375,-61.4375,45.18
234.3125,-14.4375,-61.4375,45.18
234.3125,-14.4375,-61.4375,45.18
234.3125,-14.4375,-61.4375,45.18
234.3125,-14.4375,-61.4375,45.18
234.3125,-14.4375,-61.4375,45.18
234.3125,-14.4375,-61.4375,45.18
234.3125,-14.4375,-61.4375,45.18
234.3125,-14.4375,-61.4375,45.18
234.3125,-14.4375,-61.4375,45.51
234.3125,-14.4375,-61.4375,45.51
234.3125,-14.4375,-61.4375,45.51
234.3125,-14.4375,-61.4375,45.51
234.3125,-14.4375,-61.4375,45.51
234.3125,-14.4375,-61.4375,45.51
234.3125,-14.4375,-61.4375,45.51
234.3125,-14.4375,-61.4375,45.51
234.3125,-14.4375,-61.4375,45.51
234.3125,-14.4375,-61.4375,45.51
234.3125,-14.4375,-61.4375,45.51
234.3125,-14.4375,-61.4375,45.51
234.3125,-14.4375,-61.4375,45.51
234.3125,-14.4375,-61.4375,45.51
234.3125,-14.4375,-61.4375,45.51
234.3125,-14.4375,-61.4375,45.51
234.3125,-14.4375,-61.4375,45.51
234.3125,-14.4375,-61.4375,45.85
234.3125,-14.4375,-61.4375,45.85
234.3125,-14.4375,-61.4375,45.85
234.3125,-14.4375,-61.4375,45.85
234.3125,-14.4375,-61.4375,45.85
234.3125,-14.4375,-61.4375,45.85
234.3125,-14.4375,-61.4375,45.85
234.3125,-14.4375,-61.4375,45.85
234.3125,-14.4375,-61.4375,45.85
234.3125,-14.4375,-61.4375,45.85
234.3125,-14.4375,-61.4375,45.85
234.3125,-14.4375,-61.4375,45.85
234.3125,-14.4375,-61.4375,45.85
234.3125,-14.4375,-61.4375,45.85
234.3125,-14.4375,-61.4375,45.85
234.3125,-14.4375,-61.4375,45.85
234.3125,-14.4375,-61.4375,45.85
234.3125,-14.4375,-61.375,46.18
234.3125,-14.4375,-61.375,46.18
234.3125,-14.4375,-61.375,46.18
234.3125,-14.4375,-61.375,46.18
234.3125,-14.4375,-61.375,46.18
234.3125,-14.4375,-61.375,46.18
234.3125,-14.4375,-61.375,46.18
234.3125,-14.4375,-61.375,46.18
234.3125,-14.4375,-61.375,46.18
234.3125,-14.4375,-61.375,46.18
234.3125,-14.4375,-61.375,46.18
234.3125,-14.4375,-61.375,46.18
234.3125,-14.4375,-61.375,46.18
234.3125,-14.4375,-61.375,46.18
234.3125,-14.4375,-61.375,46.18
234.3125,-14.4375,-61.375,46.18
234.3125,-14.4375,-61.375,46.51
234.3125,-14.4375,-61.375,46.51
234.3125,-14.4375,-61.375,46.51
234.3125,-14.4375,-61.375,46.51
234.3125,-14.4375,-61.375,46.51
234.3125,-14.4375,-61.375,46.51
234.3125,-14.4375,-61.375,46.51
234.3125,-14.4375,-61.375,46.51
234.3125,-14.4375,-61.375,46.51
234.3125,-14.4375,-61.375,46.51
234.3125,-14.4375,-61.375,46.51
234.3125,-14.4375,-61.375,46.51
234.3125,-14.4375,-61.375,46.51
234.3125,-14.4375,-61.375,46.51
234.3125,-14.4375,-61.375,46.51
234.3125,-14.4375,-61.375,46.51
234.3125,-14.4375,-61.375,46.51
234.3125,-14.4375,-61.375,46.85
234.3125,-14.4375,-61.375,46.85
234.3125,-14.4375,-61.375,46.85
234.3125,-14.4375,-61.375,46.85
234.3125,-14.4375,-61.375,46.85
234.3125,-14.4375,-61.375,46.85
234.3125,-14.4375,-61.375,46.85
234.3125,-14.4375,-61.375,46.85
234.3125,-14.4375,-61.375,46.85
234.3125,-14.4375,-61.375,46.85
234.3125,-14.4375,-61.375,46.85
234.3125,-14.4375,-61.375,46.85
234.3125,-14.4375,-61.375,46.85
234.3125,-14.4375,-61.375,46.85
234.3125,-14.4375,-61.375,46.85
234.3125,-14.4375,-61.375,46.85
234.3125,-14.4375,-61.375,46.85
234.3125,-14.4375,-61.375,47.18
234.3125,-14.4375,-61.375,47.18
234.3125,-14.4375,-61.375,47.18
234.3125,-14.4375,-61.375,47.18
234.3125,-14.4375,-61.375,47.18
234.3125,-14.4375,-61.375,47.18
234.3125,-14.4375,-61.375,47.18
234.3125,-14.4375,-61.375,47.18
234.3125,-14.4375,-61.375,47.18
234.3125,-14.4375,-61.375,47.18
234.3125,-14.4375,-61.375,47.18
234.3125,-14.4375,-61.375,47.18
234.3125,-14.4375,-61.375,47.18
234.3125,-14.4375,-61.375,47.18
234.3125,-14.4375,-61.375,47.18
234.3125,-14.4375,-61.375,47.18
234.3125,-14.4375,-61.375,47.51
234.3125,-14.4375,-61.375,47.51
234.3125,-14.4375,-61.375,47.51
234.3125,-14.4375,-61.375,47.51
234.3125,-14.4375,-61.375,47.51
234.3125,-14.4375,-61.375,47.51
234.3125,-14.4375,-61.375,47.51
234.3125,-14.4375,-61.375,47.51
234.3125,-14.4375,-61.375,47.51
234.3125,-14.4375,-61.375,47.51
234.3125,-14.4375,-61.375,47.51
234.3125,-14.4375,-61.375,47.51
234.3125,-14.4375,-61.375,47.51
234.3125,-14.4375,-61.375,47.51
234.3125,-14.4375,-61.375,47.51
234.3125,-14.4375,-61.375,47.51
234.3125,-14.4375,-61.375,47.51
234.3125,-14.4375,-61.375,47.85
234.3125,-14.4375,-61.375,47.85
234.3125,-14.4375,-61.375,47.85
234.3125,-14.4375,-61.375,47.85
234.3125,-14.4375,-61.375,47.85
234.3125,-14.4375,-61.375,47.85
234.3125,-14.4375,-61.375,47.85
234.3125,-14.4375,-61.375,47.85
234.3125,-14.4375,-61.375,47.85
234.3125,-14.4375,-61.375,47.85
234.3125,-14.4375,-61.375,47.85
234.3125,-14.4375,-61.375,47.85
234.3125,-14.4375,-61.375,47.85
234.3125,-14.4375,-61.375,47.85
234.3125,-14.4375,-61.375,47.85
234.3125,-14.4375,-61.375,47.85
234.3125,-14.4375,-61.375,47.85
234.3125,-14.4375,-61.3125,48.18
234.3125,-14.4375,-61.3125,48.18
234.3125,-14.4375,-61.3125,48.18
234.3125,-14.4375,-61.3125,48.18
234.3125,-14.4375,-61.3125,48.18
234.3125,-14.4375,-61.3125,48.18
234.3125,-14.4375,-61.3125,48.18
234.3125,-14.4375,-61.3125,48.18
234.3125,-14.4375,-61.3125,48.18
234.3125,-14.4375,-61.3125,48.18
234.3125,-14.4375,-61.3125,48.18
234.3125,-14.4375,-61.3125,48.18
234.3125,-14.4375,-61.3125,48.18
234.3125,-14.4375,-61.3125,48.18
234.3125,-14.4375,-61.3125,48.18
234.3125,-14.4375,-61.3125,48.18
234.3125,-14.4375,-61.3125,48.51
234.3125,-14.4375,-61.3125,48.51
234.3125,-14.4375,-61.3125,48.51
234.3125,-14.4375,-61.3125,48.51
234.3125,-14.4375,-61.3125,48.51
234.3125,-14.4375,-61.3125,48.51
234.3125,-14.4375,-61.3125,48.51
234.3125,-14.4375,-61.3125,48.51
234.3125,-14.4375,-61.3125,48.51
234.3125,-14.4375,-61.3125,48.51
234.3125,-14.4375,-61.3125,48.51
234.3125,-14.4375,-61.3125,48.51
234.3125,-14.4375,-61.3125,48.51
234.3125,-14.4375,-61.3125,48.51
234.3125,-14.4375,-61.3125,48.51
234.3125,-14.4375,-61.3125,48.51
234.3125,-14.4375,-61.3125,48.51
234.3125,-14.4375,-61.3125,48.85
234.3125,-14.4375,-61.3125,48.85
234.3125,-14.4375,-61.3125,48.85
234.3125,-14.4375,-61.3125,48.85
234.3125,-14.4375,-61.3125,48.85
234.3125,-14.4375,-61.3125,48.85
234.3125,-14.4375,-61.3125,48.85
234.3125,-14.4375,-61.3125,48.85
234.3125,-14.4375,-61.3125,48.85
234.3125,-14.4375,-61.3125,48.85
234.3125,-14.4375,-61.3125,48.85
234.3125,-14.4375,-61.3125,48.85
234.3125,-14.4375,-61.3125,48.85
234.3125,-14.4375,-61.3125,48.85
234.3125,-14.4375,-61.3125,48.85
234.3125,-14.4375,-61.3125,48.85
234.3125,-14.4375,-61.3125,48.85
234.3125,-14.4375,-61.25,49.18
234.3125,-14.4375,-61.25,49.18
234.3125,-14.4375,-61.25,49.18
234.3125,-14.4375,-61.25,49.18
234.3125,-14.4375,-61.25,49.18
234.3125,-14.4375,-61.25,49.18
234.3125,-14.4375,-61.25,49.18
234.3125,-14.4375,-61.25,49.18
234.3125,-14.4375,-61.25,49.18
234.3125,-14.4375,-61.25,49.18
234.3125,-14.4375,-61.25,49.18
234.3125,-14.4375,-61.25,49.18
234.3125,-14.4375,-61.25,49.18
234.3125,-14.4375,-61.25,49.18
234.3125,-14.4375,-61.25,49.18
234.3125,-14.4375,-61.25,49.18
234.3125,-14.4375,-61.25,49.51
234.3125,-14.4375,-61.25,49.51
234.3125,-14.4375,-61.25,49.51
234.3125,-14.4375,-61.25,49.51
234.3125,-14.4375,-61.25,49.51
234.3125,-14.4375,-61.25,49.51
234.3125,-14.4375,-61.25,49.51
234.3125,-14.4375,-61.25,49.51
234.3125,-14.4375,-61.25,49.51
234.3125,-14.4375,-61.25,49.51
234.3125,-14.4375,-61.25,49.51
234.3125,-14.4375,-61.25,49.51
234.3125,-14.4375,-61.25,49.51
234.3125,-14.4375,-61.25,49.51
234.3125,-14.4375,-61.25,49.51
234.3125,-14.4375,-61.25,49.51
234.3125,-14.4375,-61.25,49.51
234.3125,-14.375,-61.1875,49.85
234.3125,-14.375,-61.1875,49.85
234.3125,-14.375,-61.1875,49.85
234.3125,-14.375,-61.1875,49.85
234.3125,-14.375,-61.1875,49.85
234.3125,-14.375,-61.1875,49.85
234.3125,-14.375,-61.1875,49.85
234.3125,-14.375,-61.1875,49.85
234.3125,-14.375,-61.1875,49.85
234.3125,-14.375,-61.1875,49.85
234.3125,-14.375,-61.1875,49.85
234.3125,-14.375,-61.1875,49.85
234.3125,-14.375,-61.1875,49.85
234.3125,-14.375,-61.1875,49.85
234.3125,-14.375,-61.1875,49.85
234.3125,-14.375,-61.1875,49.85
234.3125,-14.375,-61.1875,49.85
234.3125,-14.375,-61.1875,50.18
234.3125,-14.375,-61.1875,50.18
234.3125,-14.375,-61.1875,50.18
234.3125,-14.375,-61.1875,50.18
234.3125,-14.375,-61.1875,50.18
234.3125,-14.375,-61.1875,50.18
234.3125,-14.375,-61.1875,50.18
234.3125,-14.375,-61.1875,50.18
234.3125,-14.375,-61.1875,50.18
234.3125,-14.375,-61.1875,50.18
234.3125,-14.375,-61.1875,50.18
234.3125,-14.375,-61.1875,50.18
234.3125,-14.375,-61.1875,50.18
234.3125,-14.375,-61.1875,50.18
234.3125,-14.375,-61.1875,50.18
234.3125,-14.375,-61.1875,50.18
234.375,-14.375,-61.1875,50.51
234.375,-14.375,-61.1875,50.51
234.375,-14.375,-61.1875,50.51
234.375,-14.375,-61.1875,50.51
234.375,-14.375,-61.1875,50.51
234.375,-14.375,-61.1875,50.51
234.375,-14.375,-61.1875,50.51
234.375,-14.375,-61.1875,50.51
234.375,-14.375,-61.1875,50.51
234.375,-14.375,-61.1875,50.51
234.375,-14.375,-61.1875,50.51
234.375,-14.375,-61.1875,50.51
234.375,-14.375,-61.1875,50.51
234.375,-14.375,-61.1875,50.51
234.375,-14.375,-61.1875,50.51
234.375,-14.375,-61.1875,50.51
234.375,-14.375,-61.1875,50.51
234.375,-14.375,-61.1875,50.85
234.375,-14.375,-61.1875,50.85
234.375,-14.375,-61.1875,50.85
234.375,-14.375,-61.1875,50.85
234.375,-14.375,-61.1875,50.85
234.375,-14.375,-61.1875,50.85
234.375,-14.375,-61.1875,50.85
234.375,-14.375,-61.1875,50.85
234.375,-14.375,-61.1875,50.85
234.375,-14.375,-61.1875,50.85
234.375,-14.375,-61.1875,50.85
234.375,-14.375,-61.1875,50.85
234.375,-14.375,-61.1875,50.85
234.375,-14.375,-61.1875,50.85
234.375,-14.375,-61.1875,50.85
234.375,-14.375,-61.1875,50.85
234.375,-14.375,-61.1875,50.85
Current Task:,NVRW Task 2
Task Start:,02:41:21 PM
Heading, Roll, Pitch, Task Time
234.5,-14.25,-61.0625,0.07
234.5,-14.25,-61.0625,0.09
234.4375,-14.1875,-61.0625,0.11
234.4375,-14.1875,-61.0625,0.15
234.4375,-14.1875,-61.0625,0.15
234.4375,-14.1875,-61.0,0.18
234.4375,-14.1875,-61.0,0.18
234.4375,-14.1875,-61.0,0.18
234.4375,-14.125,-60.9375,0.23
234.4375,-14.125,-60.9375,0.23
234.4375,-14.125,-60.9375,0.23
234.4375,-14.125,-60.9375,0.23
234.4375,-14.125,-60.9375,0.31
234.4375,-14.125,-60.9375,0.31
234.4375,-14.125,-60.9375,0.31
234.4375,-14.125,-60.9375,0.31
234.4375,-14.125,-60.9375,0.31
234.4375,-14.125,-60.9375,0.41
234.4375,-14.125,-60.9375,0.41
234.4375,-14.125,-60.9375,0.41
234.4375,-14.125,-60.9375,0.41
234.4375,-14.125,-60.9375,0.41
234.4375,-14.125,-60.9375,0.41
234.4375,-14.125,-60.9375,0.54
234.4375,-14.125,-60.9375,0.54
234.4375,-14.125,-60.9375,0.54
234.4375,-14.125,-60.9375,0.54
234.4375,-14.125,-60.9375,0.54
234.4375,-14.125,-60.9375,0.54
234.4375,-14.125,-60.9375,0.54
234.4375,-14.125,-60.9375,0.54
234.375,-14.125,-60.875,0.70
234.375,-14.125,-60.875,0.70
234.375,-14.125,-60.875,0.70
234.375,-14.125,-60.875,0.70
234.375,-14.125,-60.875,0.70
234.375,-14.125,-60.875,0.70
234.375,-14.125,-60.875,0.70
234.375,-14.125,-60.875,0.70
234.375,-14.125,-60.875,0.70
234.375,-14.125,-60.875,0.70
234.375,-14.125,-60.875,0.90
234.375,-14.125,-60.875,0.90
234.375,-14.125,-60.875,0.90
234.375,-14.125,-60.875,0.90
234.375,-14.125,-60.875,0.90
234.375,-14.125,-60.875,0.90
234.375,-14.125,-60.875,0.90
234.375,-14.125,-60.875,0.90
234.375,-14.125,-60.875,0.90
234.375,-14.125,-60.875,0.90
234.375,-14.125,-60.875,0.90
234.375,-14.125,-60.875,0.90
234.375,-14.125,-60.875,0.90
234.375,-14.125,-60.875,0.90
234.375,-14.125,-60.8125,1.17
234.375,-14.125,-60.8125,1.17
234.375,-14.125,-60.8125,1.17
234.375,-14.125,-60.8125,1.17
234.375,-14.125,-60.8125,1.17
234.375,-14.125,-60.8125,1.17
234.375,-14.125,-60.8125,1.17
234.375,-14.125,-60.8125,1.17
234.375,-14.125,-60.8125,1.17
234.375,-14.125,-60.8125,1.17
234.375,-14.125,-60.8125,1.17
234.375,-14.125,-60.8125,1.17
234.375,-14.125,-60.8125,1.17
234.375,-14.125,-60.8125,1.17
234.375,-14.125,-60.8125,1.17
234.375,-14.125,-60.8125,1.17
234.375,-14.125,-60.8125,1.50
234.375,-14.125,-60.8125,1.50
234.375,-14.125,-60.8125,1.50
234.375,-14.125,-60.8125,1.50
234.375,-14.125,-60.8125,1.50
234.375,-14.125,-60.8125,1.50
234.375,-14.125,-60.8125,1.50
234.375,-14.125,-60.8125,1.50
234.375,-14.125,-60.8125,1.50
234.375,-14.125,-60.8125,1.50
234.375,-14.125,-60.8125,1.50
234.375,-14.125,-60.8125,1.50
234.375,-14.125,-60.8125,1.50
234.375,-14.125,-60.8125,1.50
234.375,-14.125,-60.8125,1.50
234.375,-14.125,-60.8125,1.50
234.375,-14.125,-60.8125,1.50
234.375,-14.0625,-60.75,1.83
234.375,-14.0625,-60.75,1.83
234.375,-14.0625,-60.75,1.83
234.375,-14.0625,-60.75,1.83
234.375,-14.0625,-60.75,1.83
234.375,-14.0625,-60.75,1.83
234.375,-14.0625,-60.75,1.83
234.375,-14.0625,-60.75,1.83
234.375,-14.0625,-60.75,1.83
234.375,-14.0625,-60.75,1.83
234.375,-14.0625,-60.75,1.83
234.375,-14.0625,-60.75,1.83
234.375,-14.0625,-60.75,1.83
234.375,-14.0625,-60.75,1.83
234.375,-14.0625,-60.75,1.83
234.375,-14.0625,-60.75,1.83
234.375,-14.0625,-60.75,1.83
234.375,-14.0625,-60.6875,2.17
234.375,-14.0625,-60.6875,2.17
234.375,-14.0625,-60.6875,2.17
234.375,-14.0625,-60.6875,2.17
234.375,-14.0625,-60.6875,2.17
234.375,-14.0625,-60.6875,2.17
234.375,-14.0625,-60.6875,2.17
234.375,-14.0625,-60.6875,2.17
234.375,-14.0625,-60.6875,2.17
234.375,-14.0625,-60.6875,2.17
234.375,-14.0625,-60.6875,2.17
234.375,-14.0625,-60.6875,2.17
234.375,-14.0625,-60.6875,2.17
234.375,-14.0625,-60.6875,2.17
234.375,-14.0625,-60.6875,2.17
234.375,-14.0625,-60.6875,2.17
234.375,-14.0625,-60.6875,2.50
234.375,-14.0625,-60.6875,2.50
234.375,-14.0625,-60.6875,2.50
234.375,-14.0625,-60.6875,2.50
234.375,-14.0625,-60.6875,2.50
234.375,-14.0625,-60.6875,2.50
234.375,-14.0625,-60.6875,2.50
234.375,-14.0625,-60.6875,2.50
234.375,-14.0625,-60.6875,2.50
234.375,-14.0625,-60.6875,2.50
234.375,-14.0625,-60.6875,2.50
234.375,-14.0625,-60.6875,2.50
234.375,-14.0625,-60.6875,2.50
234.375,-14.0625,-60.6875,2.50
234.375,-14.0625,-60.6875,2.50
234.375,-14.0625,-60.6875,2.50
234.375,-14.0625,-60.6875,2.50
234.375,-14.0,-60.6875,2.83
234.375,-14.0,-60.6875,2.83
234.375,-14.0,-60.6875,2.83
234.375,-14.0,-60.6875,2.83
234.375,-14.0,-60.6875,2.83
234.375,-14.0,-60.6875,2.83
234.375,-14.0,-60.6875,2.83
234.375,-14.0,-60.6875,2.83
234.375,-14.0,-60.6875,2.83
234.375,-14.0,-60.6875,2.83
234.375,-14.0,-60.6875,2.83
234.375,-14.0,-60.6875,2.83
234.375,-14.0,-60.6875,2.83
234.375,-14.0,-60.6875,2.83
234.375,-14.0,-60.6875,2.83
234.375,-14.0,-60.6875,2.83
234.375,-14.0,-60.6875,2.83
234.375,-14.0,-60.6875,3.17
234.375,-14.0,-60.6875,3.17
234.375,-14.0,-60.6875,3.17
234.375,-14.0,-60.6875,3.17
234.375,-14.0,-60.6875,3.17
234.375,-14.0,-60.6875,3.17
234.375,-14.0,-60.6875,3.17
234.375,-14.0,-60.6875,3.17
234.375,-14.0,-60.6875,3.17
234.375,-14.0,-60.6875,3.17
234.375,-14.0,-60.6875,3.17
234.375,-14.0,-60.6875,3.17
234.375,-14.0,-60.6875,3.17
234.375,-14.0,-60.6875,3.17
234.375,-14.0,-60.6875,3.17
234.375,-14.0,-60.6875,3.17
234.3125,-14.0,-60.625,3.50
234.3125,-14.0,-60.625,3.50
234.3125,-14.0,-60.625,3.50
234.3125,-14.0,-60.625,3.50
234.3125,-14.0,-60.625,3.50
234.3125,-14.0,-60.625,3.50
234.3125,-14.0,-60.625,3.50
234.3125,-14.0,-60.625,3.50
234.3125,-14.0,-60.625,3.50
234.3125,-14.0,-60.625,3.50
234.3125,-14.0,-60.625,3.50
234.3125,-14.0,-60.625,3.50
234.3125,-14.0,-60.625,3.50
234.3125,-14.0,-60.625,3.50
234.3125,-14.0,-60.625,3.50
234.3125,-14.0,-60.625,3.50
234.3125,-14.0,-60.625,3.50
234.3125,-14.0,-60.625,3.83
234.3125,-14.0,-60.625,3.83
234.3125,-14.0,-60.625,3.83
234.3125,-14.0,-60.625,3.83
234.3125,-14.0,-60.625,3.83
234.3125,-14.0,-60.625,3.83
234.3125,-14.0,-60.625,3.83
234.3125,-14.0,-60.625,3.83
234.3125,-14.0,-60.625,3.83
234.3125,-14.0,-60.625,3.83
234.3125,-14.0,-60.625,3.83
234.3125,-14.0,-60.625,3.83
234.3125,-14.0,-60.625,3.83
234.3125,-14.0,-60.625,3.83
234.3125,-14.0,-60.625,3.83
234.3125,-14.0,-60.625,3.83
234.3125,-14.0,-60.625,3.83
234.3125,-13.9375,-60.5625,4.17
234.3125,-13.9375,-60.5625,4.17
234.3125,-13.9375,-60.5625,4.17
234.3125,-13.9375,-60.5625,4.17
234.3125,-13.9375,-60.5625,4.17
234.3125,-13.9375,-60.5625,4.17
234.3125,-13.9375,-60.5625,4.17
234.3125,-13.9375,-60.5625,4.17
234.3125,-13.9375,-60.5625,4.17
234.3125,-13.9375,-60.5625,4.17
234.3125,-13.9375,-60.5625,4.17
234.3125,-13.9375,-60.5625,4.17
234.3125,-13.9375,-60.5625,4.17
234.3125,-13.9375,-60.5625,4.17
234.3125,-13.9375,-60.5625,4.17
234.3125,-13.9375,-60.5625,4.17
234.3125,-13.9375,-60.5625,4.50
234.3125,-13.9375,-60.5625,4.50
234.3125,-13.9375,-60.5625,4.50
234.3125,-13.9375,-60.5625,4.50
234.3125,-13.9375,-60.5625,4.50
234.3125,-13.9375,-60.5625,4.50
234.3125,-13.9375,-60.5625,4.50
234.3125,-13.9375,-60.5625,4.50
234.3125,-13.9375,-60.5625,4.50
234.3125,-13.9375,-60.5625,4.50
234.3125,-13.9375,-60.5625,4.50
234.3125,-13.9375,-60.5625,4.50
234.3125,-13.9375,-60.5625,4.50
234.3125,-13.9375,-60.5625,4.50
234.3125,-13.9375,-60.5625,4.50
234.3125,-13.9375,-60.5625,4.50
234.3125,-13.9375,-60.5625,4.50
234.3125,-13.9375,-60.5625,4.83
234.3125,-13.9375,-60.5625,4.83
234.3125,-13.9375,-60.5625,4.83
234.3125,-13.9375,-60.5625,4.83
234.3125,-13.9375,-60.5625,4.83
234.3125,-13.9375,-60.5625,4.83
234.3125,-13.9375,-60.5625,4.83
234.3125,-13.9375,-60.5625,4.83
234.3125,-13.9375,-60.5625,4.83
234.3125,-13.9375,-60.5625,4.83
234.3125,-13.9375,-60.5625,4.83
234.3125,-13.9375,-60.5625,4.83
234.3125,-13.9375,-60.5625,4.83
234.3125,-13.9375,-60.5625,4.83
234.3125,-13.9375,-60.5625,4.83
234.3125,-13.9375,-60.5625,4.83
234.3125,-13.9375,-60.5625,4.83
234.25,-13.875,-60.5,5.17
234.25,-13.875,-60.5,5.17
234.25,-13.875,-60.5,5.17
234.25,-13.875,-60.5,5.17
234.25,-13.875,-60.5,5.17
234.25,-13.875,-60.5,5.17
234.25,-13.875,-60.5,5.17
234.25,-13.875,-60.5,5.17
234.25,-13.875,-60.5,5.17
234.25,-13.875,-60.5,5.17
234.25,-13.875,-60.5,5.17
234.25,-13.875,-60.5,5.17
234.25,-13.875,-60.5,5.17
234.25,-13.875,-60.5,5.17
234.25,-13.875,-60.5,5.17
234.25,-13.875,-60.5,5.17
234.25,-13.875,-60.5,5.50
234.25,-13.875,-60.5,5.50
234.25,-13.875,-60.5,5.50
234.25,-13.875,-60.5,5.50
234.25,-13.875,-60.5,5.50
234.25,-13.875,-60.5,5.50
234.25,-13.875,-60.5,5.50
234.25,-13.875,-60.5,5.50
234.25,-13.875,-60.5,5.50
234.25,-13.875,-60.5,5.50
234.25,-13.875,-60.5,5.50
234.25,-13.875,-60.5,5.50
234.25,-13.875,-60.5,5.50
234.25,-13.875,-60.5,5.50
234.25,-13.875,-60.5,5.50
234.25,-13.875,-60.5,5.50
234.25,-13.875,-60.5,5.50
234.25,-13.8125,-60.4375,5.83
234.25,-13.8125,-60.4375,5.83
234.25,-13.8125,-60.4375,5.83
234.25,-13.8125,-60.4375,5.83
234.25,-13.8125,-60.4375,5.83
234.25,-13.8125,-60.4375,5.83
234.25,-13.8125,-60.4375,5.83
234.25,-13.8125,-60.4375,5.83
234.25,-13.8125,-60.4375,5.83
234.25,-13.8125,-60.4375,5.83
234.25,-13.8125,-60.4375,5.83
234.25,-13.8125,-60.4375,5.83
234.25,-13.8125,-60.4375,5.83
234.25,-13.8125,-60.4375,5.83
234.25,-13.8125,-60.4375,5.83
234.25,-13.8125,-60.4375,5.83
234.25,-13.8125,-60.4375,5.83
234.25,-13.8125,-60.4375,6.17
234.25,-13.8125,-60.4375,6.17
234.25,-13.8125,-60.4375,6.17
234.25,-13.8125,-60.4375,6.17
234.25,-13.8125,-60.4375,6.17
234.25,-13.8125,-60.4375,6.17
234.25,-13.8125,-60.4375,6.17
234.25,-13.8125,-60.4375,6.17
234.25,-13.8125,-60.4375,6.17
234.25,-13.8125,-60.4375,6.17
234.25,-13.8125,-60.4375,6.17
234.25,-13.8125,-60.4375,6.17
234.25,-13.8125,-60.4375,6.17
234.25,-13.8125,-60.4375,6.17
234.25,-13.8125,-60.4375,6.17
234.25,-13.8125,-60.4375,6.17
234.25,-13.75,-60.375,6.50
234.25,-13.75,-60.375,6.50
234.25,-13.75,-60.375,6.50
234.25,-13.75,-60.375,6.50
234.25,-13.75,-60.375,6.50
234.25,-13.75,-60.375,6.50
234.25,-13.75,-60.375,6.50
234.25,-13.75,-60.375,6.50
234.25,-13.75,-60.375,6.50
234.25,-13.75,-60.375,6.50
234.25,-13.75,-60.375,6.50
234.25,-13.75,-60.375,6.50
234.25,-13.75,-60.375,6.50
234.25,-13.75,-60.375,6.50
234.25,-13.75,-60.375,6.50
234.25,-13.75,-60.375,6.50
234.25,-13.75,-60.375,6.50
234.25,-13.75,-60.375,6.83
234.25,-13.75,-60.375,6.83
234.25,-13.75,-60.375,6.83
234.25,-13.75,-60.375,6.83
234.25,-13.75,-60.375,6.83
234.25,-13.75,-60.375,6.83
234.25,-13.75,-60.375,6.83
234.25,-13.75,-60.375,6.83
234.25,-13.75,-60.375,6.83
234.25,-13.75,-60.375,6.83
234.25,-13.75,-60.375,6.83
234.25,-13.75,-60.375,6.83
234.25,-13.75,-60.375,6.83
234.25,-13.75,-60.375,6.83
234.25,-13.75,-60.375,6.83
234.25,-13.75,-60.375,6.83
234.25,-13.75,-60.375,6.83
234.1875,-13.75,-60.3125,7.17
234.1875,-13.75,-60.3125,7.17
234.1875,-13.75,-60.3125,7.17
234.1875,-13.75,-60.3125,7.17
234.1875,-13.75,-60.3125,7.17
234.1875,-13.75,-60.3125,7.17
234.1875,-13.75,-60.3125,7.17
234.1875,-13.75,-60.3125,7.17
234.1875,-13.75,-60.3125,7.17
234.1875,-13.75,-60.3125,7.17
234.1875,-13.75,-60.3125,7.17
234.1875,-13.75,-60.3125,7.17
234.1875,-13.75,-60.3125,7.17
234.1875,-13.75,-60.3125,7.17
234.1875,-13.75,-60.3125,7.17
234.1875,-13.75,-60.3125,7.17
234.1875,-13.75,-60.3125,7.50
234.1875,-13.75,-60.3125,7.50
234.1875,-13.75,-60.3125,7.50
234.1875,-13.75,-60.3125,7.50
234.1875,-13.75,-60.3125,7.50
234.1875,-13.75,-60.3125,7.50
234.1875,-13.75,-60.3125,7.50
234.1875,-13.75,-60.3125,7.50
234.1875,-13.75,-60.3125,7.50
234.1875,-13.75,-60.3125,7.50
234.1875,-13.75,-60.3125,7.50
234.1875,-13.75,-60.3125,7.50
234.1875,-13.75,-60.3125,7.50
234.1875,-13.75,-60.3125,7.50
234.1875,-13.75,-60.3125,7.50
234.1875,-13.75,-60.3125,7.50
234.1875,-13.75,-60.3125,7.50
234.1875,-13.6875,-60.25,7.83
234.1875,-13.6875,-60.25,7.83
234.1875,-13.6875,-60.25,7.83
234.1875,-13.6875,-60.25,7.83
234.1875,-13.6875,-60.25,7.83
234.1875,-13.6875,-60.25,7.83
234.1875,-13.6875,-60.25,7.83
234.1875,-13.6875,-60.25,7.83
234.1875,-13.6875,-60.25,7.83
234.1875,-13.6875,-60.25,7.83
234.1875,-13.6875,-60.25,7.83
234.1875,-13.6875,-60.25,7.83
234.1875,-13.6875,-60.25,7.83
234.1875,-13.6875,-60.25,7.83
234.1875,-13.6875,-60.25,7.83
234.1875,-13.6875,-60.25,7.83
234.1875,-13.6875,-60.25,7.83
234.1875,-13.625,-60.1875,8.17
234.1875,-13.625,-60.1875,8.17
234.1875,-13.625,-60.1875,8.17
234.1875,-13.625,-60.1875,8.17
234.1875,-13.625,-60.1875,8.17
234.1875,-13.625,-60.1875,8.17
234.1875,-13.625,-60.1875,8.17
234.1875,-13.625,-60.1875,8.17
234.1875,-13.625,-60.1875,8.17
234.1875,-13.625,-60.1875,8.17
234.1875,-13.625,-60.1875,8.17
234.1875,-13.625,-60.1875,8.17
234.1875,-13.625,-60.1875,8.17
234.1875,-13.625,-60.1875,8.17
234.1875,-13.625,-60.1875,8.17
234.1875,-13.625,-60.1875,8.17
234.1875,-13.625,-60.1875,8.50
234.1875,-13.625,-60.1875,8.50
234.1875,-13.625,-60.1875,8.50
234.1875,-13.625,-60.1875,8.50
234.1875,-13.625,-60.1875,8.50
234.1875,-13.625,-60.1875,8.50
234.1875,-13.625,-60.1875,8.50
234.1875,-13.625,-60.1875,8.50
234.1875,-13.625,-60.1875,8.50
234.1875,-13.625,-60.1875,8.50
234.1875,-13.625,-60.1875,8.50
234.1875,-13.625,-60.1875,8.50
234.1875,-13.625,-60.1875,8.50
234.1875,-13.625,-60.1875,8.50
234.1875,-13.625,-60.1875,8.50
234.1875,-13.625,-60.1875,8.50
234.1875,-13.625,-60.1875,8.50
234.125,-13.5625,-60.125,8.83
234.125,-13.5625,-60.125,8.83
234.125,-13.5625,-60.125,8.83
234.125,-13.5625,-60.125,8.83
234.125,-13.5625,-60.125,8.83
234.125,-13.5625,-60.125,8.83
234.125,-13.5625,-60.125,8.83
234.125,-13.5625,-60.125,8.83
234.125,-13.5625,-60.125,8.83
234.125,-13.5625,-60.125,8.83
234.125,-13.5625,-60.125,8.83
234.125,-13.5625,-60.125,8.83
234.125,-13.5625,-60.125,8.83
234.125,-13.5625,-60.125,8.83
234.125,-13.5625,-60.125,8.83
234.125,-13.5625,-60.125,8.83
234.125,-13.5625,-60.125,8.83
234.125,-13.5625,-60.125,9.17
234.125,-13.5625,-60.125,9.17
234.125,-13.5625,-60.125,9.17
234.125,-13.5625,-60.125,9.17
234.125,-13.5625,-60.125,9.17
234.125,-13.5625,-60.125,9.17
234.125,-13.5625,-60.125,9.17
234.125,-13.5625,-60.125,9.17
234.125,-13.5625,-60.125,9.17
234.125,-13.5625,-60.125,9.17
234.125,-13.5625,-60.125,9.17
234.125,-13.5625,-60.125,9.17
234.125,-13.5625,-60.125,9.17
234.125,-13.5625,-60.125,9.17
234.125,-13.5625,-60.125,9.17
234.125,-13.5625,-60.125,9.17
234.0625,-13.5625,-60.0625,9.50
234.0625,-13.5625,-60.0625,9.50
234.0625,-13.5625,-60.0625,9.50
234.0625,-13.5625,-60.0625,9.50
234.0625,-13.5625,-60.0625,9.50
234.0625,-13.5625,-60.0625,9.50
234.0625,-13.5625,-60.0625,9.50
234.0625,-13.5625,-60.0625,9.50
234.0625,-13.5625,-60.0625,9.50
234.0625,-13.5625,-60.0625,9.50
234.0625,-13.5625,-60.0625,9.50
234.0625,-13.5625,-60.0625,9.50
234.0625,-13.5625,-60.0625,9.50
234.0625,-13.5625,-60.0625,9.50
234.0625,-13.5625,-60.0625,9.50
234.0625,-13.5625,-60.0625,9.50
234.0625,-13.5625,-60.0625,9.50
234.0625,-13.5625,-60.0625,9.83
234.0625,-13.5625,-60.0625,9.83
234.0625,-13.5625,-60.0625,9.83
234.0625,-13.5625,-60.0625,9.83
234.0625,-13.5625,-60.0625,9.83
234.0625,-13.5625,-60.0625,9.83
234.0625,-13.5625,-60.0625,9.83
234.0625,-13.5625,-60.0625,9.83
234.0625,-13.5625,-60.0625,9.83
234.0625,-13.5625,-60.0625,9.83
234.0625,-13.5625,-60.0625,9.83
234.0625,-13.5625,-60.0625,9.83
234.0625,-13.5625,-60.0625,9.83
234.0625,-13.5625,-60.0625,9.83
234.0625,-13.5625,-60.0625,9.83
234.0625,-13.5625,-60.0625,9.83
234.0625,-13.5625,-60.0625,9.83
234.0625,-13.5,-60.0,10.17
234.0625,-13.5,-60.0,10.17
234.0625,-13.5,-60.0,10.17
234.0625,-13.5,-60.0,10.17
234.0625,-13.5,-60.0,10.17
234.0625,-13.5,-60.0,10.17
234.0625,-13.5,-60.0,10.17
234.0625,-13.5,-60.0,10.17
234.0625,-13.5,-60.0,10.17
234.0625,-13.5,-60.0,10.17
234.0625,-13.5,-60.0,10.17
234.0625,-13.5,-60.0,10.17
234.0625,-13.5,-60.0,10.17
234.0625,-13.5,-60.0,10.17
234.0625,-13.5,-60.0,10.17
234.0625,-13.5,-60.0,10.17
234.0625,-13.5,-60.0,10.50
234.0625,-13.5,-60.0,10.50
234.0625,-13.5,-60.0,10.50
234.0625,-13.5,-60.0,10.50
234.0625,-13.5,-60.0,10.50
234.0625,-13.5,-60.0,10.50
234.0625,-13.5,-60.0,10.50
234.0625,-13.5,-60.0,10.50
234.0625,-13.5,-60.0,10.50
234.0625,-13.5,-60.0,10.50
234.0625,-13.5,-60.0,10.50
234.0625,-13.5,-60.0,10.50
234.0625,-13.5,-60.0,10.50
234.0625,-13.5,-60.0,10.50
234.0625,-13.5,-60.0,10.50
234.0625,-13.5,-60.0,10.50
234.0625,-13.5,-60.0,10.50
234.0,-13.4375,-59.9375,10.83
234.0,-13.4375,-59.9375,10.83
234.0,-13.4375,-59.9375,10.83
234.0,-13.4375,-59.9375,10.83
234.0,-13.4375,-59.9375,10.83
234.0,-13.4375,-59.9375,10.83
234.0,-13.4375,-59.9375,10.83
234.0,-13.4375,-59.9375,10.83
234.0,-13.4375,-59.9375,10.83
234.0,-13.4375,-59.9375,10.83
234.0,-13.4375,-59.9375,10.83
234.0,-13.4375,-59.9375,10.83
234.0,-13.4375,-59.9375,10.83
234.0,-13.4375,-59.9375,10.83
234.0,-13.4375,-59.9375,10.83
234.0,-13.4375,-59.9375,10.83
234.0,-13.4375,-59.9375,10.83
233.9375,-13.4375,-59.875,11.17
233.9375,-13.4375,-59.875,11.17
233.9375,-13.4375,-59.875,11.17
233.9375,-13.4375,-59.875,11.17
233.9375,-13.4375,-59.875,11.17
233.9375,-13.4375,-59.875,11.17
233.9375,-13.4375,-59.875,11.17
233.9375,-13.4375,-59.875,11.17
233.9375,-13.4375,-59.875,11.17
233.9375,-13.4375,-59.875,11.17
233.9375,-13.4375,-59.875,11.17
233.9375,-13.4375,-59.875,11.17
233.9375,-13.4375,-59.875,11.17
233.9375,-13.4375,-59.875,11.17
233.9375,-13.4375,-59.875,11.17
233.9375,-13.4375,-59.875,11.17
233.9375,-13.4375,-59.875,11.50
233.9375,-13.4375,-59.875,11.50
233.9375,-13.4375,-59.875,11.50
233.9375,-13.4375,-59.875,11.50
233.9375,-13.4375,-59.875,11.50
233.9375,-13.4375,-59.875,11.50
233.9375,-13.4375,-59.875,11.50
233.9375,-13.4375,-59.875,11.50
233.9375,-13.4375,-59.875,11.50
233.9375,-13.4375,-59.875,11.50
233.9375,-13.4375,-59.875,11.50
233.9375,-13.4375,-59.875,11.50
233.9375,-13.4375,-59.875,11.50
233.9375,-13.4375,-59.875,11.50
233.9375,-13.4375,-59.875,11.50
233.9375,-13.4375,-59.875,11.50
233.9375,-13.4375,-59.875,11.50
233.9375,-13.375,-59.875,11.83
233.9375,-13.375,-59.875,11.83
233.9375,-13.375,-59.875,11.83
233.9375,-13.375,-59.875,11.83
233.9375,-13.375,-59.875,11.83
233.9375,-13.375,-59.875,11.83
233.9375,-13.375,-59.875,11.83
233.9375,-13.375,-59.875,11.83
233.9375,-13.375,-59.875,11.83
233.9375,-13.375,-59.875,11.83
233.9375,-13.375,-59.875,11.83
233.9375,-13.375,-59.875,11.83
233.9375,-13.375,-59.875,11.83
233.9375,-13.375,-59.875,11.83
233.9375,-13.375,-59.875,11.83
233.9375,-13.375,-59.875,11.83
233.9375,-13.375,-59.875,11.83
233.9375,-13.375,-59.875,12.17
233.9375,-13.375,-59.875,12.17
233.9375,-13.375,-59.875,12.17
233.9375,-13.375,-59.875,12.17
233.9375,-13.375,-59.875,12.17
233.9375,-13.375,-59.875,12.17
233.9375,-13.375,-59.875,12.17
233.9375,-13.375,-59.875,12.17
233.9375,-13.375,-59.875,12.17
233.9375,-13.375,-59.875,12.17
233.9375,-13.375,-59.875,12.17
233.9375,-13.375,-59.875,12.17
233.9375,-13.375,-59.875,12.17
233.9375,-13.375,-59.875,12.17
233.9375,-13.375,-59.875,12.17
233.9375,-13.375,-59.875,12.17
233.875,-13.375,-59.8125,12.50
233.875,-13.375,-59.8125,12.50
233.875,-13.375,-59.8125,12.50
233.875,-13.375,-59.8125,12.50
233.875,-13.375,-59.8125,12.50
233.875,-13.375,-59.8125,12.50
233.875,-13.375,-59.8125,12.50
233.875,-13.375,-59.8125,12.50
233.875,-13.375,-59.8125,12.50
233.875,-13.375,-59.8125,12.50
233.875,-13.375,-59.8125,12.50
233.875,-13.375,-59.8125,12.50
233.875,-13.375,-59.8125,12.50
233.875,-13.375,-59.8125,12.50
233.875,-13.375,-59.8125,12.50
233.875,-13.375,-59.8125,12.50
233.875,-13.375,-59.8125,12.50
233.875,-13.375,-59.8125,12.83
233.875,-13.375,-59.8125,12.83
233.875,-13.375,-59.8125,12.83
233.875,-13.375,-59.8125,12.83
233.875,-13.375,-59.8125,12.83
233.875,-13.375,-59.8125,12.83
233.875,-13.375,-59.8125,12.83
233.875,-13.375,-59.8125,12.83
233.875,-13.375,-59.8125,12.83
233.875,-13.375,-59.8125,12.83
233.875,-13.375,-59.8125,12.83
233.875,-13.375,-59.8125,12.83
233.875,-13.375,-59.8125,12.83
233.875,-13.375,-59.8125,12.83
233.875,-13.375,-59.8125,12.83
233.875,-13.375,-59.8125,12.83
233.875,-13.375,-59.8125,12.83
233.875,-13.375,-59.8125,13.17
233.875,-13.375,-59.8125,13.17
233.875,-13.375,-59.8125,13.17
233.875,-13.375,-59.8125,13.17
233.875,-13.375,-59.8125,13.17
233.875,-13.375,-59.8125,13.17
233.875,-13.375,-59.8125,13.17
233.875,-13.375,-59.8125,13.17
233.875,-13.375,-59.8125,13.17
233.875,-13.375,-59.8125,13.17
233.875,-13.375,-59.8125,13.17
233.875,-13.375,-59.8125,13.17
233.875,-13.375,-59.8125,13.17
233.875,-13.375,-59.8125,13.17
233.875,-13.375,-59.8125,13.17
233.875,-13.375,-59.8125,13.17
233.875,-13.375,-59.8125,13.50
233.875,-13.375,-59.8125,13.50
233.875,-13.375,-59.8125,13.50
233.875,-13.375,-59.8125,13.50
233.875,-13.375,-59.8125,13.50
233.875,-13.375,-59.8125,13.50
233.875,-13.375,-59.8125,13.50
233.875,-13.375,-59.8125,13.50
233.875,-13.375,-59.8125,13.50
233.875,-13.375,-59.8125,13.50
233.875,-13.375,-59.8125,13.50
233.875,-13.375,-59.8125,13.50
233.875,-13.375,-59.8125,13.50
233.875,-13.375,-59.8125,13.50
233.875,-13.375,-59.8125,13.50
233.875,-13.375,-59.8125,13.50
233.875,-13.375,-59.8125,13.50
233.8125,-13.3125,-59.8125,13.83
233.8125,-13.3125,-59.8125,13.83
233.8125,-13.3125,-59.8125,13.83
233.8125,-13.3125,-59.8125,13.83
233.8125,-13.3125,-59.8125,13.83
233.8125,-13.3125,-59.8125,13.83
233.8125,-13.3125,-59.8125,13.83
233.8125,-13.3125,-59.8125,13.83
233.8125,-13.3125,-59.8125,13.83
233.8125,-13.3125,-59.8125,13.83
233.8125,-13.3125,-59.8125,13.83
233.8125,-13.3125,-59.8125,13.83
233.8125,-13.3125,-59.8125,13.83
233.8125,-13.3125,-59.8125,13.83
233.8125,-13.3125,-59.8125,13.83
233.8125,-13.3125,-59.8125,13.83
233.8125,-13.3125,-59.8125,13.83
233.8125,-13.375,-59.8125,14.17
233.8125,-13.375,-59.8125,14.17
233.8125,-13.375,-59.8125,14.17
233.8125,-13.375,-59.8125,14.17
233.8125,-13.375,-59.8125,14.17
233.8125,-13.375,-59.8125,14.17
233.8125,-13.375,-59.8125,14.17
233.8125,-13.375,-59.8125,14.17
233.8125,-13.375,-59.8125,14.17
233.8125,-13.375,-59.8125,14.17
233.8125,-13.375,-59.8125,14.17
233.8125,-13.375,-59.8125,14.17
233.8125,-13.375,-59.8125,14.17
233.8125,-13.375,-59.8125,14.17
233.8125,-13.375,-59.8125,14.17
233.8125,-13.375,-59.8125,14.17
233.8125,-13.375,-59.8125,14.50
233.8125,-13.375,-59.8125,14.50
233.8125,-13.375,-59.8125,14.50
233.8125,-13.375,-59.8125,14.50
233.8125,-13.375,-59.8125,14.50
233.8125,-13.375,-59.8125,14.50
233.8125,-13.375,-59.8125,14.50
233.8125,-13.375,-59.8125,14.50
233.8125,-13.375,-59.8125,14.50
233.8125,-13.375,-59.8125,14.50
233.8125,-13.375,-59.8125,14.50
233.8125,-13.375,-59.8125,14.50
233.8125,-13.375,-59.8125,14.50
233.8125,-13.375,-59.8125,14.50
233.8125,-13.375,-59.8125,14.50
233.8125,-13.375,-59.8125,14.50
233.8125,-13.375,-59.8125,14.50
233.8125,-13.375,-59.8125,14.83
233.8125,-13.375,-59.8125,14.83
233.8125,-13.375,-59.8125,14.83
233.8125,-13.375,-59.8125,14.83
233.8125,-13.375,-59.8125,14.83
233.8125,-13.375,-59.8125,14.83
233.8125,-13.375,-59.8125,14.83
233.8125,-13.375,-59.8125,14.83
233.8125,-13.375,-59.8125,14.83
233.8125,-13.375,-59.8125,14.83
233.8125,-13.375,-59.8125,14.83
233.8125,-13.375,-59.8125,14.83
233.8125,-13.375,-59.8125,14.83
233.8125,-13.375,-59.8125,14.83
233.8125,-13.375,-59.8125,14.83
233.8125,-13.375,-59.8125,14.83
233.8125,-13.375,-59.8125,14.83
233.8125,-13.375,-59.8125,15.17
233.8125,-13.375,-59.8125,15.17
233.8125,-13.375,-59.8125,15.17
233.8125,-13.375,-59.8125,15.17
233.8125,-13.375,-59.8125,15.17
233.8125,-13.375,-59.8125,15.17
233.8125,-13.375,-59.8125,15.17
233.8125,-13.375,-59.8125,15.17
233.8125,-13.375,-59.8125,15.17
233.8125,-13.375,-59.8125,15.17
233.8125,-13.375,-59.8125,15.17
233.8125,-13.375,-59.8125,15.17
233.8125,-13.375,-59.8125,15.17
233.8125,-13.375,-59.8125,15.17
233.8125,-13.375,-59.8125,15.17
233.8125,-13.375,-59.8125,15.17
233.8125,-13.375,-59.8125,15.50
233.8125,-13.375,-59.8125,15.50
233.8125,-13.375,-59.8125,15.50
233.8125,-13.375,-59.8125,15.50
233.8125,-13.375,-59.8125,15.50
233.8125,-13.375,-59.8125,15.50
233.8125,-13.375,-59.8125,15.50
233.8125,-13.375,-59.8125,15.50
233.8125,-13.375,-59.8125,15.50
233.8125,-13.375,-59.8125,15.50
233.8125,-13.375,-59.8125,15.50
233.8125,-13.375,-59.8125,15.50
233.8125,-13.375,-59.8125,15.50
233.8125,-13.375,-59.8125,15.50
233.8125,-13.375,-59.8125,15.50
233.8125,-13.375,-59.8125,15.50
233.8125,-13.375,-59.8125,15.50
233.8125,-13.375,-59.8125,15.83
233.8125,-13.375,-59.8125,15.83
233.8125,-13.375,-59.8125,15.83
233.8125,-13.375,-59.8125,15.83
233.8125,-13.375,-59.8125,15.83
233.8125,-13.375,-59.8125,15.83
233.8125,-13.375,-59.8125,15.83
233.8125,-13.375,-59.8125,15.83
233.8125,-13.375,-59.8125,15.83
233.8125,-13.375,-59.8125,15.83
233.8125,-13.375,-59.8125,15.83
233.8125,-13.375,-59.8125,15.83
233.8125,-13.375,-59.8125,15.83
233.8125,-13.375,-59.8125,15.83
233.8125,-13.375,-59.8125,15.83
233.8125,-13.375,-59.8125,15.83
233.8125,-13.375,-59.8125,15.83
233.75,-13.375,-59.8125,16.17
233.75,-13.375,-59.8125,16.17
233.75,-13.375,-59.8125,16.17
233.75,-13.375,-59.8125,16.17
233.75,-13.375,-59.8125,16.17
233.75,-13.375,-59.8125,16.17
233.75,-13.375,-59.8125,16.17
233.75,-13.375,-59.8125,16.17
233.75,-13.375,-59.8125,16.17
233.75,-13.375,-59.8125,16.17
233.75,-13.375,-59.8125,16.17
233.75,-13.375,-59.8125,16.17
233.75,-13.375,-59.8125,16.17
233.75,-13.375,-59.8125,16.17
233.75,-13.375,-59.8125,16.17
233.75,-13.375,-59.8125,16.17
233.75,-13.375,-59.8125,16.50
233.75,-13.375,-59.8125,16.50
233.75,-13.375,-59.8125,16.50
233.75,-13.375,-59.8125,16.50
233.75,-13.375,-59.8125,16.50
233.75,-13.375,-59.8125,16.50
233.75,-13.375,-59.8125,16.50
233.75,-13.375,-59.8125,16.50
233.75,-13.375,-59.8125,16.50
233.75,-13.375,-59.8125,16.50
233.75,-13.375,-59.8125,16.50
233.75,-13.375,-59.8125,16.50
233.75,-13.375,-59.8125,16.50
233.75,-13.375,-59.8125,16.50
233.75,-13.375,-59.8125,16.50
233.75,-13.375,-59.8125,16.50
233.75,-13.375,-59.8125,16.50
233.75,-13.375,-59.875,16.83
233.75,-13.375,-59.875,16.83
233.75,-13.375,-59.875,16.83
233.75,-13.375,-59.875,16.83
233.75,-13.375,-59.875,16.83
233.75,-13.375,-59.875,16.83
233.75,-13.375,-59.875,16.83
233.75,-13.375,-59.875,16.83
233.75,-13.375,-59.875,16.83
233.75,-13.375,-59.875,16.83
233.75,-13.375,-59.875,16.83
233.75,-13.375,-59.875,16.83
233.75,-13.375,-59.875,16.83
233.75,-13.375,-59.875,16.83
233.75,-13.375,-59.875,16.83
233.75,-13.375,-59.875,16.83
233.75,-13.375,-59.875,16.83
233.75,-13.375,-59.875,17.17
233.75,-13.375,-59.875,17.17
233.75,-13.375,-59.875,17.17
233.75,-13.375,-59.875,17.17
233.75,-13.375,-59.875,17.17
233.75,-13.375,-59.875,17.17
233.75,-13.375,-59.875,17.17
233.75,-13.375,-59.875,17.17
233.75,-13.375,-59.875,17.17
233.75,-13.375,-59.875,17.17
233.75,-13.375,-59.875,17.17
233.75,-13.375,-59.875,17.17
233.75,-13.375,-59.875,17.17
233.75,-13.375,-59.875,17.17
233.75,-13.375,-59.875,17.17
233.75,-13.375,-59.875,17.17
233.75,-13.375,-59.875,17.50
233.75,-13.375,-59.875,17.50
233.75,-13.375,-59.875,17.50
233.75,-13.375,-59.875,17.50
233.75,-13.375,-59.875,17.50
233.75,-13.375,-59.875,17.50
233.75,-13.375,-59.875,17.50
233.75,-13.375,-59.875,17.50
233.75,-13.375,-59.875,17.50
233.75,-13.375,-59.875,17.50
233.75,-13.375,-59.875,17.50
233.75,-13.375,-59.875,17.50
233.75,-13.375,-59.875,17.50
233.75,-13.375,-59.875,17.50
233.75,-13.375,-59.875,17.50
233.75,-13.375,-59.875,17.50
233.75,-13.375,-59.875,17.50
233.75,-13.375,-59.875,17.83
233.75,-13.375,-59.875,17.83
233.75,-13.375,-59.875,17.83
233.75,-13.375,-59.875,17.83
233.75,-13.375,-59.875,17.83
233.75,-13.375,-59.875,17.83
233.75,-13.375,-59.875,17.83
233.75,-13.375,-59.875,17.83
233.75,-13.375,-59.875,17.83
233.75,-13.375,-59.875,17.83
233.75,-13.375,-59.875,17.83
233.75,-13.375,-59.875,17.83
233.75,-13.375,-59.875,17.83
233.75,-13.375,-59.875,17.83
233.75,-13.375,-59.875,17.83
233.75,-13.375,-59.875,17.83
233.75,-13.375,-59.875,17.83
233.75,-13.375,-59.875,18.17
233.75,-13.375,-59.875,18.17
233.75,-13.375,-59.875,18.17
233.75,-13.375,-59.875,18.17
233.75,-13.375,-59.875,18.17
233.75,-13.375,-59.875,18.17
233.75,-13.375,-59.875,18.17
233.75,-13.375,-59.875,18.17
233.75,-13.375,-59.875,18.17
233.75,-13.375,-59.875,18.17
233.75,-13.375,-59.875,18.17
233.75,-13.375,-59.875,18.17
233.75,-13.375,-59.875,18.17
233.75,-13.375,-59.875,18.17
233.75,-13.375,-59.875,18.17
233.75,-13.375,-59.875,18.17
233.75,-13.375,-59.9375,18.50
233.75,-13.375,-59.9375,18.50
233.75,-13.375,-59.9375,18.50
233.75,-13.375,-59.9375,18.50
233.75,-13.375,-59.9375,18.50
233.75,-13.375,-59.9375,18.50
233.75,-13.375,-59.9375,18.50
233.75,-13.375,-59.9375,18.50
233.75,-13.375,-59.9375,18.50
233.75,-13.375,-59.9375,18.50
233.75,-13.375,-59.9375,18.50
233.75,-13.375,-59.9375,18.50
233.75,-13.375,-59.9375,18.50
233.75,-13.375,-59.9375,18.50
233.75,-13.375,-59.9375,18.50
233.75,-13.375,-59.9375,18.50
233.75,-13.375,-59.9375,18.50
233.75,-13.375,-59.9375,18.83
233.75,-13.375,-59.9375,18.83
233.75,-13.375,-59.9375,18.83
233.75,-13.375,-59.9375,18.83
233.75,-13.375,-59.9375,18.83
233.75,-13.375,-59.9375,18.83
233.75,-13.375,-59.9375,18.83
233.75,-13.375,-59.9375,18.83
233.75,-13.375,-59.9375,18.83
233.75,-13.375,-59.9375,18.83
233.75,-13.375,-59.9375,18.83
233.75,-13.375,-59.9375,18.83
233.75,-13.375,-59.9375,18.83
233.75,-13.375,-59.9375,18.83
233.75,-13.375,-59.9375,18.83
233.75,-13.375,-59.9375,18.83
233.75,-13.375,-59.9375,18.83
233.8125,-13.375,-59.9375,19.17
233.8125,-13.375,-59.9375,19.17
233.8125,-13.375,-59.9375,19.17
233.8125,-13.375,-59.9375,19.17
233.8125,-13.375,-59.9375,19.17
233.8125,-13.375,-59.9375,19.17
233.8125,-13.375,-59.9375,19.17
233.8125,-13.375,-59.9375,19.17
233.8125,-13.375,-59.9375,19.17
233.8125,-13.375,-59.9375,19.17
233.8125,-13.375,-59.9375,19.17
233.8125,-13.375,-59.9375,19.17
233.8125,-13.375,-59.9375,19.17
233.8125,-13.375,-59.9375,19.17
233.8125,-13.375,-59.9375,19.17
233.8125,-13.375,-59.9375,19.17
233.8125,-13.375,-59.9375,19.50
233.8125,-13.375,-59.9375,19.50
233.8125,-13.375,-59.9375,19.50
233.8125,-13.375,-59.9375,19.50
233.8125,-13.375,-59.9375,19.50
233.8125,-13.375,-59.9375,19.50
233.8125,-13.375,-59.9375,19.50
233.8125,-13.375,-59.9375,19.50
233.8125,-13.375,-59.9375,19.50
233.8125,-13.375,-59.9375,19.50
233.8125,-13.375,-59.9375,19.50
233.8125,-13.375,-59.9375,19.50
233.8125,-13.375,-59.9375,19.50
233.8125,-13.375,-59.9375,19.50
233.8125,-13.375,-59.9375,19.50
233.8125,-13.375,-59.9375,19.50
233.8125,-13.375,-59.9375,19.50
233.8125,-13.375,-59.9375,19.83
233.8125,-13.375,-59.9375,19.83
233.8125,-13.375,-59.9375,19.83
233.8125,-13.375,-59.9375,19.83
233.8125,-13.375,-59.9375,19.83
233.8125,-13.375,-59.9375,19.83
233.8125,-13.375,-59.9375,19.83
233.8125,-13.375,-59.9375,19.83
233.8125,-13.375,-59.9375,19.83
233.8125,-13.375,-59.9375,19.83
233.8125,-13.375,-59.9375,19.83
233.8125,-13.375,-59.9375,19.83
233.8125,-13.375,-59.9375,19.83
233.8125,-13.375,-59.9375,19.83
233.8125,-13.375,-59.9375,19.83
233.8125,-13.375,-59.9375,19.83
233.8125,-13.375,-59.9375,19.83
233.8125,-13.375,-60.0,20.17
233.8125,-13.375,-60.0,20.17
233.8125,-13.375,-60.0,20.17
233.8125,-13.375,-60.0,20.17
233.8125,-13.375,-60.0,20.17
233.8125,-13.375,-60.0,20.17
233.8125,-13.375,-60.0,20.17
233.8125,-13.375,-60.0,20.17
233.8125,-13.375,-60.0,20.17
233.8125,-13.375,-60.0,20.17
233.8125,-13.375,-60.0,20.17
233.8125,-13.375,-60.0,20.17
233.8125,-13.375,-60.0,20.17
233.8125,-13.375,-60.0,20.17
233.8125,-13.375,-60.0,20.17
233.8125,-13.375,-60.0,20.17
233.8125,-13.375,-60.0,20.50
233.8125,-13.375,-60.0,20.50
233.8125,-13.375,-60.0,20.50
233.8125,-13.375,-60.0,20.50
233.8125,-13.375,-60.0,20.50
233.8125,-13.375,-60.0,20.50
233.8125,-13.375,-60.0,20.50
233.8125,-13.375,-60.0,20.50
233.8125,-13.375,-60.0,20.50
233.8125,-13.375,-60.0,20.50
233.8125,-13.375,-60.0,20.50
233.8125,-13.375,-60.0,20.50
233.8125,-13.375,-60.0,20.50
233.8125,-13.375,-60.0,20.50
233.8125,-13.375,-60.0,20.50
233.8125,-13.375,-60.0,20.50
233.8125,-13.375,-60.0,20.50
233.8125,-13.375,-60.0,20.83
233.8125,-13.375,-60.0,20.83
233.8125,-13.375,-60.0,20.83
233.8125,-13.375,-60.0,20.83
233.8125,-13.375,-60.0,20.83
233.8125,-13.375,-60.0,20.83
233.8125,-13.375,-60.0,20.83
233.8125,-13.375,-60.0,20.83
233.8125,-13.375,-60.0,20.83
233.8125,-13.375,-60.0,20.83
233.8125,-13.375,-60.0,20.83
233.8125,-13.375,-60.0,20.83
233.8125,-13.375,-60.0,20.83
233.8125,-13.375,-60.0,20.83
233.8125,-13.375,-60.0,20.83
233.8125,-13.375,-60.0,20.83
233.8125,-13.375,-60.0,20.83
233.8125,-13.375,-60.0,21.17
233.8125,-13.375,-60.0,21.17
233.8125,-13.375,-60.0,21.17
233.8125,-13.375,-60.0,21.17
233.8125,-13.375,-60.0,21.17
233.8125,-13.375,-60.0,21.17
233.8125,-13.375,-60.0,21.17
233.8125,-13.375,-60.0,21.17
233.8125,-13.375,-60.0,21.17
233.8125,-13.375,-60.0,21.17
233.8125,-13.375,-60.0,21.17
233.8125,-13.375,-60.0,21.17
233.8125,-13.375,-60.0,21.17
233.8125,-13.375,-60.0,21.17
233.8125,-13.375,-60.0,21.17
233.8125,-13.375,-60.0,21.17
233.8125,-13.375,-60.0,21.50
233.8125,-13.375,-60.0,21.50
233.8125,-13.375,-60.0,21.50
233.8125,-13.375,-60.0,21.50
233.8125,-13.375,-60.0,21.50
233.8125,-13.375,-60.0,21.50
233.8125,-13.375,-60.0,21.50
233.8125,-13.375,-60.0,21.50
233.8125,-13.375,-60.0,21.50
233.8125,-13.375,-60.0,21.50
233.8125,-13.375,-60.0,21.50
233.8125,-13.375,-60.0,21.50
233.8125,-13.375,-60.0,21.50
233.8125,-13.375,-60.0,21.50
233.8125,-13.375,-60.0,21.50
233.8125,-13.375,-60.0,21.50
233.8125,-13.375,-60.0,21.50
233.8125,-13.375,-60.0,21.83
233.8125,-13.375,-60.0,21.83
233.8125,-13.375,-60.0,21.83
233.8125,-13.375,-60.0,21.83
233.8125,-13.375,-60.0,21.83
233.8125,-13.375,-60.0,21.83
233.8125,-13.375,-60.0,21.83
233.8125,-13.375,-60.0,21.83
233.8125,-13.375,-60.0,21.83
233.8125,-13.375,-60.0,21.83
233.8125,-13.375,-60.0,21.83
233.8125,-13.375,-60.0,21.83
233.8125,-13.375,-60.0,21.83
233.8125,-13.375,-60.0,21.83
233.8125,-13.375,-60.0,21.83
233.8125,-13.375,-60.0,21.83
233.8125,-13.375,-60.0,21.83
233.8125,-13.375,-60.0,22.17
233.8125,-13.375,-60.0,22.17
233.8125,-13.375,-60.0,22.17
233.8125,-13.375,-60.0,22.17
233.8125,-13.375,-60.0,22.17
233.8125,-13.375,-60.0,22.17
233.8125,-13.375,-60.0,22.17
233.8125,-13.375,-60.0,22.17
233.8125,-13.375,-60.0,22.17
233.8125,-13.375,-60.0,22.17
233.8125,-13.375,-60.0,22.17
233.8125,-13.375,-60.0,22.17
233.8125,-13.375,-60.0,22.17
233.8125,-13.375,-60.0,22.17
233.8125,-13.375,-60.0,22.17
233.8125,-13.375,-60.0,22.17
233.8125,-13.375,-60.0,22.50
233.8125,-13.375,-60.0,22.50
233.8125,-13.375,-60.0,22.50
233.8125,-13.375,-60.0,22.50
233.8125,-13.375,-60.0,22.50
233.8125,-13.375,-60.0,22.50
233.8125,-13.375,-60.0,22.50
233.8125,-13.375,-60.0,22.50
233.8125,-13.375,-60.0,22.50
233.8125,-13.375,-60.0,22.50
233.8125,-13.375,-60.0,22.50
233.8125,-13.375,-60.0,22.50
233.8125,-13.375,-60.0,22.50
233.8125,-13.375,-60.0,22.50
233.8125,-13.375,-60.0,22.50
233.8125,-13.375,-60.0,22.50
233.8125,-13.375,-60.0,22.50
233.75,-13.375,-60.0,22.83
233.75,-13.375,-60.0,22.83
233.75,-13.375,-60.0,22.83
233.75,-13.375,-60.0,22.83
233.75,-13.375,-60.0,22.83
233.75,-13.375,-60.0,22.83
233.75,-13.375,-60.0,22.83
233.75,-13.375,-60.0,22.83
233.75,-13.375,-60.0,22.83
233.75,-13.375,-60.0,22.83
233.75,-13.375,-60.0,22.83
233.75,-13.375,-60.0,22.83
233.75,-13.375,-60.0,22.83
233.75,-13.375,-60.0,22.83
233.75,-13.375,-60.0,22.83
233.75,-13.375,-60.0,22.83
233.75,-13.375,-60.0,22.83
233.75,-13.375,-60.0,23.17
233.75,-13.375,-60.0,23.17
233.75,-13.375,-60.0,23.17
233.75,-13.375,-60.0,23.17
233.75,-13.375,-60.0,23.17
233.75,-13.375,-60.0,23.17
233.75,-13.375,-60.0,23.17
233.75,-13.375,-60.0,23.17
233.75,-13.375,-60.0,23.17
233.75,-13.375,-60.0,23.17
233.75,-13.375,-60.0,23.17
233.75,-13.375,-60.0,23.17
233.75,-13.375,-60.0,23.17
233.75,-13.375,-60.0,23.17
233.75,-13.375,-60.0,23.17
233.75,-13.375,-60.0,23.17
233.75,-13.375,-60.0,23.50
233.75,-13.375,-60.0,23.50
233.75,-13.375,-60.0,23.50
233.75,-13.375,-60.0,23.50
233.75,-13.375,-60.0,23.50
233.75,-13.375,-60.0,23.50
233.75,-13.375,-60.0,23.50
233.75,-13.375,-60.0,23.50
233.75,-13.375,-60.0,23.50
233.75,-13.375,-60.0,23.50
233.75,-13.375,-60.0,23.50
233.75,-13.375,-60.0,23.50
233.75,-13.375,-60.0,23.50
233.75,-13.375,-60.0,23.50
233.75,-13.375,-60.0,23.50
233.75,-13.375,-60.0,23.50
233.75,-13.375,-60.0,23.50
233.75,-13.375,-60.0,23.83
233.75,-13.375,-60.0,23.83
233.75,-13.375,-60.0,23.83
233.75,-13.375,-60.0,23.83
233.75,-13.375,-60.0,23.83
233.75,-13.375,-60.0,23.83
233.75,-13.375,-60.0,23.83
233.75,-13.375,-60.0,23.83
233.75,-13.375,-60.0,23.83
233.75,-13.375,-60.0,23.83
233.75,-13.375,-60.0,23.83
233.75,-13.375,-60.0,23.83
233.75,-13.375,-60.0,23.83
233.75,-13.375,-60.0,23.83
233.75,-13.375,-60.0,23.83
233.75,-13.375,-60.0,23.83
233.75,-13.375,-60.0,23.83
233.75,-13.375,-60.0,24.17
233.75,-13.375,-60.0,24.17
233.75,-13.375,-60.0,24.17
233.75,-13.375,-60.0,24.17
233.75,-13.375,-60.0,24.17
233.75,-13.375,-60.0,24.17
233.75,-13.375,-60.0,24.17
233.75,-13.375,-60.0,24.17
233.75,-13.375,-60.0,24.17
233.75,-13.375,-60.0,24.17
233.75,-13.375,-60.0,24.17
233.75,-13.375,-60.0,24.17
233.75,-13.375,-60.0,24.17
233.75,-13.375,-60.0,24.17
233.75,-13.375,-60.0,24.17
233.75,-13.375,-60.0,24.17
233.75,-13.375,-60.0,24.50
233.75,-13.375,-60.0,24.50
233.75,-13.375,-60.0,24.50
233.75,-13.375,-60.0,24.50
233.75,-13.375,-60.0,24.50
233.75,-13.375,-60.0,24.50
233.75,-13.375,-60.0,24.50
233.75,-13.375,-60.0,24.50
233.75,-13.375,-60.0,24.50
233.75,-13.375,-60.0,24.50
233.75,-13.375,-60.0,24.50
233.75,-13.375,-60.0,24.50
233.75,-13.375,-60.0,24.50
233.75,-13.375,-60.0,24.50
233.75,-13.375,-60.0,24.50
233.75,-13.375,-60.0,24.50
233.75,-13.375,-60.0,24.50
233.75,-13.375,-60.0,24.83
233.75,-13.375,-60.0,24.83
233.75,-13.375,-60.0,24.83
233.75,-13.375,-60.0,24.83
233.75,-13.375,-60.0,24.83
233.75,-13.375,-60.0,24.83
233.75,-13.375,-60.0,24.83
233.75,-13.375,-60.0,24.83
233.75,-13.375,-60.0,24.83
233.75,-13.375,-60.0,24.83
233.75,-13.375,-60.0,24.83
233.75,-13.375,-60.0,24.83
233.75,-13.375,-60.0,24.83
233.75,-13.375,-60.0,24.83
233.75,-13.375,-60.0,24.83
233.75,-13.375,-60.0,24.83
233.75,-13.375,-60.0,24.83
233.75,-13.375,-60.0,25.17
233.75,-13.375,-60.0,25.17
233.75,-13.375,-60.0,25.17
233.75,-13.375,-60.0,25.17
233.75,-13.375,-60.0,25.17
233.75,-13.375,-60.0,25.17
233.75,-13.375,-60.0,25.17
233.75,-13.375,-60.0,25.17
233.75,-13.375,-60.0,25.17
233.75,-13.375,-60.0,25.17
233.75,-13.375,-60.0,25.17
233.75,-13.375,-60.0,25.17
233.75,-13.375,-60.0,25.17
233.75,-13.375,-60.0,25.17
233.75,-13.375,-60.0,25.17
233.75,-13.375,-60.0,25.17
233.75,-13.375,-60.0,25.50
233.75,-13.375,-60.0,25.50
233.75,-13.375,-60.0,25.50
233.75,-13.375,-60.0,25.50
233.75,-13.375,-60.0,25.50
233.75,-13.375,-60.0,25.50
233.75,-13.375,-60.0,25.50
233.75,-13.375,-60.0,25.50
233.75,-13.375,-60.0,25.50
233.75,-13.375,-60.0,25.50
233.75,-13.375,-60.0,25.50
233.75,-13.375,-60.0,25.50
233.75,-13.375,-60.0,25.50
233.75,-13.375,-60.0,25.50
233.75,-13.375,-60.0,25.50
233.75,-13.375,-60.0,25.50
233.75,-13.375,-60.0,25.50
233.75,-13.375,-60.0,25.83
233.75,-13.375,-60.0,25.83
233.75,-13.375,-60.0,25.83
233.75,-13.375,-60.0,25.83
233.75,-13.375,-60.0,25.83
233.75,-13.375,-60.0,25.83
233.75,-13.375,-60.0,25.83
233.75,-13.375,-60.0,25.83
233.75,-13.375,-60.0,25.83
233.75,-13.375,-60.0,25.83
233.75,-13.375,-60.0,25.83
233.75,-13.375,-60.0,25.83
233.75,-13.375,-60.0,25.83
233.75,-13.375,-60.0,25.83
233.75,-13.375,-60.0,25.83
233.75,-13.375,-60.0,25.83
233.75,-13.375,-60.0,25.83
233.75,-13.375,-60.0,26.17
233.75,-13.375,-60.0,26.17
233.75,-13.375,-60.0,26.17
233.75,-13.375,-60.0,26.17
233.75,-13.375,-60.0,26.17
233.75,-13.375,-60.0,26.17
233.75,-13.375,-60.0,26.17
233.75,-13.375,-60.0,26.17
233.75,-13.375,-60.0,26.17
233.75,-13.375,-60.0,26.17
233.75,-13.375,-60.0,26.17
233.75,-13.375,-60.0,26.17
233.75,-13.375,-60.0,26.17
233.75,-13.375,-60.0,26.17
233.75,-13.375,-60.0,26.17
233.75,-13.375,-60.0,26.17
233.75,-13.375,-60.0,26.50
233.75,-13.375,-60.0,26.50
233.75,-13.375,-60.0,26.50
233.75,-13.375,-60.0,26.50
233.75,-13.375,-60.0,26.50
233.75,-13.375,-60.0,26.50
233.75,-13.375,-60.0,26.50
233.75,-13.375,-60.0,26.50
233.75,-13.375,-60.0,26.50
233.75,-13.375,-60.0,26.50
233.75,-13.375,-60.0,26.50
233.75,-13.375,-60.0,26.50
233.75,-13.375,-60.0,26.50
233.75,-13.375,-60.0,26.50
233.75,-13.375,-60.0,26.50
233.75,-13.375,-60.0,26.50
233.75,-13.375,-60.0,26.50
233.75,-13.375,-60.0,26.83
233.75,-13.375,-60.0,26.83
233.75,-13.375,-60.0,26.83
233.75,-13.375,-60.0,26.83
233.75,-13.375,-60.0,26.83
233.75,-13.375,-60.0,26.83
233.75,-13.375,-60.0,26.83
233.75,-13.375,-60.0,26.83
233.75,-13.375,-60.0,26.83
233.75,-13.375,-60.0,26.83
233.75,-13.375,-60.0,26.83
233.75,-13.375,-60.0,26.83
233.75,-13.375,-60.0,26.83
233.75,-13.375,-60.0,26.83
233.75,-13.375,-60.0,26.83
233.75,-13.375,-60.0,26.83
233.75,-13.375,-60.0,26.83
233.75,-13.375,-60.0,27.17
233.75,-13.375,-60.0,27.17
233.75,-13.375,-60.0,27.17
233.75,-13.375,-60.0,27.17
233.75,-13.375,-60.0,27.17
233.75,-13.375,-60.0,27.17
233.75,-13.375,-60.0,27.17
233.75,-13.375,-60.0,27.17
233.75,-13.375,-60.0,27.17
233.75,-13.375,-60.0,27.17
233.75,-13.375,-60.0,27.17
233.75,-13.375,-60.0,27.17
233.75,-13.375,-60.0,27.17
233.75,-13.375,-60.0,27.17
233.75,-13.375,-60.0,27.17
233.75,-13.375,-60.0,27.17
233.75,-13.375,-60.0,27.50
233.75,-13.375,-60.0,27.50
233.75,-13.375,-60.0,27.50
233.75,-13.375,-60.0,27.50
233.75,-13.375,-60.0,27.50
233.75,-13.375,-60.0,27.50
233.75,-13.375,-60.0,27.50
233.75,-13.375,-60.0,27.50
233.75,-13.375,-60.0,27.50
233.75,-13.375,-60.0,27.50
233.75,-13.375,-60.0,27.50
233.75,-13.375,-60.0,27.50
233.75,-13.375,-60.0,27.50
233.75,-13.375,-60.0,27.50
233.75,-13.375,-60.0,27.50
233.75,-13.375,-60.0,27.50
233.75,-13.375,-60.0,27.50
233.75,-13.375,-60.0,27.83
233.75,-13.375,-60.0,27.83
233.75,-13.375,-60.0,27.83
233.75,-13.375,-60.0,27.83
233.75,-13.375,-60.0,27.83
233.75,-13.375,-60.0,27.83
233.75,-13.375,-60.0,27.83
233.75,-13.375,-60.0,27.83
233.75,-13.375,-60.0,27.83
233.75,-13.375,-60.0,27.83
233.75,-13.375,-60.0,27.83
233.75,-13.375,-60.0,27.83
233.75,-13.375,-60.0,27.83
233.75,-13.375,-60.0,27.83
233.75,-13.375,-60.0,27.83
233.75,-13.375,-60.0,27.83
233.75,-13.375,-60.0,27.83
233.6875,-13.375,-60.0,28.17
233.6875,-13.375,-60.0,28.17
233.6875,-13.375,-60.0,28.17
233.6875,-13.375,-60.0,28.17
233.6875,-13.375,-60.0,28.17
233.6875,-13.375,-60.0,28.17
233.6875,-13.375,-60.0,28.17
233.6875,-13.375,-60.0,28.17
233.6875,-13.375,-60.0,28.17
233.6875,-13.375,-60.0,28.17
233.6875,-13.375,-60.0,28.17
233.6875,-13.375,-60.0,28.17
233.6875,-13.375,-60.0,28.17
233.6875,-13.375,-60.0,28.17
233.6875,-13.375,-60.0,28.17
233.6875,-13.375,-60.0,28.17
249.125,-17.6875,-62.0,28.50
249.125,-17.6875,-62.0,28.50
249.125,-17.6875,-62.0,28.50
249.125,-17.6875,-62.0,28.50
249.125,-17.6875,-62.0,28.50
249.125,-17.6875,-62.0,28.50
249.125,-17.6875,-62.0,28.50
249.125,-17.6875,-62.0,28.50
249.125,-17.6875,-62.0,28.50
249.125,-17.6875,-62.0,28.50
249.125,-17.6875,-62.0,28.50
249.125,-17.6875,-62.0,28.50
249.125,-17.6875,-62.0,28.50
249.125,-17.6875,-62.0,28.50
249.125,-17.6875,-62.0,28.50
249.125,-17.6875,-62.0,28.50
249.125,-17.6875,-62.0,28.50
249.125,-17.6875,-62.0,28.83
249.125,-17.6875,-62.0,28.83
249.125,-17.6875,-62.0,28.83
249.125,-17.6875,-62.0,28.83
249.125,-17.6875,-62.0,28.83
249.125,-17.6875,-62.0,28.83
249.125,-17.6875,-62.0,28.83
249.125,-17.6875,-62.0,28.83
249.125,-17.6875,-62.0,28.83
249.125,-17.6875,-62.0,28.83
249.125,-17.6875,-62.0,28.83
249.125,-17.6875,-62.0,28.83
249.125,-17.6875,-62.0,28.83
249.125,-17.6875,-62.0,28.83
249.125,-17.6875,-62.0,28.83
249.125,-17.6875,-62.0,28.83
249.125,-17.6875,-62.0,28.83
249.1875,-17.6875,-62.0,29.17
249.1875,-17.6875,-62.0,29.17
249.1875,-17.6875,-62.0,29.17
249.1875,-17.6875,-62.0,29.17
249.1875,-17.6875,-62.0,29.17
249.1875,-17.6875,-62.0,29.17
249.1875,-17.6875,-62.0,29.17
249.1875,-17.6875,-62.0,29.17
249.1875,-17.6875,-62.0,29.17
249.1875,-17.6875,-62.0,29.17
249.1875,-17.6875,-62.0,29.17
249.1875,-17.6875,-62.0,29.17
249.1875,-17.6875,-62.0,29.17
249.1875,-17.6875,-62.0,29.17
249.1875,-17.6875,-62.0,29.17
249.1875,-17.6875,-62.0,29.17
249.1875,-17.6875,-62.0,29.50
249.1875,-17.6875,-62.0,29.50
249.1875,-17.6875,-62.0,29.50
249.1875,-17.6875,-62.0,29.50
249.1875,-17.6875,-62.0,29.50
249.1875,-17.6875,-62.0,29.50
249.1875,-17.6875,-62.0,29.50
249.1875,-17.6875,-62.0,29.50
249.1875,-17.6875,-62.0,29.50
249.1875,-17.6875,-62.0,29.50
249.1875,-17.6875,-62.0,29.50
249.1875,-17.6875,-62.0,29.50
249.1875,-17.6875,-62.0,29.50
249.1875,-17.6875,-62.0,29.50
249.1875,-17.6875,-62.0,29.50
249.1875,-17.6875,-62.0,29.50
249.1875,-17.6875,-62.0,29.50
249.1875,-17.6875,-62.0,29.83
249.1875,-17.6875,-62.0,29.83
249.1875,-17.6875,-62.0,29.83
249.1875,-17.6875,-62.0,29.83
249.1875,-17.6875,-62.0,29.83
249.1875,-17.6875,-62.0,29.83
249.1875,-17.6875,-62.0,29.83
249.1875,-17.6875,-62.0,29.83
249.1875,-17.6875,-62.0,29.83
249.1875,-17.6875,-62.0,29.83
249.1875,-17.6875,-62.0,29.83
249.1875,-17.6875,-62.0,29.83
249.1875,-17.6875,-62.0,29.83
249.1875,-17.6875,-62.0,29.83
249.1875,-17.6875,-62.0,29.83
249.1875,-17.6875,-62.0,29.83
249.1875,-17.6875,-62.0,29.83
249.1875,-17.6875,-62.0,30.17
249.1875,-17.6875,-62.0,30.17
249.1875,-17.6875,-62.0,30.17
249.1875,-17.6875,-62.0,30.17
249.1875,-17.6875,-62.0,30.17
249.1875,-17.6875,-62.0,30.17
249.1875,-17.6875,-62.0,30.17
249.1875,-17.6875,-62.0,30.17
249.1875,-17.6875,-62.0,30.17
249.1875,-17.6875,-62.0,30.17
249.1875,-17.6875,-62.0,30.17
249.1875,-17.6875,-62.0,30.17
249.1875,-17.6875,-62.0,30.17
249.1875,-17.6875,-62.0,30.17
249.1875,-17.6875,-62.0,30.17
249.1875,-17.6875,-62.0,30.17
249.1875,-17.6875,-62.0,30.50
249.1875,-17.6875,-62.0,30.50
249.1875,-17.6875,-62.0,30.50
249.1875,-17.6875,-62.0,30.50
249.1875,-17.6875,-62.0,30.50
249.1875,-17.6875,-62.0,30.50
249.1875,-17.6875,-62.0,30.50
249.1875,-17.6875,-62.0,30.50
249.1875,-17.6875,-62.0,30.50
249.1875,-17.6875,-62.0,30.50
249.1875,-17.6875,-62.0,30.50
249.1875,-17.6875,-62.0,30.50
249.1875,-17.6875,-62.0,30.50
249.1875,-17.6875,-62.0,30.50
249.1875,-17.6875,-62.0,30.50
249.1875,-17.6875,-62.0,30.50
249.1875,-17.6875,-62.0,30.50
249.25,-17.75,-61.9375,30.83
249.25,-17.75,-61.9375,30.83
249.25,-17.75,-61.9375,30.83
249.25,-17.75,-61.9375,30.83
249.25,-17.75,-61.9375,30.83
249.25,-17.75,-61.9375,30.83
249.25,-17.75,-61.9375,30.83
249.25,-17.75,-61.9375,30.83
249.25,-17.75,-61.9375,30.83
249.25,-17.75,-61.9375,30.83
249.25,-17.75,-61.9375,30.83
249.25,-17.75,-61.9375,30.83
249.25,-17.75,-61.9375,30.83
249.25,-17.75,-61.9375,30.83
249.25,-17.75,-61.9375,30.83
249.25,-17.75,-61.9375,30.83
249.25,-17.75,-61.9375,30.83
249.25,-17.75,-61.9375,31.17
249.25,-17.75,-61.9375,31.17
249.25,-17.75,-61.9375,31.17
249.25,-17.75,-61.9375,31.17
249.25,-17.75,-61.9375,31.17
249.25,-17.75,-61.9375,31.17
249.25,-17.75,-61.9375,31.17
249.25,-17.75,-61.9375,31.17
249.25,-17.75,-61.9375,31.17
249.25,-17.75,-61.9375,31.17
249.25,-17.75,-61.9375,31.17
249.25,-17.75,-61.9375,31.17
249.25,-17.75,-61.9375,31.17
249.25,-17.75,-61.9375,31.17
249.25,-17.75,-61.9375,31.17
249.25,-17.75,-61.9375,31.17
249.25,-17.75,-61.9375,31.50
249.25,-17.75,-61.9375,31.50
249.25,-17.75,-61.9375,31.50
249.25,-17.75,-61.9375,31.50
249.25,-17.75,-61.9375,31.50
249.25,-17.75,-61.9375,31.50
249.25,-17.75,-61.9375,31.50
249.25,-17.75,-61.9375,31.50
249.25,-17.75,-61.9375,31.50
249.25,-17.75,-61.9375,31.50
249.25,-17.75,-61.9375,31.50
249.25,-17.75,-61.9375,31.50
249.25,-17.75,-61.9375,31.50
249.25,-17.75,-61.9375,31.50
249.25,-17.75,-61.9375,31.50
249.25,-17.75,-61.9375,31.50
249.25,-17.75,-61.9375,31.50
249.25,-17.75,-61.9375,31.83
249.25,-17.75,-61.9375,31.83
249.25,-17.75,-61.9375,31.83
249.25,-17.75,-61.9375,31.83
249.25,-17.75,-61.9375,31.83
249.25,-17.75,-61.9375,31.83
249.25,-17.75,-61.9375,31.83
249.25,-17.75,-61.9375,31.83
249.25,-17.75,-61.9375,31.83
249.25,-17.75,-61.9375,31.83
249.25,-17.75,-61.9375,31.83
249.25,-17.75,-61.9375,31.83
249.25,-17.75,-61.9375,31.83
249.25,-17.75,-61.9375,31.83
249.25,-17.75,-61.9375,31.83
249.25,-17.75,-61.9375,31.83
249.25,-17.75,-61.9375,31.83
249.3125,-17.75,-61.9375,32.17
249.3125,-17.75,-61.9375,32.17
249.3125,-17.75,-61.9375,32.17
249.3125,-17.75,-61.9375,32.17
249.3125,-17.75,-61.9375,32.17
249.3125,-17.75,-61.9375,32.17
249.3125,-17.75,-61.9375,32.17
249.3125,-17.75,-61.9375,32.17
249.3125,-17.75,-61.9375,32.17
249.3125,-17.75,-61.9375,32.17
249.3125,-17.75,-61.9375,32.17
249.3125,-17.75,-61.9375,32.17
249.3125,-17.75,-61.9375,32.17
249.3125,-17.75,-61.9375,32.17
249.3125,-17.75,-61.9375,32.17
249.3125,-17.75,-61.9375,32.17
249.3125,-17.75,-61.9375,32.50
249.3125,-17.75,-61.9375,32.50
249.3125,-17.75,-61.9375,32.50
249.3125,-17.75,-61.9375,32.50
249.3125,-17.75,-61.9375,32.50
249.3125,-17.75,-61.9375,32.50
249.3125,-17.75,-61.9375,32.50
249.3125,-17.75,-61.9375,32.50
249.3125,-17.75,-61.9375,32.50
249.3125,-17.75,-61.9375,32.50
249.3125,-17.75,-61.9375,32.50
249.3125,-17.75,-61.9375,32.50
249.3125,-17.75,-61.9375,32.50
249.3125,-17.75,-61.9375,32.50
249.3125,-17.75,-61.9375,32.50
249.3125,-17.75,-61.9375,32.50
249.3125,-17.75,-61.9375,32.50
249.3125,-17.75,-61.9375,32.83
249.3125,-17.75,-61.9375,32.83
249.3125,-17.75,-61.9375,32.83
249.3125,-17.75,-61.9375,32.83
249.3125,-17.75,-61.9375,32.83
249.3125,-17.75,-61.9375,32.83
249.3125,-17.75,-61.9375,32.83
249.3125,-17.75,-61.9375,32.83
249.3125,-17.75,-61.9375,32.83
249.3125,-17.75,-61.9375,32.83
249.3125,-17.75,-61.9375,32.83
249.3125,-17.75,-61.9375,32.83
249.3125,-17.75,-61.9375,32.83
249.3125,-17.75,-61.9375,32.83
249.3125,-17.75,-61.9375,32.83
249.3125,-17.75,-61.9375,32.83
249.3125,-17.75,-61.9375,32.83
249.3125,-17.75,-61.9375,33.17
249.3125,-17.75,-61.9375,33.17
249.3125,-17.75,-61.9375,33.17
249.3125,-17.75,-61.9375,33.17
249.3125,-17.75,-61.9375,33.17
249.3125,-17.75,-61.9375,33.17
249.3125,-17.75,-61.9375,33.17
249.3125,-17.75,-61.9375,33.17
249.3125,-17.75,-61.9375,33.17
249.3125,-17.75,-61.9375,33.17
249.3125,-17.75,-61.9375,33.17
249.3125,-17.75,-61.9375,33.17
249.3125,-17.75,-61.9375,33.17
249.3125,-17.75,-61.9375,33.17
249.3125,-17.75,-61.9375,33.17
249.3125,-17.75,-61.9375,33.17
249.3125,-17.75,-61.9375,33.50
249.3125,-17.75,-61.9375,33.50
249.3125,-17.75,-61.9375,33.50
249.3125,-17.75,-61.9375,33.50
249.3125,-17.75,-61.9375,33.50
249.3125,-17.75,-61.9375,33.50
249.3125,-17.75,-61.9375,33.50
249.3125,-17.75,-61.9375,33.50
249.3125,-17.75,-61.9375,33.50
249.3125,-17.75,-61.9375,33.50
249.3125,-17.75,-61.9375,33.50
249.3125,-17.75,-61.9375,33.50
249.3125,-17.75,-61.9375,33.50
249.3125,-17.75,-61.9375,33.50
249.3125,-17.75,-61.9375,33.50
249.3125,-17.75,-61.9375,33.50
249.3125,-17.75,-61.9375,33.50
249.3125,-17.75,-61.9375,33.83
249.3125,-17.75,-61.9375,33.83
249.3125,-17.75,-61.9375,33.83
249.3125,-17.75,-61.9375,33.83
249.3125,-17.75,-61.9375,33.83
249.3125,-17.75,-61.9375,33.83
249.3125,-17.75,-61.9375,33.83
249.3125,-17.75,-61.9375,33.83
249.3125,-17.75,-61.9375,33.83
249.3125,-17.75,-61.9375,33.83
249.3125,-17.75,-61.9375,33.83
249.3125,-17.75,-61.9375,33.83
249.3125,-17.75,-61.9375,33.83
249.3125,-17.75,-61.9375,33.83
249.3125,-17.75,-61.9375,33.83
249.3125,-17.75,-61.9375,33.83
249.3125,-17.75,-61.9375,33.83
249.3125,-17.8125,-61.9375,34.17
249.3125,-17.8125,-61.9375,34.17
249.3125,-17.8125,-61.9375,34.17
249.3125,-17.8125,-61.9375,34.17
249.3125,-17.8125,-61.9375,34.17
249.3125,-17.8125,-61.9375,34.17
249.3125,-17.8125,-61.9375,34.17
249.3125,-17.8125,-61.9375,34.17
249.3125,-17.8125,-61.9375,34.17
249.3125,-17.8125,-61.9375,34.17
249.3125,-17.8125,-61.9375,34.17
249.3125,-17.8125,-61.9375,34.17
249.3125,-17.8125,-61.9375,34.17
249.3125,-17.8125,-61.9375,34.17
249.3125,-17.8125,-61.9375,34.17
249.3125,-17.8125,-61.9375,34.17
249.3125,-17.8125,-61.9375,34.50
249.3125,-17.8125,-61.9375,34.50
249.3125,-17.8125,-61.9375,34.50
249.3125,-17.8125,-61.9375,34.50
249.3125,-17.8125,-61.9375,34.50
249.3125,-17.8125,-61.9375,34.50
249.3125,-17.8125,-61.9375,34.50
249.3125,-17.8125,-61.9375,34.50
249.3125,-17.8125,-61.9375,34.50
249.3125,-17.8125,-61.9375,34.50
249.3125,-17.8125,-61.9375,34.50
249.3125,-17.8125,-61.9375,34.50
249.3125,-17.8125,-61.9375,34.50
249.3125,-17.8125,-61.9375,34.50
249.3125,-17.8125,-61.9375,34.50
249.3125,-17.8125,-61.9375,34.50
249.3125,-17.8125,-61.9375,34.50
249.375,-17.8125,-61.875,34.83
249.375,-17.8125,-61.875,34.83
249.375,-17.8125,-61.875,34.83
249.375,-17.8125,-61.875,34.83
249.375,-17.8125,-61.875,34.83
249.375,-17.8125,-61.875,34.83
249.375,-17.8125,-61.875,34.83
249.375,-17.8125,-61.875,34.83
249.375,-17.8125,-61.875,34.83
249.375,-17.8125,-61.875,34.83
249.375,-17.8125,-61.875,34.83
249.375,-17.8125,-61.875,34.83
249.375,-17.8125,-61.875,34.83
249.375,-17.8125,-61.875,34.83
249.375,-17.8125,-61.875,34.83
249.375,-17.8125,-61.875,34.83
249.375,-17.8125,-61.875,34.83
249.375,-17.8125,-61.875,35.17
249.375,-17.8125,-61.875,35.17
249.375,-17.8125,-61.875,35.17
249.375,-17.8125,-61.875,35.17
249.375,-17.8125,-61.875,35.17
249.375,-17.8125,-61.875,35.17
249.375,-17.8125,-61.875,35.17
249.375,-17.8125,-61.875,35.17
249.375,-17.8125,-61.875,35.17
249.375,-17.8125,-61.875,35.17
249.375,-17.8125,-61.875,35.17
249.375,-17.8125,-61.875,35.17
249.375,-17.8125,-61.875,35.17
249.375,-17.8125,-61.875,35.17
249.375,-17.8125,-61.875,35.17
249.375,-17.8125,-61.875,35.17
249.375,-17.8125,-61.875,35.50
249.375,-17.8125,-61.875,35.50
249.375,-17.8125,-61.875,35.50
249.375,-17.8125,-61.875,35.50
249.375,-17.8125,-61.875,35.50
249.375,-17.8125,-61.875,35.50
249.375,-17.8125,-61.875,35.50
249.375,-17.8125,-61.875,35.50
249.375,-17.8125,-61.875,35.50
249.375,-17.8125,-61.875,35.50
249.375,-17.8125,-61.875,35.50
249.375,-17.8125,-61.875,35.50
249.375,-17.8125,-61.875,35.50
249.375,-17.8125,-61.875,35.50
249.375,-17.8125,-61.875,35.50
249.375,-17.8125,-61.875,35.50
249.375,-17.8125,-61.875,35.50
249.375,-17.8125,-61.875,35.83
249.375,-17.8125,-61.875,35.83
249.375,-17.8125,-61.875,35.83
249.375,-17.8125,-61.875,35.83
249.375,-17.8125,-61.875,35.83
249.375,-17.8125,-61.875,35.83
249.375,-17.8125,-61.875,35.83
249.375,-17.8125,-61.875,35.83
249.375,-17.8125,-61.875,35.83
249.375,-17.8125,-61.875,35.83
249.375,-17.8125,-61.875,35.83
249.375,-17.8125,-61.875,35.83
249.375,-17.8125,-61.875,35.83
249.375,-17.8125,-61.875,35.83
249.375,-17.8125,-61.875,35.83
249.375,-17.8125,-61.875,35.83
249.375,-17.8125,-61.875,35.83
249.375,-17.8125,-61.875,36.17
249.375,-17.8125,-61.875,36.17
249.375,-17.8125,-61.875,36.17
249.375,-17.8125,-61.875,36.17
249.375,-17.8125,-61.875,36.17
249.375,-17.8125,-61.875,36.17
249.375,-17.8125,-61.875,36.17
249.375,-17.8125,-61.875,36.17
249.375,-17.8125,-61.875,36.17
249.375,-17.8125,-61.875,36.17
249.375,-17.8125,-61.875,36.17
249.375,-17.8125,-61.875,36.17
249.375,-17.8125,-61.875,36.17
249.375,-17.8125,-61.875,36.17
249.375,-17.8125,-61.875,36.17
249.375,-17.8125,-61.875,36.17
249.375,-17.8125,-61.875,36.50
249.375,-17.8125,-61.875,36.50
249.375,-17.8125,-61.875,36.50
249.375,-17.8125,-61.875,36.50
249.375,-17.8125,-61.875,36.50
249.375,-17.8125,-61.875,36.50
249.375,-17.8125,-61.875,36.50
249.375,-17.8125,-61.875,36.50
249.375,-17.8125,-61.875,36.50
249.375,-17.8125,-61.875,36.50
249.375,-17.8125,-61.875,36.50
249.375,-17.8125,-61.875,36.50
249.375,-17.8125,-61.875,36.50
249.375,-17.8125,-61.875,36.50
249.375,-17.8125,-61.875,36.50
249.375,-17.8125,-61.875,36.50
249.375,-17.8125,-61.875,36.50
249.375,-17.8125,-61.875,36.83
249.375,-17.8125,-61.875,36.83
249.375,-17.8125,-61.875,36.83
249.375,-17.8125,-61.875,36.83
249.375,-17.8125,-61.875,36.83
249.375,-17.8125,-61.875,36.83
249.375,-17.8125,-61.875,36.83
249.375,-17.8125,-61.875,36.83
249.375,-17.8125,-61.875,36.83
249.375,-17.8125,-61.875,36.83
249.375,-17.8125,-61.875,36.83
249.375,-17.8125,-61.875,36.83
249.375,-17.8125,-61.875,36.83
249.375,-17.8125,-61.875,36.83
249.375,-17.8125,-61.875,36.83
249.375,-17.8125,-61.875,36.83
249.375,-17.8125,-61.875,36.83
249.375,-17.8125,-61.875,37.17
249.375,-17.8125,-61.875,37.17
249.375,-17.8125,-61.875,37.17
249.375,-17.8125,-61.875,37.17
249.375,-17.8125,-61.875,37.17
249.375,-17.8125,-61.875,37.17
249.375,-17.8125,-61.875,37.17
249.375,-17.8125,-61.875,37.17
249.375,-17.8125,-61.875,37.17
249.375,-17.8125,-61.875,37.17
249.375,-17.8125,-61.875,37.17
249.375,-17.8125,-61.875,37.17
249.375,-17.8125,-61.875,37.17
249.375,-17.8125,-61.875,37.17
249.375,-17.8125,-61.875,37.17
249.375,-17.8125,-61.875,37.17
249.375,-17.8125,-61.875,37.50
249.375,-17.8125,-61.875,37.50
249.375,-17.8125,-61.875,37.50
249.375,-17.8125,-61.875,37.50
249.375,-17.8125,-61.875,37.50
249.375,-17.8125,-61.875,37.50
249.375,-17.8125,-61.875,37.50
249.375,-17.8125,-61.875,37.50
249.375,-17.8125,-61.875,37.50
249.375,-17.8125,-61.875,37.50
249.375,-17.8125,-61.875,37.50
249.375,-17.8125,-61.875,37.50
249.375,-17.8125,-61.875,37.50
249.375,-17.8125,-61.875,37.50
249.375,-17.8125,-61.875,37.50
249.375,-17.8125,-61.875,37.50
249.375,-17.8125,-61.875,37.50
249.375,-17.8125,-61.875,37.83
249.375,-17.8125,-61.875,37.83
249.375,-17.8125,-61.875,37.83
249.375,-17.8125,-61.875,37.83
249.375,-17.8125,-61.875,37.83
249.375,-17.8125,-61.875,37.83
249.375,-17.8125,-61.875,37.83
249.375,-17.8125,-61.875,37.83
249.375,-17.8125,-61.875,37.83
249.375,-17.8125,-61.875,37.83
249.375,-17.8125,-61.875,37.83
249.375,-17.8125,-61.875,37.83
249.375,-17.8125,-61.875,37.83
249.375,-17.8125,-61.875,37.83
249.375,-17.8125,-61.875,37.83
249.375,-17.8125,-61.875,37.83
249.375,-17.8125,-61.875,37.83
249.375,-17.8125,-61.875,38.17
249.375,-17.8125,-61.875,38.17
249.375,-17.8125,-61.875,38.17
249.375,-17.8125,-61.875,38.17
249.375,-17.8125,-61.875,38.17
249.375,-17.8125,-61.875,38.17
249.375,-17.8125,-61.875,38.17
249.375,-17.8125,-61.875,38.17
249.375,-17.8125,-61.875,38.17
249.375,-17.8125,-61.875,38.17
249.375,-17.8125,-61.875,38.17
249.375,-17.8125,-61.875,38.17
249.375,-17.8125,-61.875,38.17
249.375,-17.8125,-61.875,38.17
249.375,-17.8125,-61.875,38.17
249.375,-17.8125,-61.875,38.17
249.375,-17.8125,-61.875,38.50
249.375,-17.8125,-61.875,38.50
249.375,-17.8125,-61.875,38.50
249.375,-17.8125,-61.875,38.50
249.375,-17.8125,-61.875,38.50
249.375,-17.8125,-61.875,38.50
249.375,-17.8125,-61.875,38.50
249.375,-17.8125,-61.875,38.50
249.375,-17.8125,-61.875,38.50
249.375,-17.8125,-61.875,38.50
249.375,-17.8125,-61.875,38.50
249.375,-17.8125,-61.875,38.50
249.375,-17.8125,-61.875,38.50
249.375,-17.8125,-61.875,38.50
249.375,-17.8125,-61.875,38.50
249.375,-17.8125,-61.875,38.50
249.375,-17.8125,-61.875,38.50
249.375,-17.8125,-61.875,38.83
249.375,-17.8125,-61.875,38.83
249.375,-17.8125,-61.875,38.83
249.375,-17.8125,-61.875,38.83
249.375,-17.8125,-61.875,38.83
249.375,-17.8125,-61.875,38.83
249.375,-17.8125,-61.875,38.83
249.375,-17.8125,-61.875,38.83
249.375,-17.8125,-61.875,38.83
249.375,-17.8125,-61.875,38.83
249.375,-17.8125,-61.875,38.83
249.375,-17.8125,-61.875,38.83
249.375,-17.8125,-61.875,38.83
249.375,-17.8125,-61.875,38.83
249.375,-17.8125,-61.875,38.83
249.375,-17.8125,-61.875,38.83
249.375,-17.8125,-61.875,38.83
249.375,-17.8125,-61.8125,39.17
249.375,-17.8125,-61.8125,39.17
249.375,-17.8125,-61.8125,39.17
249.375,-17.8125,-61.8125,39.17
249.375,-17.8125,-61.8125,39.17
249.375,-17.8125,-61.8125,39.17
249.375,-17.8125,-61.8125,39.17
249.375,-17.8125,-61.8125,39.17
249.375,-17.8125,-61.8125,39.17
249.375,-17.8125,-61.8125,39.17
249.375,-17.8125,-61.8125,39.17
249.375,-17.8125,-61.8125,39.17
249.375,-17.8125,-61.8125,39.17
249.375,-17.8125,-61.8125,39.17
249.375,-17.8125,-61.8125,39.17
249.375,-17.8125,-61.8125,39.17
249.375,-17.8125,-61.8125,39.50
249.375,-17.8125,-61.8125,39.50
249.375,-17.8125,-61.8125,39.50
249.375,-17.8125,-61.8125,39.50
249.375,-17.8125,-61.8125,39.50
249.375,-17.8125,-61.8125,39.50
249.375,-17.8125,-61.8125,39.50
249.375,-17.8125,-61.8125,39.50
249.375,-17.8125,-61.8125,39.50
249.375,-17.8125,-61.8125,39.50
249.375,-17.8125,-61.8125,39.50
249.375,-17.8125,-61.8125,39.50
249.375,-17.8125,-61.8125,39.50
249.375,-17.8125,-61.8125,39.50
249.375,-17.8125,-61.8125,39.50
249.375,-17.8125,-61.8125,39.50
249.375,-17.8125,-61.8125,39.50
249.375,-17.8125,-61.8125,39.83
249.375,-17.8125,-61.8125,39.83
249.375,-17.8125,-61.8125,39.83
249.375,-17.8125,-61.8125,39.83
249.375,-17.8125,-61.8125,39.83
249.375,-17.8125,-61.8125,39.83
249.375,-17.8125,-61.8125,39.83
249.375,-17.8125,-61.8125,39.83
249.375,-17.8125,-61.8125,39.83
249.375,-17.8125,-61.8125,39.83
249.375,-17.8125,-61.8125,39.83
249.375,-17.8125,-61.8125,39.83
249.375,-17.8125,-61.8125,39.83
249.375,-17.8125,-61.8125,39.83
249.375,-17.8125,-61.8125,39.83
249.375,-17.8125,-61.8125,39.83
249.375,-17.8125,-61.8125,39.83
249.375,-17.8125,-61.8125,40.17
249.375,-17.8125,-61.8125,40.17
249.375,-17.8125,-61.8125,40.17
249.375,-17.8125,-61.8125,40.17
249.375,-17.8125,-61.8125,40.17
249.375,-17.8125,-61.8125,40.17
249.375,-17.8125,-61.8125,40.17
249.375,-17.8125,-61.8125,40.17
249.375,-17.8125,-61.8125,40.17
249.375,-17.8125,-61.8125,40.17
249.375,-17.8125,-61.8125,40.17
249.375,-17.8125,-61.8125,40.17
249.375,-17.8125,-61.8125,40.17
249.375,-17.8125,-61.8125,40.17
249.375,-17.8125,-61.8125,40.17
249.375,-17.8125,-61.8125,40.17
249.375,-17.8125,-61.8125,40.50
249.375,-17.8125,-61.8125,40.50
249.375,-17.8125,-61.8125,40.50
249.375,-17.8125,-61.8125,40.50
249.375,-17.8125,-61.8125,40.50
249.375,-17.8125,-61.8125,40.50
249.375,-17.8125,-61.8125,40.50
249.375,-17.8125,-61.8125,40.50
249.375,-17.8125,-61.8125,40.50
249.375,-17.8125,-61.8125,40.50
249.375,-17.8125,-61.8125,40.50
249.375,-17.8125,-61.8125,40.50
249.375,-17.8125,-61.8125,40.50
249.375,-17.8125,-61.8125,40.50
249.375,-17.8125,-61.8125,40.50
249.375,-17.8125,-61.8125,40.50
249.375,-17.8125,-61.8125,40.50
249.3125,-17.8125,-61.8125,40.83
249.3125,-17.8125,-61.8125,40.83
249.3125,-17.8125,-61.8125,40.83
249.3125,-17.8125,-61.8125,40.83
249.3125,-17.8125,-61.8125,40.83
249.3125,-17.8125,-61.8125,40.83
249.3125,-17.8125,-61.8125,40.83
249.3125,-17.8125,-61.8125,40.83
249.3125,-17.8125,-61.8125,40.83
249.3125,-17.8125,-61.8125,40.83
249.3125,-17.8125,-61.8125,40.83
249.3125,-17.8125,-61.8125,40.83
249.3125,-17.8125,-61.8125,40.83
249.3125,-17.8125,-61.8125,40.83
249.3125,-17.8125,-61.8125,40.83
249.3125,-17.8125,-61.8125,40.83
249.3125,-17.8125,-61.8125,40.83
249.3125,-17.8125,-61.8125,41.17
249.3125,-17.8125,-61.8125,41.17
249.3125,-17.8125,-61.8125,41.17
249.3125,-17.8125,-61.8125,41.17
249.3125,-17.8125,-61.8125,41.17
249.3125,-17.8125,-61.8125,41.17
249.3125,-17.8125,-61.8125,41.17
249.3125,-17.8125,-61.8125,41.17
249.3125,-17.8125,-61.8125,41.17
249.3125,-17.8125,-61.8125,41.17
249.3125,-17.8125,-61.8125,41.17
249.3125,-17.8125,-61.8125,41.17
249.3125,-17.8125,-61.8125,41.17
249.3125,-17.8125,-61.8125,41.17
249.3125,-17.8125,-61.8125,41.17
249.3125,-17.8125,-61.8125,41.17
249.3125,-17.8125,-61.75,41.50
249.3125,-17.8125,-61.75,41.50
249.3125,-17.8125,-61.75,41.50
249.3125,-17.8125,-61.75,41.50
249.3125,-17.8125,-61.75,41.50
249.3125,-17.8125,-61.75,41.50
249.3125,-17.8125,-61.75,41.50
249.3125,-17.8125,-61.75,41.50
249.3125,-17.8125,-61.75,41.50
249.3125,-17.8125,-61.75,41.50
249.3125,-17.8125,-61.75,41.50
249.3125,-17.8125,-61.75,41.50
249.3125,-17.8125,-61.75,41.50
249.3125,-17.8125,-61.75,41.50
249.3125,-17.8125,-61.75,41.50
249.3125,-17.8125,-61.75,41.50
249.3125,-17.8125,-61.75,41.50
249.3125,-17.8125,-61.75,41.83
249.3125,-17.8125,-61.75,41.83
249.3125,-17.8125,-61.75,41.83
249.3125,-17.8125,-61.75,41.83
249.3125,-17.8125,-61.75,41.83
249.3125,-17.8125,-61.75,41.83
249.3125,-17.8125,-61.75,41.83
249.3125,-17.8125,-61.75,41.83
249.3125,-17.8125,-61.75,41.83
249.3125,-17.8125,-61.75,41.83
249.3125,-17.8125,-61.75,41.83
249.3125,-17.8125,-61.75,41.83
249.3125,-17.8125,-61.75,41.83
249.3125,-17.8125,-61.75,41.83
249.3125,-17.8125,-61.75,41.83
249.3125,-17.8125,-61.75,41.83
249.3125,-17.8125,-61.75,41.83
249.25,-17.75,-61.75,42.17
249.25,-17.75,-61.75,42.17
249.25,-17.75,-61.75,42.17
249.25,-17.75,-61.75,42.17
249.25,-17.75,-61.75,42.17
249.25,-17.75,-61.75,42.17
249.25,-17.75,-61.75,42.17
249.25,-17.75,-61.75,42.17
249.25,-17.75,-61.75,42.17
249.25,-17.75,-61.75,42.17
249.25,-17.75,-61.75,42.17
249.25,-17.75,-61.75,42.17
249.25,-17.75,-61.75,42.17
249.25,-17.75,-61.75,42.17
249.25,-17.75,-61.75,42.17
249.25,-17.75,-61.75,42.17
249.25,-17.75,-61.75,42.50
249.25,-17.75,-61.75,42.50
249.25,-17.75,-61.75,42.50
249.25,-17.75,-61.75,42.50
249.25,-17.75,-61.75,42.50
249.25,-17.75,-61.75,42.50
249.25,-17.75,-61.75,42.50
249.25,-17.75,-61.75,42.50
249.25,-17.75,-61.75,42.50
249.25,-17.75,-61.75,42.50
249.25,-17.75,-61.75,42.50
249.25,-17.75,-61.75,42.50
249.25,-17.75,-61.75,42.50
249.25,-17.75,-61.75,42.50
249.25,-17.75,-61.75,42.50
249.25,-17.75,-61.75,42.50
249.25,-17.75,-61.75,42.50
249.25,-17.75,-61.75,42.83
249.25,-17.75,-61.75,42.83
249.25,-17.75,-61.75,42.83
249.25,-17.75,-61.75,42.83
249.25,-17.75,-61.75,42.83
249.25,-17.75,-61.75,42.83
249.25,-17.75,-61.75,42.83
249.25,-17.75,-61.75,42.83
249.25,-17.75,-61.75,42.83
249.25,-17.75,-61.75,42.83
249.25,-17.75,-61.75,42.83
249.25,-17.75,-61.75,42.83
249.25,-17.75,-61.75,42.83
249.25,-17.75,-61.75,42.83
249.25,-17.75,-61.75,42.83
249.25,-17.75,-61.75,42.83
249.25,-17.75,-61.75,42.83
249.1875,-17.75,-61.75,43.17
249.1875,-17.75,-61.75,43.17
249.1875,-17.75,-61.75,43.17
249.1875,-17.75,-61.75,43.17
249.1875,-17.75,-61.75,43.17
249.1875,-17.75,-61.75,43.17
249.1875,-17.75,-61.75,43.17
249.1875,-17.75,-61.75,43.17
249.1875,-17.75,-61.75,43.17
249.1875,-17.75,-61.75,43.17
249.1875,-17.75,-61.75,43.17
249.1875,-17.75,-61.75,43.17
249.1875,-17.75,-61.75,43.17
249.1875,-17.75,-61.75,43.17
249.1875,-17.75,-61.75,43.17
249.1875,-17.75,-61.75,43.17
249.1875,-17.75,-61.75,43.50
249.1875,-17.75,-61.75,43.50
249.1875,-17.75,-61.75,43.50
249.1875,-17.75,-61.75,43.50
249.1875,-17.75,-61.75,43.50
249.1875,-17.75,-61.75,43.50
249.1875,-17.75,-61.75,43.50
249.1875,-17.75,-61.75,43.50
249.1875,-17.75,-61.75,43.50
249.1875,-17.75,-61.75,43.50
249.1875,-17.75,-61.75,43.50
249.1875,-17.75,-61.75,43.50
249.1875,-17.75,-61.75,43.50
249.1875,-17.75,-61.75,43.50
249.1875,-17.75,-61.75,43.50
249.1875,-17.75,-61.75,43.50
249.1875,-17.75,-61.75,43.50
249.1875,-17.75,-61.75,43.83
249.1875,-17.75,-61.75,43.83
249.1875,-17.75,-61.75,43.83
249.1875,-17.75,-61.75,43.83
249.1875,-17.75,-61.75,43.83
249.1875,-17.75,-61.75,43.83
249.1875,-17.75,-61.75,43.83
249.1875,-17.75,-61.75,43.83
249.1875,-17.75,-61.75,43.83
249.1875,-17.75,-61.75,43.83
249.1875,-17.75,-61.75,43.83
249.1875,-17.75,-61.75,43.83
249.1875,-17.75,-61.75,43.83
249.1875,-17.75,-61.75,43.83
249.1875,-17.75,-61.75,43.83
249.1875,-17.75,-61.75,43.83
249.1875,-17.75,-61.75,43.83
249.1875,-17.75,-61.75,44.17
249.1875,-17.75,-61.75,44.17
249.1875,-17.75,-61.75,44.17
249.1875,-17.75,-61.75,44.17
249.1875,-17.75,-61.75,44.17
249.1875,-17.75,-61.75,44.17
249.1875,-17.75,-61.75,44.17
249.1875,-17.75,-61.75,44.17
249.1875,-17.75,-61.75,44.17
249.1875,-17.75,-61.75,44.17
249.1875,-17.75,-61.75,44.17
249.1875,-17.75,-61.75,44.17
249.1875,-17.75,-61.75,44.17
249.1875,-17.75,-61.75,44.17
249.1875,-17.75,-61.75,44.17
249.1875,-17.75,-61.75,44.17
249.125,-17.75,-61.75,44.50
249.125,-17.75,-61.75,44.50
249.125,-17.75,-61.75,44.50
249.125,-17.75,-61.75,44.50
249.125,-17.75,-61.75,44.50
249.125,-17.75,-61.75,44.50
249.125,-17.75,-61.75,44.50
249.125,-17.75,-61.75,44.50
249.125,-17.75,-61.75,44.50
249.125,-17.75,-61.75,44.50
249.125,-17.75,-61.75,44.50
249.125,-17.75,-61.75,44.50
249.125,-17.75,-61.75,44.50
249.125,-17.75,-61.75,44.50
249.125,-17.75,-61.75,44.50
249.125,-17.75,-61.75,44.50
249.125,-17.75,-61.75,44.50
249.125,-17.75,-61.75,44.83
249.125,-17.75,-61.75,44.83
249.125,-17.75,-61.75,44.83
249.125,-17.75,-61.75,44.83
249.125,-17.75,-61.75,44.83
249.125,-17.75,-61.75,44.83
249.125,-17.75,-61.75,44.83
249.125,-17.75,-61.75,44.83
249.125,-17.75,-61.75,44.83
249.125,-17.75,-61.75,44.83
249.125,-17.75,-61.75,44.83
249.125,-17.75,-61.75,44.83
249.125,-17.75,-61.75,44.83
249.125,-17.75,-61.75,44.83
249.125,-17.75,-61.75,44.83
249.125,-17.75,-61.75,44.83
249.125,-17.75,-61.75,44.83
249.125,-17.6875,-61.6875,45.17
249.125,-17.6875,-61.6875,45.17
249.125,-17.6875,-61.6875,45.17
249.125,-17.6875,-61.6875,45.17
249.125,-17.6875,-61.6875,45.17
249.125,-17.6875,-61.6875,45.17
249.125,-17.6875,-61.6875,45.17
249.125,-17.6875,-61.6875,45.17
249.125,-17.6875,-61.6875,45.17
249.125,-17.6875,-61.6875,45.17
249.125,-17.6875,-61.6875,45.17
249.125,-17.6875,-61.6875,45.17
249.125,-17.6875,-61.6875,45.17
249.125,-17.6875,-61.6875,45.17
249.125,-17.6875,-61.6875,45.17
249.125,-17.6875,-61.6875,45.17
249.0625,-17.6875,-61.6875,45.50
249.0625,-17.6875,-61.6875,45.50
249.0625,-17.6875,-61.6875,45.50
249.0625,-17.6875,-61.6875,45.50
249.0625,-17.6875,-61.6875,45.50
249.0625,-17.6875,-61.6875,45.50
249.0625,-17.6875,-61.6875,45.50
249.0625,-17.6875,-61.6875,45.50
249.0625,-17.6875,-61.6875,45.50
249.0625,-17.6875,-61.6875,45.50
249.0625,-17.6875,-61.6875,45.50
249.0625,-17.6875,-61.6875,45.50
249.0625,-17.6875,-61.6875,45.50
249.0625,-17.6875,-61.6875,45.50
249.0625,-17.6875,-61.6875,45.50
249.0625,-17.6875,-61.6875,45.50
249.0625,-17.6875,-61.6875,45.50
249.0,-17.6875,-61.6875,45.83
249.0,-17.6875,-61.6875,45.83
249.0,-17.6875,-61.6875,45.83
249.0,-17.6875,-61.6875,45.83
249.0,-17.6875,-61.6875,45.83
249.0,-17.6875,-61.6875,45.83
249.0,-17.6875,-61.6875,45.83
249.0,-17.6875,-61.6875,45.83
249.0,-17.6875,-61.6875,45.83
249.0,-17.6875,-61.6875,45.83
249.0,-17.6875,-61.6875,45.83
249.0,-17.6875,-61.6875,45.83
249.0,-17.6875,-61.6875,45.83
249.0,-17.6875,-61.6875,45.83
249.0,-17.6875,-61.6875,45.83
249.0,-17.6875,-61.6875,45.83
249.0,-17.6875,-61.6875,45.83
249.0,-17.6875,-61.6875,46.17
249.0,-17.6875,-61.6875,46.17
249.0,-17.6875,-61.6875,46.17
249.0,-17.6875,-61.6875,46.17
249.0,-17.6875,-61.6875,46.17
249.0,-17.6875,-61.6875,46.17
249.0,-17.6875,-61.6875,46.17
249.0,-17.6875,-61.6875,46.17
249.0,-17.6875,-61.6875,46.17
249.0,-17.6875,-61.6875,46.17
249.0,-17.6875,-61.6875,46.17
249.0,-17.6875,-61.6875,46.17
249.0,-17.6875,-61.6875,46.17
249.0,-17.6875,-61.6875,46.17
249.0,-17.6875,-61.6875,46.17
249.0,-17.6875,-61.6875,46.17
249.0,-17.625,-61.6875,46.50
249.0,-17.625,-61.6875,46.50
249.0,-17.625,-61.6875,46.50
249.0,-17.625,-61.6875,46.50
249.0,-17.625,-61.6875,46.50
249.0,-17.625,-61.6875,46.50
249.0,-17.625,-61.6875,46.50
249.0,-17.625,-61.6875,46.50
249.0,-17.625,-61.6875,46.50
249.0,-17.625,-61.6875,46.50
249.0,-17.625,-61.6875,46.50
249.0,-17.625,-61.6875,46.50
249.0,-17.625,-61.6875,46.50
249.0,-17.625,-61.6875,46.50
249.0,-17.625,-61.6875,46.50
249.0,-17.625,-61.6875,46.50
249.0,-17.625,-61.6875,46.50
249.0,-17.625,-61.6875,46.83
249.0,-17.625,-61.6875,46.83
249.0,-17.625,-61.6875,46.83
249.0,-17.625,-61.6875,46.83
249.0,-17.625,-61.6875,46.83
249.0,-17.625,-61.6875,46.83
249.0,-17.625,-61.6875,46.83
249.0,-17.625,-61.6875,46.83
249.0,-17.625,-61.6875,46.83
249.0,-17.625,-61.6875,46.83
249.0,-17.625,-61.6875,46.83
249.0,-17.625,-61.6875,46.83
249.0,-17.625,-61.6875,46.83
249.0,-17.625,-61.6875,46.83
249.0,-17.625,-61.6875,46.83
249.0,-17.625,-61.6875,46.83
249.0,-17.625,-61.6875,46.83
248.9375,-17.625,-61.625,47.17
248.9375,-17.625,-61.625,47.17
248.9375,-17.625,-61.625,47.17
248.9375,-17.625,-61.625,47.17
248.9375,-17.625,-61.625,47.17
248.9375,-17.625,-61.625,47.17
248.9375,-17.625,-61.625,47.17
248.9375,-17.625,-61.625,47.17
248.9375,-17.625,-61.625,47.17
248.9375,-17.625,-61.625,47.17
248.9375,-17.625,-61.625,47.17
248.9375,-17.625,-61.625,47.17
248.9375,-17.625,-61.625,47.17
248.9375,-17.625,-61.625,47.17
248.9375,-17.625,-61.625,47.17
248.9375,-17.625,-61.625,47.17
248.9375,-17.625,-61.625,47.50
248.9375,-17.625,-61.625,47.50
248.9375,-17.625,-61.625,47.50
248.9375,-17.625,-61.625,47.50
248.9375,-17.625,-61.625,47.50
248.9375,-17.625,-61.625,47.50
248.9375,-17.625,-61.625,47.50
248.9375,-17.625,-61.625,47.50
248.9375,-17.625,-61.625,47.50
248.9375,-17.625,-61.625,47.50
248.9375,-17.625,-61.625,47.50
248.9375,-17.625,-61.625,47.50
248.9375,-17.625,-61.625,47.50
248.9375,-17.625,-61.625,47.50
248.9375,-17.625,-61.625,47.50
248.9375,-17.625,-61.625,47.50
248.9375,-17.625,-61.625,47.50
248.875,-17.5625,-61.625,47.83
248.875,-17.5625,-61.625,47.83
248.875,-17.5625,-61.625,47.83
248.875,-17.5625,-61.625,47.83
248.875,-17.5625,-61.625,47.83
248.875,-17.5625,-61.625,47.83
248.875,-17.5625,-61.625,47.83
248.875,-17.5625,-61.625,47.83
248.875,-17.5625,-61.625,47.83
248.875,-17.5625,-61.625,47.83
248.875,-17.5625,-61.625,47.83
248.875,-17.5625,-61.625,47.83
248.875,-17.5625,-61.625,47.83
248.875,-17.5625,-61.625,47.83
248.875,-17.5625,-61.625,47.83
248.875,-17.5625,-61.625,47.83
248.875,-17.5625,-61.625,47.83
248.8125,-17.5625,-61.5625,48.17
248.8125,-17.5625,-61.5625,48.17
248.8125,-17.5625,-61.5625,48.17
248.8125,-17.5625,-61.5625,48.17
248.8125,-17.5625,-61.5625,48.17
248.8125,-17.5625,-61.5625,48.17
248.8125,-17.5625,-61.5625,48.17
248.8125,-17.5625,-61.5625,48.17
248.8125,-17.5625,-61.5625,48.17
248.8125,-17.5625,-61.5625,48.17
248.8125,-17.5625,-61.5625,48.17
248.8125,-17.5625,-61.5625,48.17
248.8125,-17.5625,-61.5625,48.17
248.8125,-17.5625,-61.5625,48.17
248.8125,-17.5625,-61.5625,48.17
248.8125,-17.5625,-61.5625,48.17
248.8125,-17.5625,-61.5625,48.50
248.8125,-17.5625,-61.5625,48.50
248.8125,-17.5625,-61.5625,48.50
248.8125,-17.5625,-61.5625,48.50
248.8125,-17.5625,-61.5625,48.50
248.8125,-17.5625,-61.5625,48.50
248.8125,-17.5625,-61.5625,48.50
248.8125,-17.5625,-61.5625,48.50
248.8125,-17.5625,-61.5625,48.50
248.8125,-17.5625,-61.5625,48.50
248.8125,-17.5625,-61.5625,48.50
248.8125,-17.5625,-61.5625,48.50
248.8125,-17.5625,-61.5625,48.50
248.8125,-17.5625,-61.5625,48.50
248.8125,-17.5625,-61.5625,48.50
248.8125,-17.5625,-61.5625,48.50
248.8125,-17.5625,-61.5625,48.50
248.8125,-17.5625,-61.5625,48.83
248.8125,-17.5625,-61.5625,48.83
248.8125,-17.5625,-61.5625,48.83
248.8125,-17.5625,-61.5625,48.83
248.8125,-17.5625,-61.5625,48.83
248.8125,-17.5625,-61.5625,48.83
248.8125,-17.5625,-61.5625,48.83
248.8125,-17.5625,-61.5625,48.83
248.8125,-17.5625,-61.5625,48.83
248.8125,-17.5625,-61.5625,48.83
248.8125,-17.5625,-61.5625,48.83
248.8125,-17.5625,-61.5625,48.83
248.8125,-17.5625,-61.5625,48.83
248.8125,-17.5625,-61.5625,48.83
248.8125,-17.5625,-61.5625,48.83
248.8125,-17.5625,-61.5625,48.83
248.8125,-17.5625,-61.5625,48.83
248.8125,-17.5625,-61.5625,49.17
248.8125,-17.5625,-61.5625,49.17
248.8125,-17.5625,-61.5625,49.17
248.8125,-17.5625,-61.5625,49.17
248.8125,-17.5625,-61.5625,49.17
248.8125,-17.5625,-61.5625,49.17
248.8125,-17.5625,-61.5625,49.17
248.8125,-17.5625,-61.5625,49.17
248.8125,-17.5625,-61.5625,49.17
248.8125,-17.5625,-61.5625,49.17
248.8125,-17.5625,-61.5625,49.17
248.8125,-17.5625,-61.5625,49.17
248.8125,-17.5625,-61.5625,49.17
248.8125,-17.5625,-61.5625,49.17
248.8125,-17.5625,-61.5625,49.17
248.8125,-17.5625,-61.5625,49.17
248.75,-17.5,-61.5625,49.50
248.75,-17.5,-61.5625,49.50
248.75,-17.5,-61.5625,49.50
248.75,-17.5,-61.5625,49.50
248.75,-17.5,-61.5625,49.50
248.75,-17.5,-61.5625,49.50
248.75,-17.5,-61.5625,49.50
248.75,-17.5,-61.5625,49.50
248.75,-17.5,-61.5625,49.50
248.75,-17.5,-61.5625,49.50
248.75,-17.5,-61.5625,49.50
248.75,-17.5,-61.5625,49.50
248.75,-17.5,-61.5625,49.50
248.75,-17.5,-61.5625,49.50
248.75,-17.5,-61.5625,49.50
248.75,-17.5,-61.5625,49.50
248.75,-17.5,-61.5625,49.50
248.75,-17.5,-61.5625,49.83
248.75,-17.5,-61.5625,49.83
248.75,-17.5,-61.5625,49.83
248.75,-17.5,-61.5625,49.83
248.75,-17.5,-61.5625,49.83
248.75,-17.5,-61.5625,49.83
248.75,-17.5,-61.5625,49.83
248.75,-17.5,-61.5625,49.83
248.75,-17.5,-61.5625,49.83
248.75,-17.5,-61.5625,49.83
248.75,-17.5,-61.5625,49.83
248.75,-17.5,-61.5625,49.83
248.75,-17.5,-61.5625,49.83
248.75,-17.5,-61.5625,49.83
248.75,-17.5,-61.5625,49.83
248.75,-17.5,-61.5625,49.83
248.75,-17.5,-61.5625,49.83
248.6875,-17.5,-61.5625,50.17
248.6875,-17.5,-61.5625,50.17
248.6875,-17.5,-61.5625,50.17
248.6875,-17.5,-61.5625,50.17
248.6875,-17.5,-61.5625,50.17
248.6875,-17.5,-61.5625,50.17
248.6875,-17.5,-61.5625,50.17
248.6875,-17.5,-61.5625,50.17
248.6875,-17.5,-61.5625,50.17
248.6875,-17.5,-61.5625,50.17
248.6875,-17.5,-61.5625,50.17
248.6875,-17.5,-61.5625,50.17
248.6875,-17.5,-61.5625,50.17
248.6875,-17.5,-61.5625,50.17
248.6875,-17.5,-61.5625,50.17
248.6875,-17.5,-61.5625,50.17
248.6875,-17.5,-61.5625,50.50
248.6875,-17.5,-61.5625,50.50
248.6875,-17.5,-61.5625,50.50
248.6875,-17.5,-61.5625,50.50
248.6875,-17.5,-61.5625,50.50
248.6875,-17.5,-61.5625,50.50
248.6875,-17.5,-61.5625,50.50
248.6875,-17.5,-61.5625,50.50
248.6875,-17.5,-61.5625,50.50
248.6875,-17.5,-61.5625,50.50
248.6875,-17.5,-61.5625,50.50
248.6875,-17.5,-61.5625,50.50
248.6875,-17.5,-61.5625,50.50
248.6875,-17.5,-61.5625,50.50
248.6875,-17.5,-61.5625,50.50
248.6875,-17.5,-61.5625,50.50
248.6875,-17.5,-61.5625,50.50
248.6875,-17.5,-61.5625,50.83
248.6875,-17.5,-61.5625,50.83
248.6875,-17.5,-61.5625,50.83
248.6875,-17.5,-61.5625,50.83
248.6875,-17.5,-61.5625,50.83
248.6875,-17.5,-61.5625,50.83
248.6875,-17.5,-61.5625,50.83
248.6875,-17.5,-61.5625,50.83
248.6875,-17.5,-61.5625,50.83
248.6875,-17.5,-61.5625,50.83
248.6875,-17.5,-61.5625,50.83
248.6875,-17.5,-61.5625,50.83
248.6875,-17.5,-61.5625,50.83
248.6875,-17.5,-61.5625,50.83
248.6875,-17.5,-61.5625,50.83
248.6875,-17.5,-61.5625,50.83
248.6875,-17.5,-61.5625,50.83
248.625,-17.4375,-61.5,51.17
248.625,-17.4375,-61.5,51.17
248.625,-17.4375,-61.5,51.17
248.625,-17.4375,-61.5,51.17
248.625,-17.4375,-61.5,51.17
248.625,-17.4375,-61.5,51.17
248.625,-17.4375,-61.5,51.17
248.625,-17.4375,-61.5,51.17
248.625,-17.4375,-61.5,51.17
248.625,-17.4375,-61.5,51.17
248.625,-17.4375,-61.5,51.17
248.625,-17.4375,-61.5,51.17
248.625,-17.4375,-61.5,51.17
248.625,-17.4375,-61.5,51.17
248.625,-17.4375,-61.5,51.17
248.625,-17.4375,-61.5,51.17
248.625,-17.4375,-61.5,51.50
248.625,-17.4375,-61.5,51.50
248.625,-17.4375,-61.5,51.50
248.625,-17.4375,-61.5,51.50
248.625,-17.4375,-61.5,51.50
248.625,-17.4375,-61.5,51.50
248.625,-17.4375,-61.5,51.50
248.625,-17.4375,-61.5,51.50
248.625,-17.4375,-61.5,51.50
248.625,-17.4375,-61.5,51.50
248.625,-17.4375,-61.5,51.50
248.625,-17.4375,-61.5,51.50
248.625,-17.4375,-61.5,51.50
248.625,-17.4375,-61.5,51.50
248.625,-17.4375,-61.5,51.50
248.625,-17.4375,-61.5,51.50
248.625,-17.4375,-61.5,51.50
248.625,-17.4375,-61.5,51.83
248.625,-17.4375,-61.5,51.83
248.625,-17.4375,-61.5,51.83
248.625,-17.4375,-61.5,51.83
248.625,-17.4375,-61.5,51.83
248.625,-17.4375,-61.5,51.83
248.625,-17.4375,-61.5,51.83
248.625,-17.4375,-61.5,51.83
248.625,-17.4375,-61.5,51.83
248.625,-17.4375,-61.5,51.83
248.625,-17.4375,-61.5,51.83
248.625,-17.4375,-61.5,51.83
248.625,-17.4375,-61.5,51.83
248.625,-17.4375,-61.5,51.83
248.625,-17.4375,-61.5,51.83
248.625,-17.4375,-61.5,51.83
248.625,-17.4375,-61.5,51.83
248.625,-17.4375,-61.5,52.17
248.625,-17.4375,-61.5,52.17
248.625,-17.4375,-61.5,52.17
248.625,-17.4375,-61.5,52.17
248.625,-17.4375,-61.5,52.17
248.625,-17.4375,-61.5,52.17
248.625,-17.4375,-61.5,52.17
248.625,-17.4375,-61.5,52.17
248.625,-17.4375,-61.5,52.17
248.625,-17.4375,-61.5,52.17
248.625,-17.4375,-61.5,52.17
248.625,-17.4375,-61.5,52.17
248.625,-17.4375,-61.5,52.17
248.625,-17.4375,-61.5,52.17
248.625,-17.4375,-61.5,52.17
248.625,-17.4375,-61.5,52.17
248.5625,-17.4375,-61.5,52.50
248.5625,-17.4375,-61.5,52.50
248.5625,-17.4375,-61.5,52.50
248.5625,-17.4375,-61.5,52.50
248.5625,-17.4375,-61.5,52.50
248.5625,-17.4375,-61.5,52.50
248.5625,-17.4375,-61.5,52.50
248.5625,-17.4375,-61.5,52.50
248.5625,-17.4375,-61.5,52.50
248.5625,-17.4375,-61.5,52.50
248.5625,-17.4375,-61.5,52.50
248.5625,-17.4375,-61.5,52.50
248.5625,-17.4375,-61.5,52.50
248.5625,-17.4375,-61.5,52.50
248.5625,-17.4375,-61.5,52.50
248.5625,-17.4375,-61.5,52.50
248.5625,-17.4375,-61.5,52.50
248.5625,-17.4375,-61.5,52.83
248.5625,-17.4375,-61.5,52.83
248.5625,-17.4375,-61.5,52.83
248.5625,-17.4375,-61.5,52.83
248.5625,-17.4375,-61.5,52.83
248.5625,-17.4375,-61.5,52.83
248.5625,-17.4375,-61.5,52.83
248.5625,-17.4375,-61.5,52.83
248.5625,-17.4375,-61.5,52.83
248.5625,-17.4375,-61.5,52.83
248.5625,-17.4375,-61.5,52.83
248.5625,-17.4375,-61.5,52.83
248.5625,-17.4375,-61.5,52.83
248.5625,-17.4375,-61.5,52.83
248.5625,-17.4375,-61.5,52.83
248.5625,-17.4375,-61.5,52.83
248.5625,-17.4375,-61.5,52.83
248.5625,-17.4375,-61.5,53.17
248.5625,-17.4375,-61.5,53.17
248.5625,-17.4375,-61.5,53.17
248.5625,-17.4375,-61.5,53.17
248.5625,-17.4375,-61.5,53.17
248.5625,-17.4375,-61.5,53.17
248.5625,-17.4375,-61.5,53.17
248.5625,-17.4375,-61.5,53.17
248.5625,-17.4375,-61.5,53.17
248.5625,-17.4375,-61.5,53.17
248.5625,-17.4375,-61.5,53.17
248.5625,-17.4375,-61.5,53.17
248.5625,-17.4375,-61.5,53.17
248.5625,-17.4375,-61.5,53.17
248.5625,-17.4375,-61.5,53.17
248.5625,-17.4375,-61.5,53.17
248.5625,-17.4375,-61.5,53.50
248.5625,-17.4375,-61.5,53.50
248.5625,-17.4375,-61.5,53.50
248.5625,-17.4375,-61.5,53.50
248.5625,-17.4375,-61.5,53.50
248.5625,-17.4375,-61.5,53.50
248.5625,-17.4375,-61.5,53.50
248.5625,-17.4375,-61.5,53.50
248.5625,-17.4375,-61.5,53.50
248.5625,-17.4375,-61.5,53.50
248.5625,-17.4375,-61.5,53.50
248.5625,-17.4375,-61.5,53.50
248.5625,-17.4375,-61.5,53.50
248.5625,-17.4375,-61.5,53.50
248.5625,-17.4375,-61.5,53.50
248.5625,-17.4375,-61.5,53.50
248.5625,-17.4375,-61.5,53.50
248.5,-17.4375,-61.4375,53.83
248.5,-17.4375,-61.4375,53.83
248.5,-17.4375,-61.4375,53.83
248.5,-17.4375,-61.4375,53.83
248.5,-17.4375,-61.4375,53.83
248.5,-17.4375,-61.4375,53.83
248.5,-17.4375,-61.4375,53.83
248.5,-17.4375,-61.4375,53.83
248.5,-17.4375,-61.4375,53.83
248.5,-17.4375,-61.4375,53.83
248.5,-17.4375,-61.4375,53.83
248.5,-17.4375,-61.4375,53.83
248.5,-17.4375,-61.4375,53.83
248.5,-17.4375,-61.4375,53.83
248.5,-17.4375,-61.4375,53.83
248.5,-17.4375,-61.4375,53.83
248.5,-17.4375,-61.4375,53.83
248.5,-17.375,-61.4375,54.17
248.5,-17.375,-61.4375,54.17
248.5,-17.375,-61.4375,54.17
248.5,-17.375,-61.4375,54.17
248.5,-17.375,-61.4375,54.17
248.5,-17.375,-61.4375,54.17
248.5,-17.375,-61.4375,54.17
248.5,-17.375,-61.4375,54.17
248.5,-17.375,-61.4375,54.17
248.5,-17.375,-61.4375,54.17
248.5,-17.375,-61.4375,54.17
248.5,-17.375,-61.4375,54.17
248.5,-17.375,-61.4375,54.17
248.5,-17.375,-61.4375,54.17
248.5,-17.375,-61.4375,54.17
248.5,-17.375,-61.4375,54.17
248.5,-17.375,-61.4375,54.50
248.5,-17.375,-61.4375,54.50
248.5,-17.375,-61.4375,54.50
248.5,-17.375,-61.4375,54.50
248.5,-17.375,-61.4375,54.50
248.5,-17.375,-61.4375,54.50
248.5,-17.375,-61.4375,54.50
248.5,-17.375,-61.4375,54.50
248.5,-17.375,-61.4375,54.50
248.5,-17.375,-61.4375,54.50
248.5,-17.375,-61.4375,54.50
248.5,-17.375,-61.4375,54.50
248.5,-17.375,-61.4375,54.50
248.5,-17.375,-61.4375,54.50
248.5,-17.375,-61.4375,54.50
248.5,-17.375,-61.4375,54.50
248.5,-17.375,-61.4375,54.50
248.5,-17.375,-61.4375,54.83
248.5,-17.375,-61.4375,54.83
248.5,-17.375,-61.4375,54.83
248.5,-17.375,-61.4375,54.83
248.5,-17.375,-61.4375,54.83
248.5,-17.375,-61.4375,54.83
248.5,-17.375,-61.4375,54.83
248.5,-17.375,-61.4375,54.83
248.5,-17.375,-61.4375,54.83
248.5,-17.375,-61.4375,54.83
248.5,-17.375,-61.4375,54.83
248.5,-17.375,-61.4375,54.83
248.5,-17.375,-61.4375,54.83
248.5,-17.375,-61.4375,54.83
248.5,-17.375,-61.4375,54.83
248.5,-17.375,-61.4375,54.83
248.5,-17.375,-61.4375,54.83
248.5,-17.375,-61.4375,55.17
248.5,-17.375,-61.4375,55.17
248.5,-17.375,-61.4375,55.17
248.5,-17.375,-61.4375,55.17
248.5,-17.375,-61.4375,55.17
248.5,-17.375,-61.4375,55.17
248.5,-17.375,-61.4375,55.17
248.5,-17.375,-61.4375,55.17
248.5,-17.375,-61.4375,55.17
248.5,-17.375,-61.4375,55.17
248.5,-17.375,-61.4375,55.17
248.5,-17.375,-61.4375,55.17
248.5,-17.375,-61.4375,55.17
248.5,-17.375,-61.4375,55.17
248.5,-17.375,-61.4375,55.17
248.5,-17.375,-61.4375,55.17
248.4375,-17.375,-61.4375,55.50
248.4375,-17.375,-61.4375,55.50
248.4375,-17.375,-61.4375,55.50
248.4375,-17.375,-61.4375,55.50
248.4375,-17.375,-61.4375,55.50
248.4375,-17.375,-61.4375,55.50
248.4375,-17.375,-61.4375,55.50
248.4375,-17.375,-61.4375,55.50
248.4375,-17.375,-61.4375,55.50
248.4375,-17.375,-61.4375,55.50
248.4375,-17.375,-61.4375,55.50
248.4375,-17.375,-61.4375,55.50
248.4375,-17.375,-61.4375,55.50
248.4375,-17.375,-61.4375,55.50
248.4375,-17.375,-61.4375,55.50
248.4375,-17.375,-61.4375,55.50
248.4375,-17.375,-61.4375,55.50
248.4375,-17.375,-61.4375,55.83
248.4375,-17.375,-61.4375,55.83
248.4375,-17.375,-61.4375,55.83
248.4375,-17.375,-61.4375,55.83
248.4375,-17.375,-61.4375,55.83
248.4375,-17.375,-61.4375,55.83
248.4375,-17.375,-61.4375,55.83
248.4375,-17.375,-61.4375,55.83
248.4375,-17.375,-61.4375,55.83
248.4375,-17.375,-61.4375,55.83
248.4375,-17.375,-61.4375,55.83
248.4375,-17.375,-61.4375,55.83
248.4375,-17.375,-61.4375,55.83
248.4375,-17.375,-61.4375,55.83
248.4375,-17.375,-61.4375,55.83
248.4375,-17.375,-61.4375,55.83
248.4375,-17.375,-61.4375,55.83
248.4375,-17.375,-61.4375,56.17
248.4375,-17.375,-61.4375,56.17
248.4375,-17.375,-61.4375,56.17
248.4375,-17.375,-61.4375,56.17
248.4375,-17.375,-61.4375,56.17
248.4375,-17.375,-61.4375,56.17
248.4375,-17.375,-61.4375,56.17
248.4375,-17.375,-61.4375,56.17
248.4375,-17.375,-61.4375,56.17
248.4375,-17.375,-61.4375,56.17
248.4375,-17.375,-61.4375,56.17
248.4375,-17.375,-61.4375,56.17
248.4375,-17.375,-61.4375,56.17
248.4375,-17.375,-61.4375,56.17
248.4375,-17.375,-61.4375,56.17
248.4375,-17.375,-61.4375,56.17
248.4375,-17.375,-61.4375,56.50
248.4375,-17.375,-61.4375,56.50
248.4375,-17.375,-61.4375,56.50
248.4375,-17.375,-61.4375,56.50
248.4375,-17.375,-61.4375,56.50
248.4375,-17.375,-61.4375,56.50
248.4375,-17.375,-61.4375,56.50
248.4375,-17.375,-61.4375,56.50
248.4375,-17.375,-61.4375,56.50
248.4375,-17.375,-61.4375,56.50
248.4375,-17.375,-61.4375,56.50
248.4375,-17.375,-61.4375,56.50
248.4375,-17.375,-61.4375,56.50
248.4375,-17.375,-61.4375,56.50
248.4375,-17.375,-61.4375,56.50
248.4375,-17.375,-61.4375,56.50
248.4375,-17.375,-61.4375,56.50
248.4375,-17.375,-61.4375,56.83
248.4375,-17.375,-61.4375,56.83
248.4375,-17.375,-61.4375,56.83
248.4375,-17.375,-61.4375,56.83
248.4375,-17.375,-61.4375,56.83
248.4375,-17.375,-61.4375,56.83
248.4375,-17.375,-61.4375,56.83
248.4375,-17.375,-61.4375,56.83
248.4375,-17.375,-61.4375,56.83
248.4375,-17.375,-61.4375,56.83
248.4375,-17.375,-61.4375,56.83
248.4375,-17.375,-61.4375,56.83
248.4375,-17.375,-61.4375,56.83
248.4375,-17.375,-61.4375,56.83
248.4375,-17.375,-61.4375,56.83
248.4375,-17.375,-61.4375,56.83
248.4375,-17.375,-61.4375,56.83
248.4375,-17.3125,-61.4375,57.17
248.4375,-17.3125,-61.4375,57.17
248.4375,-17.3125,-61.4375,57.17
248.4375,-17.3125,-61.4375,57.17
248.4375,-17.3125,-61.4375,57.17
248.4375,-17.3125,-61.4375,57.17
248.4375,-17.3125,-61.4375,57.17
248.4375,-17.3125,-61.4375,57.17
248.4375,-17.3125,-61.4375,57.17
248.4375,-17.3125,-61.4375,57.17
248.4375,-17.3125,-61.4375,57.17
248.4375,-17.3125,-61.4375,57.17
248.4375,-17.3125,-61.4375,57.17
248.4375,-17.3125,-61.4375,57.17
248.4375,-17.3125,-61.4375,57.17
248.4375,-17.3125,-61.4375,57.17
248.4375,-17.3125,-61.4375,57.50
248.4375,-17.3125,-61.4375,57.50
248.4375,-17.3125,-61.4375,57.50
248.4375,-17.3125,-61.4375,57.50
248.4375,-17.3125,-61.4375,57.50
248.4375,-17.3125,-61.4375,57.50
248.4375,-17.3125,-61.4375,57.50
248.4375,-17.3125,-61.4375,57.50
248.4375,-17.3125,-61.4375,57.50
248.4375,-17.3125,-61.4375,57.50
248.4375,-17.3125,-61.4375,57.50
248.4375,-17.3125,-61.4375,57.50
248.4375,-17.3125,-61.4375,57.50
248.4375,-17.3125,-61.4375,57.50
248.4375,-17.3125,-61.4375,57.50
248.4375,-17.3125,-61.4375,57.50
248.4375,-17.3125,-61.4375,57.50
248.4375,-17.3125,-61.4375,57.83
248.4375,-17.3125,-61.4375,57.83
248.4375,-17.3125,-61.4375,57.83
248.4375,-17.3125,-61.4375,57.83
248.4375,-17.3125,-61.4375,57.83
248.4375,-17.3125,-61.4375,57.83
248.4375,-17.3125,-61.4375,57.83
248.4375,-17.3125,-61.4375,57.83
248.4375,-17.3125,-61.4375,57.83
248.4375,-17.3125,-61.4375,57.83
248.4375,-17.3125,-61.4375,57.83
248.4375,-17.3125,-61.4375,57.83
248.4375,-17.3125,-61.4375,57.83
248.4375,-17.3125,-61.4375,57.83
248.4375,-17.3125,-61.4375,57.83
248.4375,-17.3125,-61.4375,57.83
248.4375,-17.3125,-61.4375,57.83
248.4375,-17.3125,-61.4375,58.17
248.4375,-17.3125,-61.4375,58.17
248.4375,-17.3125,-61.4375,58.17
248.4375,-17.3125,-61.4375,58.17
248.4375,-17.3125,-61.4375,58.17
248.4375,-17.3125,-61.4375,58.17
248.4375,-17.3125,-61.4375,58.17
248.4375,-17.3125,-61.4375,58.17
248.4375,-17.3125,-61.4375,58.17
248.4375,-17.3125,-61.4375,58.17
248.4375,-17.3125,-61.4375,58.17
248.4375,-17.3125,-61.4375,58.17
248.4375,-17.3125,-61.4375,58.17
248.4375,-17.3125,-61.4375,58.17
248.4375,-17.3125,-61.4375,58.17
248.4375,-17.3125,-61.4375,58.17
248.4375,-17.3125,-61.4375,58.50
248.4375,-17.3125,-61.4375,58.50
248.4375,-17.3125,-61.4375,58.50
248.4375,-17.3125,-61.4375,58.50
248.4375,-17.3125,-61.4375,58.50
248.4375,-17.3125,-61.4375,58.50
248.4375,-17.3125,-61.4375,58.50
248.4375,-17.3125,-61.4375,58.50
248.4375,-17.3125,-61.4375,58.50
248.4375,-17.3125,-61.4375,58.50
248.4375,-17.3125,-61.4375,58.50
248.4375,-17.3125,-61.4375,58.50
248.4375,-17.3125,-61.4375,58.50
248.4375,-17.3125,-61.4375,58.50
248.4375,-17.3125,-61.4375,58.50
248.4375,-17.3125,-61.4375,58.50
248.4375,-17.3125,-61.4375,58.50
248.4375,-17.25,-61.4375,58.83
248.4375,-17.25,-61.4375,58.83
248.4375,-17.25,-61.4375,58.83
248.4375,-17.25,-61.4375,58.83
248.4375,-17.25,-61.4375,58.83
248.4375,-17.25,-61.4375,58.83
248.4375,-17.25,-61.4375,58.83
248.4375,-17.25,-61.4375,58.83
248.4375,-17.25,-61.4375,58.83
248.4375,-17.25,-61.4375,58.83
248.4375,-17.25,-61.4375,58.83
248.4375,-17.25,-61.4375,58.83
248.4375,-17.25,-61.4375,58.83
248.4375,-17.25,-61.4375,58.83
248.4375,-17.25,-61.4375,58.83
248.4375,-17.25,-61.4375,58.83
248.4375,-17.25,-61.4375,58.83
248.4375,-17.25,-61.4375,59.17
248.4375,-17.25,-61.4375,59.17
248.4375,-17.25,-61.4375,59.17
248.4375,-17.25,-61.4375,59.17
248.4375,-17.25,-61.4375,59.17
248.4375,-17.25,-61.4375,59.17
248.4375,-17.25,-61.4375,59.17
248.4375,-17.25,-61.4375,59.17
248.4375,-17.25,-61.4375,59.17
248.4375,-17.25,-61.4375,59.17
248.4375,-17.25,-61.4375,59.17
248.4375,-17.25,-61.4375,59.17
248.4375,-17.25,-61.4375,59.17
248.4375,-17.25,-61.4375,59.17
248.4375,-17.25,-61.4375,59.17
248.4375,-17.25,-61.4375,59.17
248.4375,-17.25,-61.4375,59.50
248.4375,-17.25,-61.4375,59.50
248.4375,-17.25,-61.4375,59.50
248.4375,-17.25,-61.4375,59.50
248.4375,-17.25,-61.4375,59.50
248.4375,-17.25,-61.4375,59.50
248.4375,-17.25,-61.4375,59.50
248.4375,-17.25,-61.4375,59.50
248.4375,-17.25,-61.4375,59.50
248.4375,-17.25,-61.4375,59.50
248.4375,-17.25,-61.4375,59.50
248.4375,-17.25,-61.4375,59.50
248.4375,-17.25,-61.4375,59.50
248.4375,-17.25,-61.4375,59.50
248.4375,-17.25,-61.4375,59.50
248.4375,-17.25,-61.4375,59.50
248.4375,-17.25,-61.4375,59.50
248.4375,-17.25,-61.4375,59.83
248.4375,-17.25,-61.4375,59.83
248.4375,-17.25,-61.4375,59.83
248.4375,-17.25,-61.4375,59.83
248.4375,-17.25,-61.4375,59.83
248.4375,-17.25,-61.4375,59.83
248.4375,-17.25,-61.4375,59.83
248.4375,-17.25,-61.4375,59.83
248.4375,-17.25,-61.4375,59.83
248.4375,-17.25,-61.4375,59.83
248.4375,-17.25,-61.4375,59.83
248.4375,-17.25,-61.4375,59.83
248.4375,-17.25,-61.4375,59.83
248.4375,-17.25,-61.4375,59.83
248.4375,-17.25,-61.4375,59.83
248.4375,-17.25,-61.4375,59.83
248.4375,-17.25,-61.4375,59.83
248.4375,-17.1875,-61.4375,60.17
248.4375,-17.1875,-61.4375,60.17
248.4375,-17.1875,-61.4375,60.17
248.4375,-17.1875,-61.4375,60.17
248.4375,-17.1875,-61.4375,60.17
248.4375,-17.1875,-61.4375,60.17
248.4375,-17.1875,-61.4375,60.17
248.4375,-17.1875,-61.4375,60.17
248.4375,-17.1875,-61.4375,60.17
248.4375,-17.1875,-61.4375,60.17
248.4375,-17.1875,-61.4375,60.17
248.4375,-17.1875,-61.4375,60.17
248.4375,-17.1875,-61.4375,60.17
248.4375,-17.1875,-61.4375,60.17
248.4375,-17.1875,-61.4375,60.17
248.4375,-17.1875,-61.4375,60.17
248.375,-17.1875,-61.4375,60.50
248.375,-17.1875,-61.4375,60.50
248.375,-17.1875,-61.4375,60.50
248.375,-17.1875,-61.4375,60.50
248.375,-17.1875,-61.4375,60.50
248.375,-17.1875,-61.4375,60.50
248.375,-17.1875,-61.4375,60.50
248.375,-17.1875,-61.4375,60.50
248.375,-17.1875,-61.4375,60.50
248.375,-17.1875,-61.4375,60.50
248.375,-17.1875,-61.4375,60.50
248.375,-17.1875,-61.4375,60.50
248.375,-17.1875,-61.4375,60.50
248.375,-17.1875,-61.4375,60.50
248.375,-17.1875,-61.4375,60.50
248.375,-17.1875,-61.4375,60.50
248.375,-17.1875,-61.4375,60.50
248.375,-17.1875,-61.4375,60.83
248.375,-17.1875,-61.4375,60.83
248.375,-17.1875,-61.4375,60.83
248.375,-17.1875,-61.4375,60.83
248.375,-17.1875,-61.4375,60.83
248.375,-17.1875,-61.4375,60.83
248.375,-17.1875,-61.4375,60.83
248.375,-17.1875,-61.4375,60.83
248.375,-17.1875,-61.4375,60.83
248.375,-17.1875,-61.4375,60.83
248.375,-17.1875,-61.4375,60.83
248.375,-17.1875,-61.4375,60.83
248.375,-17.1875,-61.4375,60.83
248.375,-17.1875,-61.4375,60.83
248.375,-17.1875,-61.4375,60.83
248.375,-17.1875,-61.4375,60.83
248.375,-17.1875,-61.4375,60.83
248.375,-17.125,-61.4375,61.17
248.375,-17.125,-61.4375,61.17
248.375,-17.125,-61.4375,61.17
248.375,-17.125,-61.4375,61.17
248.375,-17.125,-61.4375,61.17
248.375,-17.125,-61.4375,61.17
248.375,-17.125,-61.4375,61.17
248.375,-17.125,-61.4375,61.17
248.375,-17.125,-61.4375,61.17
248.375,-17.125,-61.4375,61.17
248.375,-17.125,-61.4375,61.17
248.375,-17.125,-61.4375,61.17
248.375,-17.125,-61.4375,61.17
248.375,-17.125,-61.4375,61.17
248.375,-17.125,-61.4375,61.17
248.375,-17.125,-61.4375,61.17
248.375,-17.125,-61.4375,61.50
248.375,-17.125,-61.4375,61.50
248.375,-17.125,-61.4375,61.50
248.375,-17.125,-61.4375,61.50
248.375,-17.125,-61.4375,61.50
248.375,-17.125,-61.4375,61.50
248.375,-17.125,-61.4375,61.50
248.375,-17.125,-61.4375,61.50
248.375,-17.125,-61.4375,61.50
248.375,-17.125,-61.4375,61.50
248.375,-17.125,-61.4375,61.50
248.375,-17.125,-61.4375,61.50
248.375,-17.125,-61.4375,61.50
248.375,-17.125,-61.4375,61.50
248.375,-17.125,-61.4375,61.50
248.375,-17.125,-61.4375,61.50
248.375,-17.125,-61.4375,61.50
248.375,-17.125,-61.4375,61.83
248.375,-17.125,-61.4375,61.83
248.375,-17.125,-61.4375,61.83
248.375,-17.125,-61.4375,61.83
248.375,-17.125,-61.4375,61.83
248.375,-17.125,-61.4375,61.83
248.375,-17.125,-61.4375,61.83
248.375,-17.125,-61.4375,61.83
248.375,-17.125,-61.4375,61.83
248.375,-17.125,-61.4375,61.83
248.375,-17.125,-61.4375,61.83
248.375,-17.125,-61.4375,61.83
248.375,-17.125,-61.4375,61.83
248.375,-17.125,-61.4375,61.83
248.375,-17.125,-61.4375,61.83
248.375,-17.125,-61.4375,61.83
248.375,-17.125,-61.4375,61.83
248.375,-17.125,-61.4375,62.17
248.375,-17.125,-61.4375,62.17
248.375,-17.125,-61.4375,62.17
248.375,-17.125,-61.4375,62.17
248.375,-17.125,-61.4375,62.17
248.375,-17.125,-61.4375,62.17
248.375,-17.125,-61.4375,62.17
248.375,-17.125,-61.4375,62.17
248.375,-17.125,-61.4375,62.17
248.375,-17.125,-61.4375,62.17
248.375,-17.125,-61.4375,62.17
248.375,-17.125,-61.4375,62.17
248.375,-17.125,-61.4375,62.17
248.375,-17.125,-61.4375,62.17
248.375,-17.125,-61.4375,62.17
248.375,-17.125,-61.4375,62.17
248.3125,-17.125,-61.5,62.50
248.3125,-17.125,-61.5,62.50
248.3125,-17.125,-61.5,62.50
248.3125,-17.125,-61.5,62.50
248.3125,-17.125,-61.5,62.50
248.3125,-17.125,-61.5,62.50
248.3125,-17.125,-61.5,62.50
248.3125,-17.125,-61.5,62.50
248.3125,-17.125,-61.5,62.50
248.3125,-17.125,-61.5,62.50
248.3125,-17.125,-61.5,62.50
248.3125,-17.125,-61.5,62.50
248.3125,-17.125,-61.5,62.50
248.3125,-17.125,-61.5,62.50
248.3125,-17.125,-61.5,62.50
248.3125,-17.125,-61.5,62.50
248.3125,-17.125,-61.5,62.50
248.3125,-17.125,-61.5,62.83
248.3125,-17.125,-61.5,62.83
248.3125,-17.125,-61.5,62.83
248.3125,-17.125,-61.5,62.83
248.3125,-17.125,-61.5,62.83
248.3125,-17.125,-61.5,62.83
248.3125,-17.125,-61.5,62.83
248.3125,-17.125,-61.5,62.83
248.3125,-17.125,-61.5,62.83
248.3125,-17.125,-61.5,62.83
248.3125,-17.125,-61.5,62.83
248.3125,-17.125,-61.5,62.83
248.3125,-17.125,-61.5,62.83
248.3125,-17.125,-61.5,62.83
248.3125,-17.125,-61.5,62.83
248.3125,-17.125,-61.5,62.83
248.3125,-17.125,-61.5,62.83
248.3125,-17.0625,-61.5,63.17
248.3125,-17.0625,-61.5,63.17
248.3125,-17.0625,-61.5,63.17
248.3125,-17.0625,-61.5,63.17
248.3125,-17.0625,-61.5,63.17
248.3125,-17.0625,-61.5,63.17
248.3125,-17.0625,-61.5,63.17
248.3125,-17.0625,-61.5,63.17
248.3125,-17.0625,-61.5,63.17
248.3125,-17.0625,-61.5,63.17
248.3125,-17.0625,-61.5,63.17
248.3125,-17.0625,-61.5,63.17
248.3125,-17.0625,-61.5,63.17
248.3125,-17.0625,-61.5,63.17
248.3125,-17.0625,-61.5,63.17
248.3125,-17.0625,-61.5,63.17
248.25,-17.0625,-61.5,63.50
248.25,-17.0625,-61.5,63.50
248.25,-17.0625,-61.5,63.50
248.25,-17.0625,-61.5,63.50
248.25,-17.0625,-61.5,63.50
248.25,-17.0625,-61.5,63.50
248.25,-17.0625,-61.5,63.50
248.25,-17.0625,-61.5,63.50
248.25,-17.0625,-61.5,63.50
248.25,-17.0625,-61.5,63.50
248.25,-17.0625,-61.5,63.50
248.25,-17.0625,-61.5,63.50
248.25,-17.0625,-61.5,63.50
248.25,-17.0625,-61.5,63.50
248.25,-17.0625,-61.5,63.50
248.25,-17.0625,-61.5,63.50
248.25,-17.0625,-61.5,63.50
248.25,-17.0625,-61.5,63.83
248.25,-17.0625,-61.5,63.83
248.25,-17.0625,-61.5,63.83
248.25,-17.0625,-61.5,63.83
248.25,-17.0625,-61.5,63.83
248.25,-17.0625,-61.5,63.83
248.25,-17.0625,-61.5,63.83
248.25,-17.0625,-61.5,63.83
248.25,-17.0625,-61.5,63.83
248.25,-17.0625,-61.5,63.83
248.25,-17.0625,-61.5,63.83
248.25,-17.0625,-61.5,63.83
248.25,-17.0625,-61.5,63.83
248.25,-17.0625,-61.5,63.83
248.25,-17.0625,-61.5,63.83
248.25,-17.0625,-61.5,63.83
248.25,-17.0625,-61.5,63.83
248.25,-17.0625,-61.5,64.17
248.25,-17.0625,-61.5,64.17
248.25,-17.0625,-61.5,64.17
248.25,-17.0625,-61.5,64.17
248.25,-17.0625,-61.5,64.17
248.25,-17.0625,-61.5,64.17
248.25,-17.0625,-61.5,64.17
248.25,-17.0625,-61.5,64.17
248.25,-17.0625,-61.5,64.17
248.25,-17.0625,-61.5,64.17
248.25,-17.0625,-61.5,64.17
248.25,-17.0625,-61.5,64.17
248.25,-17.0625,-61.5,64.17
248.25,-17.0625,-61.5,64.17
248.25,-17.0625,-61.5,64.17
248.25,-17.0625,-61.5,64.17
248.25,-17.0625,-61.5,64.50
248.25,-17.0625,-61.5,64.50
248.25,-17.0625,-61.5,64.50
248.25,-17.0625,-61.5,64.50
248.25,-17.0625,-61.5,64.50
248.25,-17.0625,-61.5,64.50
248.25,-17.0625,-61.5,64.50
248.25,-17.0625,-61.5,64.50
248.25,-17.0625,-61.5,64.50
248.25,-17.0625,-61.5,64.50
248.25,-17.0625,-61.5,64.50
248.25,-17.0625,-61.5,64.50
248.25,-17.0625,-61.5,64.50
248.25,-17.0625,-61.5,64.50
248.25,-17.0625,-61.5,64.50
248.25,-17.0625,-61.5,64.50
248.25,-17.0625,-61.5,64.50
248.25,-17.0625,-61.5,64.83
248.25,-17.0625,-61.5,64.83
248.25,-17.0625,-61.5,64.83
248.25,-17.0625,-61.5,64.83
248.25,-17.0625,-61.5,64.83
248.25,-17.0625,-61.5,64.83
248.25,-17.0625,-61.5,64.83
248.25,-17.0625,-61.5,64.83
248.25,-17.0625,-61.5,64.83
248.25,-17.0625,-61.5,64.83
248.25,-17.0625,-61.5,64.83
248.25,-17.0625,-61.5,64.83
248.25,-17.0625,-61.5,64.83
248.25,-17.0625,-61.5,64.83
248.25,-17.0625,-61.5,64.83
248.25,-17.0625,-61.5,64.83
248.25,-17.0625,-61.5,64.83
248.25,-17.0625,-61.5,65.17
248.25,-17.0625,-61.5,65.17
248.25,-17.0625,-61.5,65.17
248.25,-17.0625,-61.5,65.17
248.25,-17.0625,-61.5,65.17
248.25,-17.0625,-61.5,65.17
248.25,-17.0625,-61.5,65.17
248.25,-17.0625,-61.5,65.17
248.25,-17.0625,-61.5,65.17
248.25,-17.0625,-61.5,65.17
248.25,-17.0625,-61.5,65.17
248.25,-17.0625,-61.5,65.17
248.25,-17.0625,-61.5,65.17
248.25,-17.0625,-61.5,65.17
248.25,-17.0625,-61.5,65.17
248.25,-17.0625,-61.5,65.17
248.1875,-17.0625,-61.5,65.50
248.1875,-17.0625,-61.5,65.50
248.1875,-17.0625,-61.5,65.50
248.1875,-17.0625,-61.5,65.50
248.1875,-17.0625,-61.5,65.50
248.1875,-17.0625,-61.5,65.50
248.1875,-17.0625,-61.5,65.50
248.1875,-17.0625,-61.5,65.50
248.1875,-17.0625,-61.5,65.50
248.1875,-17.0625,-61.5,65.50
248.1875,-17.0625,-61.5,65.50
248.1875,-17.0625,-61.5,65.50
248.1875,-17.0625,-61.5,65.50
248.1875,-17.0625,-61.5,65.50
248.1875,-17.0625,-61.5,65.50
248.1875,-17.0625,-61.5,65.50
248.1875,-17.0625,-61.5,65.50
248.1875,-17.0625,-61.5,65.83
248.1875,-17.0625,-61.5,65.83
248.1875,-17.0625,-61.5,65.83
248.1875,-17.0625,-61.5,65.83
248.1875,-17.0625,-61.5,65.83
248.1875,-17.0625,-61.5,65.83
248.1875,-17.0625,-61.5,65.83
248.1875,-17.0625,-61.5,65.83
248.1875,-17.0625,-61.5,65.83
248.1875,-17.0625,-61.5,65.83
248.1875,-17.0625,-61.5,65.83
248.1875,-17.0625,-61.5,65.83
248.1875,-17.0625,-61.5,65.83
248.1875,-17.0625,-61.5,65.83
248.1875,-17.0625,-61.5,65.83
248.1875,-17.0625,-61.5,65.83
248.1875,-17.0625,-61.5,65.83
248.1875,-17.0,-61.5625,66.17
248.1875,-17.0,-61.5625,66.17
248.1875,-17.0,-61.5625,66.17
248.1875,-17.0,-61.5625,66.17
248.1875,-17.0,-61.5625,66.17
248.1875,-17.0,-61.5625,66.17
248.1875,-17.0,-61.5625,66.17
248.1875,-17.0,-61.5625,66.17
248.1875,-17.0,-61.5625,66.17
248.1875,-17.0,-61.5625,66.17
248.1875,-17.0,-61.5625,66.17
248.1875,-17.0,-61.5625,66.17
248.1875,-17.0,-61.5625,66.17
248.1875,-17.0,-61.5625,66.17
248.1875,-17.0,-61.5625,66.17
248.1875,-17.0,-61.5625,66.17
248.1875,-17.0,-61.5625,66.50
248.1875,-17.0,-61.5625,66.50
248.1875,-17.0,-61.5625,66.50
248.1875,-17.0,-61.5625,66.50
248.1875,-17.0,-61.5625,66.50
248.1875,-17.0,-61.5625,66.50
248.1875,-17.0,-61.5625,66.50
248.1875,-17.0,-61.5625,66.50
248.1875,-17.0,-61.5625,66.50
248.1875,-17.0,-61.5625,66.50
248.1875,-17.0,-61.5625,66.50
248.1875,-17.0,-61.5625,66.50
248.1875,-17.0,-61.5625,66.50
248.1875,-17.0,-61.5625,66.50
248.1875,-17.0,-61.5625,66.50
248.1875,-17.0,-61.5625,66.50
248.1875,-17.0,-61.5625,66.50
248.1875,-17.0,-61.5625,66.83
248.1875,-17.0,-61.5625,66.83
248.1875,-17.0,-61.5625,66.83
248.1875,-17.0,-61.5625,66.83
248.1875,-17.0,-61.5625,66.83
248.1875,-17.0,-61.5625,66.83
248.1875,-17.0,-61.5625,66.83
248.1875,-17.0,-61.5625,66.83
248.1875,-17.0,-61.5625,66.83
248.1875,-17.0,-61.5625,66.83
248.1875,-17.0,-61.5625,66.83
248.1875,-17.0,-61.5625,66.83
248.1875,-17.0,-61.5625,66.83
248.1875,-17.0,-61.5625,66.83
248.1875,-17.0,-61.5625,66.83
248.1875,-17.0,-61.5625,66.83
248.1875,-17.0,-61.5625,66.83
248.125,-17.0,-61.5625,67.17
248.125,-17.0,-61.5625,67.17
248.125,-17.0,-61.5625,67.17
248.125,-17.0,-61.5625,67.17
248.125,-17.0,-61.5625,67.17
248.125,-17.0,-61.5625,67.17
248.125,-17.0,-61.5625,67.17
248.125,-17.0,-61.5625,67.17
248.125,-17.0,-61.5625,67.17
248.125,-17.0,-61.5625,67.17
248.125,-17.0,-61.5625,67.17
248.125,-17.0,-61.5625,67.17
248.125,-17.0,-61.5625,67.17
248.125,-17.0,-61.5625,67.17
248.125,-17.0,-61.5625,67.17
248.125,-17.0,-61.5625,67.17
248.125,-17.0,-61.5625,67.50
248.125,-17.0,-61.5625,67.50
248.125,-17.0,-61.5625,67.50
248.125,-17.0,-61.5625,67.50
248.125,-17.0,-61.5625,67.50
248.125,-17.0,-61.5625,67.50
248.125,-17.0,-61.5625,67.50
248.125,-17.0,-61.5625,67.50
248.125,-17.0,-61.5625,67.50
248.125,-17.0,-61.5625,67.50
248.125,-17.0,-61.5625,67.50
248.125,-17.0,-61.5625,67.50
248.125,-17.0,-61.5625,67.50
248.125,-17.0,-61.5625,67.50
248.125,-17.0,-61.5625,67.50
248.125,-17.0,-61.5625,67.50
248.125,-17.0,-61.5625,67.50
248.125,-17.0,-61.5625,67.83
248.125,-17.0,-61.5625,67.83
248.125,-17.0,-61.5625,67.83
248.125,-17.0,-61.5625,67.83
248.125,-17.0,-61.5625,67.83
248.125,-17.0,-61.5625,67.83
248.125,-17.0,-61.5625,67.83
248.125,-17.0,-61.5625,67.83
248.125,-17.0,-61.5625,67.83
248.125,-17.0,-61.5625,67.83
248.125,-17.0,-61.5625,67.83
248.125,-17.0,-61.5625,67.83
248.125,-17.0,-61.5625,67.83
248.125,-17.0,-61.5625,67.83
248.125,-17.0,-61.5625,67.83
248.125,-17.0,-61.5625,67.83
248.125,-17.0,-61.5625,67.83
248.125,-17.0,-61.5625,68.17
248.125,-17.0,-61.5625,68.17
248.125,-17.0,-61.5625,68.17
248.125,-17.0,-61.5625,68.17
248.125,-17.0,-61.5625,68.17
248.125,-17.0,-61.5625,68.17
248.125,-17.0,-61.5625,68.17
248.125,-17.0,-61.5625,68.17
248.125,-17.0,-61.5625,68.17
248.125,-17.0,-61.5625,68.17
248.125,-17.0,-61.5625,68.17
248.125,-17.0,-61.5625,68.17
248.125,-17.0,-61.5625,68.17
248.125,-17.0,-61.5625,68.17
248.125,-17.0,-61.5625,68.17
248.125,-17.0,-61.5625,68.17
248.125,-17.0,-61.625,68.50
248.125,-17.0,-61.625,68.50
248.125,-17.0,-61.625,68.50
248.125,-17.0,-61.625,68.50
248.125,-17.0,-61.625,68.50
248.125,-17.0,-61.625,68.50
248.125,-17.0,-61.625,68.50
248.125,-17.0,-61.625,68.50
248.125,-17.0,-61.625,68.50
248.125,-17.0,-61.625,68.50
248.125,-17.0,-61.625,68.50
248.125,-17.0,-61.625,68.50
248.125,-17.0,-61.625,68.50
248.125,-17.0,-61.625,68.50
248.125,-17.0,-61.625,68.50
248.125,-17.0,-61.625,68.50
248.125,-17.0,-61.625,68.50
248.125,-17.0,-61.625,68.83
248.125,-17.0,-61.625,68.83
248.125,-17.0,-61.625,68.83
248.125,-17.0,-61.625,68.83
248.125,-17.0,-61.625,68.83
248.125,-17.0,-61.625,68.83
248.125,-17.0,-61.625,68.83
248.125,-17.0,-61.625,68.83
248.125,-17.0,-61.625,68.83
248.125,-17.0,-61.625,68.83
248.125,-17.0,-61.625,68.83
248.125,-17.0,-61.625,68.83
248.125,-17.0,-61.625,68.83
248.125,-17.0,-61.625,68.83
248.125,-17.0,-61.625,68.83
248.125,-17.0,-61.625,68.83
248.125,-17.0,-61.625,68.83
248.0625,-17.0,-61.6875,69.17
248.0625,-17.0,-61.6875,69.17
248.0625,-17.0,-61.6875,69.17
248.0625,-17.0,-61.6875,69.17
248.0625,-17.0,-61.6875,69.17
248.0625,-17.0,-61.6875,69.17
248.0625,-17.0,-61.6875,69.17
248.0625,-17.0,-61.6875,69.17
248.0625,-17.0,-61.6875,69.17
248.0625,-17.0,-61.6875,69.17
248.0625,-17.0,-61.6875,69.17
248.0625,-17.0,-61.6875,69.17
248.0625,-17.0,-61.6875,69.17
248.0625,-17.0,-61.6875,69.17
248.0625,-17.0,-61.6875,69.17
248.0625,-17.0,-61.6875,69.17
248.0625,-17.0,-61.6875,69.50
248.0625,-17.0,-61.6875,69.50
248.0625,-17.0,-61.6875,69.50
248.0625,-17.0,-61.6875,69.50
248.0625,-17.0,-61.6875,69.50
248.0625,-17.0,-61.6875,69.50
248.0625,-17.0,-61.6875,69.50
248.0625,-17.0,-61.6875,69.50
248.0625,-17.0,-61.6875,69.50
248.0625,-17.0,-61.6875,69.50
248.0625,-17.0,-61.6875,69.50
248.0625,-17.0,-61.6875,69.50
248.0625,-17.0,-61.6875,69.50
248.0625,-17.0,-61.6875,69.50
248.0625,-17.0,-61.6875,69.50
248.0625,-17.0,-61.6875,69.50
248.0625,-17.0,-61.6875,69.50
248.0625,-17.0,-61.6875,69.83
248.0625,-17.0,-61.6875,69.83
248.0625,-17.0,-61.6875,69.83
248.0625,-17.0,-61.6875,69.83
248.0625,-17.0,-61.6875,69.83
248.0625,-17.0,-61.6875,69.83
248.0625,-17.0,-61.6875,69.83
248.0625,-17.0,-61.6875,69.83
248.0625,-17.0,-61.6875,69.83
248.0625,-17.0,-61.6875,69.83
248.0625,-17.0,-61.6875,69.83
248.0625,-17.0,-61.6875,69.83
248.0625,-17.0,-61.6875,69.83
248.0625,-17.0,-61.6875,69.83
248.0625,-17.0,-61.6875,69.83
248.0625,-17.0,-61.6875,69.83
248.0625,-17.0,-61.6875,69.83
248.0,-17.0625,-61.75,70.17
248.0,-17.0625,-61.75,70.17
248.0,-17.0625,-61.75,70.17
248.0,-17.0625,-61.75,70.17
248.0,-17.0625,-61.75,70.17
248.0,-17.0625,-61.75,70.17
248.0,-17.0625,-61.75,70.17
248.0,-17.0625,-61.75,70.17
248.0,-17.0625,-61.75,70.17
248.0,-17.0625,-61.75,70.17
248.0,-17.0625,-61.75,70.17
248.0,-17.0625,-61.75,70.17
248.0,-17.0625,-61.75,70.17
248.0,-17.0625,-61.75,70.17
248.0,-17.0625,-61.75,70.17
248.0,-17.0625,-61.75,70.17
248.0,-17.0625,-61.75,70.50
248.0,-17.0625,-61.75,70.50
248.0,-17.0625,-61.75,70.50
248.0,-17.0625,-61.75,70.50
248.0,-17.0625,-61.75,70.50
248.0,-17.0625,-61.75,70.50
248.0,-17.0625,-61.75,70.50
248.0,-17.0625,-61.75,70.50
248.0,-17.0625,-61.75,70.50
248.0,-17.0625,-61.75,70.50
248.0,-17.0625,-61.75,70.50
248.0,-17.0625,-61.75,70.50
248.0,-17.0625,-61.75,70.50
248.0,-17.0625,-61.75,70.50
248.0,-17.0625,-61.75,70.50
248.0,-17.0625,-61.75,70.50
248.0,-17.0625,-61.75,70.50
248.0,-17.0625,-61.75,70.83
248.0,-17.0625,-61.75,70.83
248.0,-17.0625,-61.75,70.83
248.0,-17.0625,-61.75,70.83
248.0,-17.0625,-61.75,70.83
248.0,-17.0625,-61.75,70.83
248.0,-17.0625,-61.75,70.83
248.0,-17.0625,-61.75,70.83
248.0,-17.0625,-61.75,70.83
248.0,-17.0625,-61.75,70.83
248.0,-17.0625,-61.75,70.83
248.0,-17.0625,-61.75,70.83
248.0,-17.0625,-61.75,70.83
248.0,-17.0625,-61.75,70.83
248.0,-17.0625,-61.75,70.83
248.0,-17.0625,-61.75,70.83
248.0,-17.0625,-61.75,70.83
247.9375,-17.0625,-61.75,71.17
247.9375,-17.0625,-61.75,71.17
247.9375,-17.0625,-61.75,71.17
247.9375,-17.0625,-61.75,71.17
247.9375,-17.0625,-61.75,71.17
247.9375,-17.0625,-61.75,71.17
247.9375,-17.0625,-61.75,71.17
247.9375,-17.0625,-61.75,71.17
247.9375,-17.0625,-61.75,71.17
247.9375,-17.0625,-61.75,71.17
247.9375,-17.0625,-61.75,71.17
247.9375,-17.0625,-61.75,71.17
247.9375,-17.0625,-61.75,71.17
247.9375,-17.0625,-61.75,71.17
247.9375,-17.0625,-61.75,71.17
247.9375,-17.0625,-61.75,71.17
247.9375,-17.0625,-61.75,71.50
247.9375,-17.0625,-61.75,71.50
247.9375,-17.0625,-61.75,71.50
247.9375,-17.0625,-61.75,71.50
247.9375,-17.0625,-61.75,71.50
247.9375,-17.0625,-61.75,71.50
247.9375,-17.0625,-61.75,71.50
247.9375,-17.0625,-61.75,71.50
247.9375,-17.0625,-61.75,71.50
247.9375,-17.0625,-61.75,71.50
247.9375,-17.0625,-61.75,71.50
247.9375,-17.0625,-61.75,71.50
247.9375,-17.0625,-61.75,71.50
247.9375,-17.0625,-61.75,71.50
247.9375,-17.0625,-61.75,71.50
247.9375,-17.0625,-61.75,71.50
247.9375,-17.0625,-61.75,71.50
247.875,-17.0625,-61.75,71.83
247.875,-17.0625,-61.75,71.83
247.875,-17.0625,-61.75,71.83
247.875,-17.0625,-61.75,71.83
247.875,-17.0625,-61.75,71.83
247.875,-17.0625,-61.75,71.83
247.875,-17.0625,-61.75,71.83
247.875,-17.0625,-61.75,71.83
247.875,-17.0625,-61.75,71.83
247.875,-17.0625,-61.75,71.83
247.875,-17.0625,-61.75,71.83
247.875,-17.0625,-61.75,71.83
247.875,-17.0625,-61.75,71.83
247.875,-17.0625,-61.75,71.83
247.875,-17.0625,-61.75,71.83
247.875,-17.0625,-61.75,71.83
247.875,-17.0625,-61.75,71.83
247.875,-17.0625,-61.75,72.17
247.875,-17.0625,-61.75,72.17
247.875,-17.0625,-61.75,72.17
247.875,-17.0625,-61.75,72.17
247.875,-17.0625,-61.75,72.17
247.875,-17.0625,-61.75,72.17
247.875,-17.0625,-61.75,72.17
247.875,-17.0625,-61.75,72.17
247.875,-17.0625,-61.75,72.17
247.875,-17.0625,-61.75,72.17
247.875,-17.0625,-61.75,72.17
247.875,-17.0625,-61.75,72.17
247.875,-17.0625,-61.75,72.17
247.875,-17.0625,-61.75,72.17
247.875,-17.0625,-61.75,72.17
247.875,-17.0625,-61.75,72.17
247.875,-17.0625,-61.75,72.50
247.875,-17.0625,-61.75,72.50
247.875,-17.0625,-61.75,72.50
247.875,-17.0625,-61.75,72.50
247.875,-17.0625,-61.75,72.50
247.875,-17.0625,-61.75,72.50
247.875,-17.0625,-61.75,72.50
247.875,-17.0625,-61.75,72.50
247.875,-17.0625,-61.75,72.50
247.875,-17.0625,-61.75,72.50
247.875,-17.0625,-61.75,72.50
247.875,-17.0625,-61.75,72.50
247.875,-17.0625,-61.75,72.50
247.875,-17.0625,-61.75,72.50
247.875,-17.0625,-61.75,72.50
247.875,-17.0625,-61.75,72.50
247.875,-17.0625,-61.75,72.50
247.75,-17.0625,-61.75,72.83
247.75,-17.0625,-61.75,72.83
247.75,-17.0625,-61.75,72.83
247.75,-17.0625,-61.75,72.83
247.75,-17.0625,-61.75,72.83
247.75,-17.0625,-61.75,72.83
247.75,-17.0625,-61.75,72.83
247.75,-17.0625,-61.75,72.83
247.75,-17.0625,-61.75,72.83
247.75,-17.0625,-61.75,72.83
247.75,-17.0625,-61.75,72.83
247.75,-17.0625,-61.75,72.83
247.75,-17.0625,-61.75,72.83
247.75,-17.0625,-61.75,72.83
247.75,-17.0625,-61.75,72.83
247.75,-17.0625,-61.75,72.83
247.75,-17.0625,-61.75,72.83
247.625,-17.0,-61.6875,73.17
247.625,-17.0,-61.6875,73.17
247.625,-17.0,-61.6875,73.17
247.625,-17.0,-61.6875,73.17
247.625,-17.0,-61.6875,73.17
247.625,-17.0,-61.6875,73.17
247.625,-17.0,-61.6875,73.17
247.625,-17.0,-61.6875,73.17
247.625,-17.0,-61.6875,73.17
247.625,-17.0,-61.6875,73.17
247.625,-17.0,-61.6875,73.17
247.625,-17.0,-61.6875,73.17
247.625,-17.0,-61.6875,73.17
247.625,-17.0,-61.6875,73.17
247.625,-17.0,-61.6875,73.17
247.625,-17.0,-61.6875,73.17
247.625,-17.0,-61.6875,73.50
247.625,-17.0,-61.6875,73.50
247.625,-17.0,-61.6875,73.50
247.625,-17.0,-61.6875,73.50
247.625,-17.0,-61.6875,73.50
247.625,-17.0,-61.6875,73.50
247.625,-17.0,-61.6875,73.50
247.625,-17.0,-61.6875,73.50
247.625,-17.0,-61.6875,73.50
247.625,-17.0,-61.6875,73.50
247.625,-17.0,-61.6875,73.50
247.625,-17.0,-61.6875,73.50
247.625,-17.0,-61.6875,73.50
247.625,-17.0,-61.6875,73.50
247.625,-17.0,-61.6875,73.50
247.625,-17.0,-61.6875,73.50
247.625,-17.0,-61.6875,73.50
247.4375,-17.0,-61.5,73.83
247.4375,-17.0,-61.5,73.83
247.4375,-17.0,-61.5,73.83
247.4375,-17.0,-61.5,73.83
247.4375,-17.0,-61.5,73.83
247.4375,-17.0,-61.5,73.83
247.4375,-17.0,-61.5,73.83
247.4375,-17.0,-61.5,73.83
247.4375,-17.0,-61.5,73.83
247.4375,-17.0,-61.5,73.83
247.4375,-17.0,-61.5,73.83
247.4375,-17.0,-61.5,73.83
247.4375,-17.0,-61.5,73.83
247.4375,-17.0,-61.5,73.83
247.4375,-17.0,-61.5,73.83
247.4375,-17.0,-61.5,73.83
247.4375,-17.0,-61.5,73.83
247.4375,-17.0,-61.5,74.17
247.4375,-17.0,-61.5,74.17
247.4375,-17.0,-61.5,74.17
247.4375,-17.0,-61.5,74.17
247.4375,-17.0,-61.5,74.17
247.4375,-17.0,-61.5,74.17
247.4375,-17.0,-61.5,74.17
247.4375,-17.0,-61.5,74.17
247.4375,-17.0,-61.5,74.17
247.4375,-17.0,-61.5,74.17
247.4375,-17.0,-61.5,74.17
247.4375,-17.0,-61.5,74.17
247.4375,-17.0,-61.5,74.17
247.4375,-17.0,-61.5,74.17
247.4375,-17.0,-61.5,74.17
247.4375,-17.0,-61.5,74.17
247.125,-16.9375,-61.25,74.50
247.125,-16.9375,-61.25,74.50
247.125,-16.9375,-61.25,74.50
247.125,-16.9375,-61.25,74.50
247.125,-16.9375,-61.25,74.50
247.125,-16.9375,-61.25,74.50
247.125,-16.9375,-61.25,74.50
247.125,-16.9375,-61.25,74.50
247.125,-16.9375,-61.25,74.50
247.125,-16.9375,-61.25,74.50
247.125,-16.9375,-61.25,74.50
247.125,-16.9375,-61.25,74.50
247.125,-16.9375,-61.25,74.50
247.125,-16.9375,-61.25,74.50
247.125,-16.9375,-61.25,74.50
247.125,-16.9375,-61.25,74.50
247.125,-16.9375,-61.25,74.50
247.125,-16.9375,-61.25,74.83
247.125,-16.9375,-61.25,74.83
247.125,-16.9375,-61.25,74.83
247.125,-16.9375,-61.25,74.83
247.125,-16.9375,-61.25,74.83
247.125,-16.9375,-61.25,74.83
247.125,-16.9375,-61.25,74.83
247.125,-16.9375,-61.25,74.83
247.125,-16.9375,-61.25,74.83
247.125,-16.9375,-61.25,74.83
247.125,-16.9375,-61.25,74.83
247.125,-16.9375,-61.25,74.83
247.125,-16.9375,-61.25,74.83
247.125,-16.9375,-61.25,74.83
247.125,-16.9375,-61.25,74.83
247.125,-16.9375,-61.25,74.83
247.125,-16.9375,-61.25,74.83
246.8125,-16.875,-60.9375,75.17
246.8125,-16.875,-60.9375,75.17
246.8125,-16.875,-60.9375,75.17
246.8125,-16.875,-60.9375,75.17
246.8125,-16.875,-60.9375,75.17
246.8125,-16.875,-60.9375,75.17
246.8125,-16.875,-60.9375,75.17
246.8125,-16.875,-60.9375,75.17
246.8125,-16.875,-60.9375,75.17
246.8125,-16.875,-60.9375,75.17
246.8125,-16.875,-60.9375,75.17
246.8125,-16.875,-60.9375,75.17
246.8125,-16.875,-60.9375,75.17
246.8125,-16.875,-60.9375,75.17
246.8125,-16.875,-60.9375,75.17
246.8125,-16.875,-60.9375,75.17
246.8125,-16.875,-60.9375,75.50
246.8125,-16.875,-60.9375,75.50
246.8125,-16.875,-60.9375,75.50
246.8125,-16.875,-60.9375,75.50
246.8125,-16.875,-60.9375,75.50
246.8125,-16.875,-60.9375,75.50
246.8125,-16.875,-60.9375,75.50
246.8125,-16.875,-60.9375,75.50
246.8125,-16.875,-60.9375,75.50
246.8125,-16.875,-60.9375,75.50
246.8125,-16.875,-60.9375,75.50
246.8125,-16.875,-60.9375,75.50
246.8125,-16.875,-60.9375,75.50
246.8125,-16.875,-60.9375,75.50
246.8125,-16.875,-60.9375,75.50
246.8125,-16.875,-60.9375,75.50
246.8125,-16.875,-60.9375,75.50
246.8125,-16.875,-60.9375,75.83
246.8125,-16.875,-60.9375,75.83
246.8125,-16.875,-60.9375,75.83
246.8125,-16.875,-60.9375,75.83
246.8125,-16.875,-60.9375,75.83
246.8125,-16.875,-60.9375,75.83
246.8125,-16.875,-60.9375,75.83
246.8125,-16.875,-60.9375,75.83
246.8125,-16.875,-60.9375,75.83
246.8125,-16.875,-60.9375,75.83
246.8125,-16.875,-60.9375,75.83
246.8125,-16.875,-60.9375,75.83
246.8125,-16.875,-60.9375,75.83
246.8125,-16.875,-60.9375,75.83
246.8125,-16.875,-60.9375,75.83
246.8125,-16.875,-60.9375,75.83
246.8125,-16.875,-60.9375,75.83
246.375,-16.75,-60.5625,76.17
246.375,-16.75,-60.5625,76.17
246.375,-16.75,-60.5625,76.17
246.375,-16.75,-60.5625,76.17
246.375,-16.75,-60.5625,76.17
246.375,-16.75,-60.5625,76.17
246.375,-16.75,-60.5625,76.17
246.375,-16.75,-60.5625,76.17
246.375,-16.75,-60.5625,76.17
246.375,-16.75,-60.5625,76.17
246.375,-16.75,-60.5625,76.17
246.375,-16.75,-60.5625,76.17
246.375,-16.75,-60.5625,76.17
246.375,-16.75,-60.5625,76.17
246.375,-16.75,-60.5625,76.17
246.375,-16.75,-60.5625,76.17
245.9375,-16.6875,-60.1875,76.50
245.9375,-16.6875,-60.1875,76.50
245.9375,-16.6875,-60.1875,76.50
245.9375,-16.6875,-60.1875,76.50
245.9375,-16.6875,-60.1875,76.50
245.9375,-16.6875,-60.1875,76.50
245.9375,-16.6875,-60.1875,76.50
245.9375,-16.6875,-60.1875,76.50
245.9375,-16.6875,-60.1875,76.50
245.9375,-16.6875,-60.1875,76.50
245.9375,-16.6875,-60.1875,76.50
245.9375,-16.6875,-60.1875,76.50
245.9375,-16.6875,-60.1875,76.50
245.9375,-16.6875,-60.1875,76.50
245.9375,-16.6875,-60.1875,76.50
245.9375,-16.6875,-60.1875,76.50
245.9375,-16.6875,-60.1875,76.50
245.9375,-16.6875,-60.1875,76.83
245.9375,-16.6875,-60.1875,76.83
245.9375,-16.6875,-60.1875,76.83
245.9375,-16.6875,-60.1875,76.83
245.9375,-16.6875,-60.1875,76.83
245.9375,-16.6875,-60.1875,76.83
245.9375,-16.6875,-60.1875,76.83
245.9375,-16.6875,-60.1875,76.83
245.9375,-16.6875,-60.1875,76.83
245.9375,-16.6875,-60.1875,76.83
245.9375,-16.6875,-60.1875,76.83
245.9375,-16.6875,-60.1875,76.83
245.9375,-16.6875,-60.1875,76.83
245.9375,-16.6875,-60.1875,76.83
245.9375,-16.6875,-60.1875,76.83
245.9375,-16.6875,-60.1875,76.83
245.9375,-16.6875,-60.1875,76.83
245.4375,-16.5625,-59.8125,77.17
245.4375,-16.5625,-59.8125,77.17
245.4375,-16.5625,-59.8125,77.17
245.4375,-16.5625,-59.8125,77.17
245.4375,-16.5625,-59.8125,77.17
245.4375,-16.5625,-59.8125,77.17
245.4375,-16.5625,-59.8125,77.17
245.4375,-16.5625,-59.8125,77.17
245.4375,-16.5625,-59.8125,77.17
245.4375,-16.5625,-59.8125,77.17
245.4375,-16.5625,-59.8125,77.17
245.4375,-16.5625,-59.8125,77.17
245.4375,-16.5625,-59.8125,77.17
245.4375,-16.5625,-59.8125,77.17
245.4375,-16.5625,-59.8125,77.17
245.4375,-16.5625,-59.8125,77.17
245.4375,-16.5625,-59.8125,77.50
245.4375,-16.5625,-59.8125,77.50
245.4375,-16.5625,-59.8125,77.50
245.4375,-16.5625,-59.8125,77.50
245.4375,-16.5625,-59.8125,77.50
245.4375,-16.5625,-59.8125,77.50
245.4375,-16.5625,-59.8125,77.50
245.4375,-16.5625,-59.8125,77.50
245.4375,-16.5625,-59.8125,77.50
245.4375,-16.5625,-59.8125,77.50
245.4375,-16.5625,-59.8125,77.50
245.4375,-16.5625,-59.8125,77.50
245.4375,-16.5625,-59.8125,77.50
245.4375,-16.5625,-59.8125,77.50
245.4375,-16.5625,-59.8125,77.50
245.4375,-16.5625,-59.8125,77.50
245.4375,-16.5625,-59.8125,77.50
245.4375,-16.5625,-59.8125,77.83
245.4375,-16.5625,-59.8125,77.83
245.4375,-16.5625,-59.8125,77.83
245.4375,-16.5625,-59.8125,77.83
245.4375,-16.5625,-59.8125,77.83
245.4375,-16.5625,-59.8125,77.83
245.4375,-16.5625,-59.8125,77.83
245.4375,-16.5625,-59.8125,77.83
245.4375,-16.5625,-59.8125,77.83
245.4375,-16.5625,-59.8125,77.83
245.4375,-16.5625,-59.8125,77.83
245.4375,-16.5625,-59.8125,77.83
245.4375,-16.5625,-59.8125,77.83
245.4375,-16.5625,-59.8125,77.83
245.4375,-16.5625,-59.8125,77.83
245.4375,-16.5625,-59.8125,77.83
245.4375,-16.5625,-59.8125,77.83
244.875,-16.5,-59.5,78.17
244.875,-16.5,-59.5,78.17
244.875,-16.5,-59.5,78.17
244.875,-16.5,-59.5,78.17
244.875,-16.5,-59.5,78.17
244.875,-16.5,-59.5,78.17
244.875,-16.5,-59.5,78.17
244.875,-16.5,-59.5,78.17
244.875,-16.5,-59.5,78.17
244.875,-16.5,-59.5,78.17
244.875,-16.5,-59.5,78.17
244.875,-16.5,-59.5,78.17
244.875,-16.5,-59.5,78.17
244.875,-16.5,-59.5,78.17
244.875,-16.5,-59.5,78.17
244.875,-16.5,-59.5,78.17
244.875,-16.5,-59.5,78.50
244.875,-16.5,-59.5,78.50
244.875,-16.5,-59.5,78.50
244.875,-16.5,-59.5,78.50
244.875,-16.5,-59.5,78.50
244.875,-16.5,-59.5,78.50
244.875,-16.5,-59.5,78.50
244.875,-16.5,-59.5,78.50
244.875,-16.5,-59.5,78.50
244.875,-16.5,-59.5,78.50
244.875,-16.5,-59.5,78.50
244.875,-16.5,-59.5,78.50
244.875,-16.5,-59.5,78.50
244.875,-16.5,-59.5,78.50
244.875,-16.5,-59.5,78.50
244.875,-16.5,-59.5,78.50
244.875,-16.5,-59.5,78.50
244.3125,-16.4375,-59.3125,78.83
244.3125,-16.4375,-59.3125,78.83
244.3125,-16.4375,-59.3125,78.83
244.3125,-16.4375,-59.3125,78.83
244.3125,-16.4375,-59.3125,78.83
244.3125,-16.4375,-59.3125,78.83
244.3125,-16.4375,-59.3125,78.83
244.3125,-16.4375,-59.3125,78.83
244.3125,-16.4375,-59.3125,78.83
244.3125,-16.4375,-59.3125,78.83
244.3125,-16.4375,-59.3125,78.83
244.3125,-16.4375,-59.3125,78.83
244.3125,-16.4375,-59.3125,78.83
244.3125,-16.4375,-59.3125,78.83
244.3125,-16.4375,-59.3125,78.83
244.3125,-16.4375,-59.3125,78.83
244.3125,-16.4375,-59.3125,78.83
244.3125,-16.4375,-59.3125,79.17
244.3125,-16.4375,-59.3125,79.17
244.3125,-16.4375,-59.3125,79.17
244.3125,-16.4375,-59.3125,79.17
244.3125,-16.4375,-59.3125,79.17
244.3125,-16.4375,-59.3125,79.17
244.3125,-16.4375,-59.3125,79.17
244.3125,-16.4375,-59.3125,79.17
244.3125,-16.4375,-59.3125,79.17
244.3125,-16.4375,-59.3125,79.17
244.3125,-16.4375,-59.3125,79.17
244.3125,-16.4375,-59.3125,79.17
244.3125,-16.4375,-59.3125,79.17
244.3125,-16.4375,-59.3125,79.17
244.3125,-16.4375,-59.3125,79.17
244.3125,-16.4375,-59.3125,79.17
244.3125,-16.4375,-59.3125,79.50
244.3125,-16.4375,-59.3125,79.50
244.3125,-16.4375,-59.3125,79.50
244.3125,-16.4375,-59.3125,79.50
244.3125,-16.4375,-59.3125,79.50
244.3125,-16.4375,-59.3125,79.50
244.3125,-16.4375,-59.3125,79.50
244.3125,-16.4375,-59.3125,79.50
244.3125,-16.4375,-59.3125,79.50
244.3125,-16.4375,-59.3125,79.50
244.3125,-16.4375,-59.3125,79.50
244.3125,-16.4375,-59.3125,79.50
244.3125,-16.4375,-59.3125,79.50
244.3125,-16.4375,-59.3125,79.50
244.3125,-16.4375,-59.3125,79.50
244.3125,-16.4375,-59.3125,79.50
244.3125,-16.4375,-59.3125,79.50
243.75,-16.4375,-59.25,79.83
243.75,-16.4375,-59.25,79.83
243.75,-16.4375,-59.25,79.83
243.75,-16.4375,-59.25,79.83
243.75,-16.4375,-59.25,79.83
243.75,-16.4375,-59.25,79.83
243.75,-16.4375,-59.25,79.83
243.75,-16.4375,-59.25,79.83
243.75,-16.4375,-59.25,79.83
243.75,-16.4375,-59.25,79.83
243.75,-16.4375,-59.25,79.83
243.75,-16.4375,-59.25,79.83
243.75,-16.4375,-59.25,79.83
243.75,-16.4375,-59.25,79.83
243.75,-16.4375,-59.25,79.83
243.75,-16.4375,-59.25,79.83
243.75,-16.4375,-59.25,79.83
243.1875,-16.4375,-59.25,80.17
243.1875,-16.4375,-59.25,80.17
243.1875,-16.4375,-59.25,80.17
243.1875,-16.4375,-59.25,80.17
243.1875,-16.4375,-59.25,80.17
243.1875,-16.4375,-59.25,80.17
243.1875,-16.4375,-59.25,80.17
243.1875,-16.4375,-59.25,80.17
243.1875,-16.4375,-59.25,80.17
243.1875,-16.4375,-59.25,80.17
243.1875,-16.4375,-59.25,80.17
243.1875,-16.4375,-59.25,80.17
243.1875,-16.4375,-59.25,80.17
243.1875,-16.4375,-59.25,80.17
243.1875,-16.4375,-59.25,80.17
243.1875,-16.4375,-59.25,80.17
243.1875,-16.4375,-59.25,80.50
243.1875,-16.4375,-59.25,80.50
243.1875,-16.4375,-59.25,80.50
243.1875,-16.4375,-59.25,80.50
243.1875,-16.4375,-59.25,80.50
243.1875,-16.4375,-59.25,80.50
243.1875,-16.4375,-59.25,80.50
243.1875,-16.4375,-59.25,80.50
243.1875,-16.4375,-59.25,80.50
243.1875,-16.4375,-59.25,80.50
243.1875,-16.4375,-59.25,80.50
243.1875,-16.4375,-59.25,80.50
243.1875,-16.4375,-59.25,80.50
243.1875,-16.4375,-59.25,80.50
243.1875,-16.4375,-59.25,80.50
243.1875,-16.4375,-59.25,80.50
243.1875,-16.4375,-59.25,80.50
242.625,-16.4375,-59.3125,80.83
242.625,-16.4375,-59.3125,80.83
242.625,-16.4375,-59.3125,80.83
242.625,-16.4375,-59.3125,80.83
242.625,-16.4375,-59.3125,80.83
242.625,-16.4375,-59.3125,80.83
242.625,-16.4375,-59.3125,80.83
242.625,-16.4375,-59.3125,80.83
242.625,-16.4375,-59.3125,80.83
242.625,-16.4375,-59.3125,80.83
242.625,-16.4375,-59.3125,80.83
242.625,-16.4375,-59.3125,80.83
242.625,-16.4375,-59.3125,80.83
242.625,-16.4375,-59.3125,80.83
242.625,-16.4375,-59.3125,80.83
242.625,-16.4375,-59.3125,80.83
242.625,-16.4375,-59.3125,80.83
242.625,-16.4375,-59.3125,81.17
242.625,-16.4375,-59.3125,81.17
242.625,-16.4375,-59.3125,81.17
242.625,-16.4375,-59.3125,81.17
242.625,-16.4375,-59.3125,81.17
242.625,-16.4375,-59.3125,81.17
242.625,-16.4375,-59.3125,81.17
242.625,-16.4375,-59.3125,81.17
242.625,-16.4375,-59.3125,81.17
242.625,-16.4375,-59.3125,81.17
242.625,-16.4375,-59.3125,81.17
242.625,-16.4375,-59.3125,81.17
242.625,-16.4375,-59.3125,81.17
242.625,-16.4375,-59.3125,81.17
242.625,-16.4375,-59.3125,81.17
242.625,-16.4375,-59.3125,81.17
242.0625,-16.5,-59.4375,81.50
242.0625,-16.5,-59.4375,81.50
242.0625,-16.5,-59.4375,81.50
242.0625,-16.5,-59.4375,81.50
242.0625,-16.5,-59.4375,81.50
242.0625,-16.5,-59.4375,81.50
242.0625,-16.5,-59.4375,81.50
242.0625,-16.5,-59.4375,81.50
242.0625,-16.5,-59.4375,81.50
242.0625,-16.5,-59.4375,81.50
242.0625,-16.5,-59.4375,81.50
242.0625,-16.5,-59.4375,81.50
242.0625,-16.5,-59.4375,81.50
242.0625,-16.5,-59.4375,81.50
242.0625,-16.5,-59.4375,81.50
242.0625,-16.5,-59.4375,81.50
242.0625,-16.5,-59.4375,81.50
242.0625,-16.5,-59.4375,81.83
242.0625,-16.5,-59.4375,81.83
242.0625,-16.5,-59.4375,81.83
242.0625,-16.5,-59.4375,81.83
242.0625,-16.5,-59.4375,81.83
242.0625,-16.5,-59.4375,81.83
242.0625,-16.5,-59.4375,81.83
242.0625,-16.5,-59.4375,81.83
242.0625,-16.5,-59.4375,81.83
242.0625,-16.5,-59.4375,81.83
242.0625,-16.5,-59.4375,81.83
242.0625,-16.5,-59.4375,81.83
242.0625,-16.5,-59.4375,81.83
242.0625,-16.5,-59.4375,81.83
242.0625,-16.5,-59.4375,81.83
242.0625,-16.5,-59.4375,81.83
242.0625,-16.5,-59.4375,81.83
241.5,-16.5625,-59.6875,82.17
241.5,-16.5625,-59.6875,82.17
241.5,-16.5625,-59.6875,82.17
241.5,-16.5625,-59.6875,82.17
241.5,-16.5625,-59.6875,82.17
241.5,-16.5625,-59.6875,82.17
241.5,-16.5625,-59.6875,82.17
241.5,-16.5625,-59.6875,82.17
241.5,-16.5625,-59.6875,82.17
241.5,-16.5625,-59.6875,82.17
241.5,-16.5625,-59.6875,82.17
241.5,-16.5625,-59.6875,82.17
241.5,-16.5625,-59.6875,82.17
241.5,-16.5625,-59.6875,82.17
241.5,-16.5625,-59.6875,82.17
241.5,-16.5625,-59.6875,82.17
241.5,-16.5625,-59.6875,82.50
241.5,-16.5625,-59.6875,82.50
241.5,-16.5625,-59.6875,82.50
241.5,-16.5625,-59.6875,82.50
241.5,-16.5625,-59.6875,82.50
241.5,-16.5625,-59.6875,82.50
241.5,-16.5625,-59.6875,82.50
241.5,-16.5625,-59.6875,82.50
241.5,-16.5625,-59.6875,82.50
241.5,-16.5625,-59.6875,82.50
241.5,-16.5625,-59.6875,82.50
241.5,-16.5625,-59.6875,82.50
241.5,-16.5625,-59.6875,82.50
241.5,-16.5625,-59.6875,82.50
241.5,-16.5625,-59.6875,82.50
241.5,-16.5625,-59.6875,82.50
241.5,-16.5625,-59.6875,82.50
241.5,-16.5625,-59.6875,82.83
241.5,-16.5625,-59.6875,82.83
241.5,-16.5625,-59.6875,82.83
241.5,-16.5625,-59.6875,82.83
241.5,-16.5625,-59.6875,82.83
241.5,-16.5625,-59.6875,82.83
241.5,-16.5625,-59.6875,82.83
241.5,-16.5625,-59.6875,82.83
241.5,-16.5625,-59.6875,82.83
241.5,-16.5625,-59.6875,82.83
241.5,-16.5625,-59.6875,82.83
241.5,-16.5625,-59.6875,82.83
241.5,-16.5625,-59.6875,82.83
241.5,-16.5625,-59.6875,82.83
241.5,-16.5625,-59.6875,82.83
241.5,-16.5625,-59.6875,82.83
241.5,-16.5625,-59.6875,82.83
241.0,-16.625,-59.875,83.17
241.0,-16.625,-59.875,83.17
241.0,-16.625,-59.875,83.17
241.0,-16.625,-59.875,83.17
241.0,-16.625,-59.875,83.17
241.0,-16.625,-59.875,83.17
241.0,-16.625,-59.875,83.17
241.0,-16.625,-59.875,83.17
241.0,-16.625,-59.875,83.17
241.0,-16.625,-59.875,83.17
241.0,-16.625,-59.875,83.17
241.0,-16.625,-59.875,83.17
241.0,-16.625,-59.875,83.17
241.0,-16.625,-59.875,83.17
241.0,-16.625,-59.875,83.17
241.0,-16.625,-59.875,83.17
240.5625,-16.6875,-60.125,83.50
240.5625,-16.6875,-60.125,83.50
240.5625,-16.6875,-60.125,83.50
240.5625,-16.6875,-60.125,83.50
240.5625,-16.6875,-60.125,83.50
240.5625,-16.6875,-60.125,83.50
240.5625,-16.6875,-60.125,83.50
240.5625,-16.6875,-60.125,83.50
240.5625,-16.6875,-60.125,83.50
240.5625,-16.6875,-60.125,83.50
240.5625,-16.6875,-60.125,83.50
240.5625,-16.6875,-60.125,83.50
240.5625,-16.6875,-60.125,83.50
240.5625,-16.6875,-60.125,83.50
240.5625,-16.6875,-60.125,83.50
240.5625,-16.6875,-60.125,83.50
240.5625,-16.6875,-60.125,83.50
240.5625,-16.6875,-60.125,83.83
240.5625,-16.6875,-60.125,83.83
240.5625,-16.6875,-60.125,83.83
240.5625,-16.6875,-60.125,83.83
240.5625,-16.6875,-60.125,83.83
240.5625,-16.6875,-60.125,83.83
240.5625,-16.6875,-60.125,83.83
240.5625,-16.6875,-60.125,83.83
240.5625,-16.6875,-60.125,83.83
240.5625,-16.6875,-60.125,83.83
240.5625,-16.6875,-60.125,83.83
240.5625,-16.6875,-60.125,83.83
240.5625,-16.6875,-60.125,83.83
240.5625,-16.6875,-60.125,83.83
240.5625,-16.6875,-60.125,83.83
240.5625,-16.6875,-60.125,83.83
240.5625,-16.6875,-60.125,83.83
240.125,-16.6875,-60.375,84.17
240.125,-16.6875,-60.375,84.17
240.125,-16.6875,-60.375,84.17
240.125,-16.6875,-60.375,84.17
240.125,-16.6875,-60.375,84.17
240.125,-16.6875,-60.375,84.17
240.125,-16.6875,-60.375,84.17
240.125,-16.6875,-60.375,84.17
240.125,-16.6875,-60.375,84.17
240.125,-16.6875,-60.375,84.17
240.125,-16.6875,-60.375,84.17
240.125,-16.6875,-60.375,84.17
240.125,-16.6875,-60.375,84.17
240.125,-16.6875,-60.375,84.17
240.125,-16.6875,-60.375,84.17
240.125,-16.6875,-60.375,84.17
240.125,-16.6875,-60.375,84.50
240.125,-16.6875,-60.375,84.50
240.125,-16.6875,-60.375,84.50
240.125,-16.6875,-60.375,84.50
240.125,-16.6875,-60.375,84.50
240.125,-16.6875,-60.375,84.50
240.125,-16.6875,-60.375,84.50
240.125,-16.6875,-60.375,84.50
240.125,-16.6875,-60.375,84.50
240.125,-16.6875,-60.375,84.50
240.125,-16.6875,-60.375,84.50
240.125,-16.6875,-60.375,84.50
240.125,-16.6875,-60.375,84.50
240.125,-16.6875,-60.375,84.50
240.125,-16.6875,-60.375,84.50
240.125,-16.6875,-60.375,84.50
240.125,-16.6875,-60.375,84.50
240.125,-16.6875,-60.375,84.83
240.125,-16.6875,-60.375,84.83
240.125,-16.6875,-60.375,84.83
240.125,-16.6875,-60.375,84.83
240.125,-16.6875,-60.375,84.83
240.125,-16.6875,-60.375,84.83
240.125,-16.6875,-60.375,84.83
240.125,-16.6875,-60.375,84.83
240.125,-16.6875,-60.375,84.83
240.125,-16.6875,-60.375,84.83
240.125,-16.6875,-60.375,84.83
240.125,-16.6875,-60.375,84.83
240.125,-16.6875,-60.375,84.83
240.125,-16.6875,-60.375,84.83
240.125,-16.6875,-60.375,84.83
240.125,-16.6875,-60.375,84.83
240.125,-16.6875,-60.375,84.83
239.75,-16.6875,-60.5625,85.17
239.75,-16.6875,-60.5625,85.17
239.75,-16.6875,-60.5625,85.17
239.75,-16.6875,-60.5625,85.17
239.75,-16.6875,-60.5625,85.17
239.75,-16.6875,-60.5625,85.17
239.75,-16.6875,-60.5625,85.17
239.75,-16.6875,-60.5625,85.17
239.75,-16.6875,-60.5625,85.17
239.75,-16.6875,-60.5625,85.17
239.75,-16.6875,-60.5625,85.17
239.75,-16.6875,-60.5625,85.17
239.75,-16.6875,-60.5625,85.17
239.75,-16.6875,-60.5625,85.17
239.75,-16.6875,-60.5625,85.17
239.75,-16.6875,-60.5625,85.17
239.75,-16.6875,-60.5625,85.50
239.75,-16.6875,-60.5625,85.50
239.75,-16.6875,-60.5625,85.50
239.75,-16.6875,-60.5625,85.50
239.75,-16.6875,-60.5625,85.50
239.75,-16.6875,-60.5625,85.50
239.75,-16.6875,-60.5625,85.50
239.75,-16.6875,-60.5625,85.50
239.75,-16.6875,-60.5625,85.50
239.75,-16.6875,-60.5625,85.50
239.75,-16.6875,-60.5625,85.50
239.75,-16.6875,-60.5625,85.50
239.75,-16.6875,-60.5625,85.50
239.75,-16.6875,-60.5625,85.50
239.75,-16.6875,-60.5625,85.50
239.75,-16.6875,-60.5625,85.50
239.75,-16.6875,-60.5625,85.50
239.4375,-16.6875,-60.75,85.83
239.4375,-16.6875,-60.75,85.83
239.4375,-16.6875,-60.75,85.83
239.4375,-16.6875,-60.75,85.83
239.4375,-16.6875,-60.75,85.83
239.4375,-16.6875,-60.75,85.83
239.4375,-16.6875,-60.75,85.83
239.4375,-16.6875,-60.75,85.83
239.4375,-16.6875,-60.75,85.83
239.4375,-16.6875,-60.75,85.83
239.4375,-16.6875,-60.75,85.83
239.4375,-16.6875,-60.75,85.83
239.4375,-16.6875,-60.75,85.83
239.4375,-16.6875,-60.75,85.83
239.4375,-16.6875,-60.75,85.83
239.4375,-16.6875,-60.75,85.83
239.4375,-16.6875,-60.75,85.83
239.4375,-16.6875,-60.75,86.17
239.4375,-16.6875,-60.75,86.17
239.4375,-16.6875,-60.75,86.17
239.4375,-16.6875,-60.75,86.17
239.4375,-16.6875,-60.75,86.17
239.4375,-16.6875,-60.75,86.17
239.4375,-16.6875,-60.75,86.17
239.4375,-16.6875,-60.75,86.17
239.4375,-16.6875,-60.75,86.17
239.4375,-16.6875,-60.75,86.17
239.4375,-16.6875,-60.75,86.17
239.4375,-16.6875,-60.75,86.17
239.4375,-16.6875,-60.75,86.17
239.4375,-16.6875,-60.75,86.17
239.4375,-16.6875,-60.75,86.17
239.4375,-16.6875,-60.75,86.17
239.1875,-16.625,-60.9375,86.50
239.1875,-16.625,-60.9375,86.50
239.1875,-16.625,-60.9375,86.50
239.1875,-16.625,-60.9375,86.50
239.1875,-16.625,-60.9375,86.50
239.1875,-16.625,-60.9375,86.50
239.1875,-16.625,-60.9375,86.50
239.1875,-16.625,-60.9375,86.50
239.1875,-16.625,-60.9375,86.50
239.1875,-16.625,-60.9375,86.50
239.1875,-16.625,-60.9375,86.50
239.1875,-16.625,-60.9375,86.50
239.1875,-16.625,-60.9375,86.50
239.1875,-16.625,-60.9375,86.50
239.1875,-16.625,-60.9375,86.50
239.1875,-16.625,-60.9375,86.50
239.1875,-16.625,-60.9375,86.50
239.1875,-16.625,-60.9375,86.83
239.1875,-16.625,-60.9375,86.83
239.1875,-16.625,-60.9375,86.83
239.1875,-16.625,-60.9375,86.83
239.1875,-16.625,-60.9375,86.83
239.1875,-16.625,-60.9375,86.83
239.1875,-16.625,-60.9375,86.83
239.1875,-16.625,-60.9375,86.83
239.1875,-16.625,-60.9375,86.83
239.1875,-16.625,-60.9375,86.83
239.1875,-16.625,-60.9375,86.83
239.1875,-16.625,-60.9375,86.83
239.1875,-16.625,-60.9375,86.83
239.1875,-16.625,-60.9375,86.83
239.1875,-16.625,-60.9375,86.83
239.1875,-16.625,-60.9375,86.83
239.1875,-16.625,-60.9375,86.83
239.0,-16.5625,-61.0625,87.17
239.0,-16.5625,-61.0625,87.17
239.0,-16.5625,-61.0625,87.17
239.0,-16.5625,-61.0625,87.17
239.0,-16.5625,-61.0625,87.17
239.0,-16.5625,-61.0625,87.17
239.0,-16.5625,-61.0625,87.17
239.0,-16.5625,-61.0625,87.17
239.0,-16.5625,-61.0625,87.17
239.0,-16.5625,-61.0625,87.17
239.0,-16.5625,-61.0625,87.17
239.0,-16.5625,-61.0625,87.17
239.0,-16.5625,-61.0625,87.17
239.0,-16.5625,-61.0625,87.17
239.0,-16.5625,-61.0625,87.17
239.0,-16.5625,-61.0625,87.17
239.0,-16.5625,-61.0625,87.50
239.0,-16.5625,-61.0625,87.50
239.0,-16.5625,-61.0625,87.50
239.0,-16.5625,-61.0625,87.50
239.0,-16.5625,-61.0625,87.50
239.0,-16.5625,-61.0625,87.50
239.0,-16.5625,-61.0625,87.50
239.0,-16.5625,-61.0625,87.50
239.0,-16.5625,-61.0625,87.50
239.0,-16.5625,-61.0625,87.50
239.0,-16.5625,-61.0625,87.50
239.0,-16.5625,-61.0625,87.50
239.0,-16.5625,-61.0625,87.50
239.0,-16.5625,-61.0625,87.50
239.0,-16.5625,-61.0625,87.50
239.0,-16.5625,-61.0625,87.50
239.0,-16.5625,-61.0625,87.50
238.8125,-16.4375,-61.1875,87.83
238.8125,-16.4375,-61.1875,87.83
238.8125,-16.4375,-61.1875,87.83
238.8125,-16.4375,-61.1875,87.83
238.8125,-16.4375,-61.1875,87.83
238.8125,-16.4375,-61.1875,87.83
238.8125,-16.4375,-61.1875,87.83
238.8125,-16.4375,-61.1875,87.83
238.8125,-16.4375,-61.1875,87.83
238.8125,-16.4375,-61.1875,87.83
238.8125,-16.4375,-61.1875,87.83
238.8125,-16.4375,-61.1875,87.83
238.8125,-16.4375,-61.1875,87.83
238.8125,-16.4375,-61.1875,87.83
238.8125,-16.4375,-61.1875,87.83
238.8125,-16.4375,-61.1875,87.83
238.8125,-16.4375,-61.1875,87.83
238.8125,-16.4375,-61.1875,88.17
238.8125,-16.4375,-61.1875,88.17
238.8125,-16.4375,-61.1875,88.17
238.8125,-16.4375,-61.1875,88.17
238.8125,-16.4375,-61.1875,88.17
238.8125,-16.4375,-61.1875,88.17
238.8125,-16.4375,-61.1875,88.17
238.8125,-16.4375,-61.1875,88.17
238.8125,-16.4375,-61.1875,88.17
238.8125,-16.4375,-61.1875,88.17
238.8125,-16.4375,-61.1875,88.17
238.8125,-16.4375,-61.1875,88.17
238.8125,-16.4375,-61.1875,88.17
238.8125,-16.4375,-61.1875,88.17
238.8125,-16.4375,-61.1875,88.17
238.8125,-16.4375,-61.1875,88.17
238.75,-16.375,-61.3125,88.50
238.75,-16.375,-61.3125,88.50
238.75,-16.375,-61.3125,88.50
238.75,-16.375,-61.3125,88.50
238.75,-16.375,-61.3125,88.50
238.75,-16.375,-61.3125,88.50
238.75,-16.375,-61.3125,88.50
238.75,-16.375,-61.3125,88.50
238.75,-16.375,-61.3125,88.50
238.75,-16.375,-61.3125,88.50
238.75,-16.375,-61.3125,88.50
238.75,-16.375,-61.3125,88.50
238.75,-16.375,-61.3125,88.50
238.75,-16.375,-61.3125,88.50
238.75,-16.375,-61.3125,88.50
Current Task:,NVR Task 3
Task Start:,02:43:25 PM
Heading, Roll, Pitch, Task Time
217.125,-17.0625,-58.0625,0.07
217.125,-17.0625,-58.0625,0.09
217.125,-17.0625,-58.0625,0.11
217.125,-17.0625,-58.0625,0.11
217.125,-17.0625,-58.0625,0.15
217.125,-17.0625,-58.0625,0.15
217.0625,-17.0,-58.0625,0.18
217.0625,-17.0,-58.0625,0.22
217.0625,-17.0,-58.0625,0.22
217.0625,-17.0,-58.0625,0.25
217.0625,-17.0,-58.0625,0.25
217.0625,-17.0,-58.0625,0.28
217.0,-17.0,-58.0625,0.32
217.0,-17.0,-58.0625,0.32
217.0,-17.0,-58.0625,0.35
217.0,-17.0,-58.0625,0.35
217.0,-16.9375,-58.0625,0.38
217.0,-16.9375,-58.0625,0.41
217.0,-16.9375,-58.0625,0.41
217.0,-16.9375,-58.0625,0.45
217.0,-16.9375,-58.0625,0.45
217.0,-16.9375,-58.0625,0.48
216.9375,-16.9375,-58.0625,0.52
216.9375,-16.9375,-58.0625,0.52
216.9375,-16.9375,-58.0625,0.55
216.9375,-16.9375,-58.0625,0.55
216.9375,-16.9375,-58.0625,0.58
216.9375,-16.875,-58.0625,0.61
216.9375,-16.875,-58.0625,0.61
216.875,-16.875,-58.0625,0.65
216.875,-16.875,-58.0625,0.65
216.875,-16.875,-58.0625,0.68
216.875,-16.8125,-58.0625,0.72
216.875,-16.8125,-58.0625,0.72
216.875,-16.8125,-58.0625,0.75
216.875,-16.8125,-58.0625,0.75
216.875,-16.8125,-58.0625,0.78
216.8125,-16.8125,-58.0625,0.81
216.8125,-16.8125,-58.0625,0.81
216.8125,-16.8125,-58.0625,0.85
216.8125,-16.8125,-58.0625,0.85
216.8125,-16.8125,-58.0625,0.88
216.8125,-16.8125,-58.0625,0.91
216.8125,-16.8125,-58.0625,0.91
216.8125,-16.75,-58.0625,0.95
216.8125,-16.75,-58.0625,0.95
216.8125,-16.75,-58.0625,0.98
216.75,-16.75,-58.0625,1.01
216.75,-16.75,-58.0625,1.01
216.75,-16.75,-58.0625,1.05
216.75,-16.75,-58.0625,1.05
216.75,-16.75,-58.0625,1.08
216.75,-16.75,-58.0625,1.11
216.75,-16.75,-58.0625,1.11
216.6875,-16.6875,-58.0625,1.15
216.6875,-16.6875,-58.0625,1.15
216.6875,-16.6875,-58.0625,1.18
216.6875,-16.6875,-58.0625,1.21
216.6875,-16.6875,-58.0625,1.21
216.6875,-16.6875,-58.0625,1.25
216.6875,-16.6875,-58.0625,1.25
216.6875,-16.6875,-58.0625,1.28
216.625,-16.6875,-58.0625,1.32
216.625,-16.6875,-58.0625,1.32
216.625,-16.6875,-58.0625,1.35
216.625,-16.6875,-58.0625,1.35
216.625,-16.6875,-58.0625,1.38
216.625,-16.6875,-58.0625,1.41
216.625,-16.6875,-58.0625,1.41
216.625,-16.625,-58.0625,1.45
216.625,-16.625,-58.0625,1.45
216.625,-16.625,-58.0625,1.48
216.625,-16.625,-58.0625,1.51
216.625,-16.625,-58.0625,1.51
216.625,-16.625,-58.0625,1.55
216.625,-16.625,-58.0625,1.55
216.625,-16.625,-58.125,1.58
216.625,-16.625,-58.125,1.61
216.625,-16.625,-58.125,1.61
216.625,-16.625,-58.125,1.65
216.625,-16.625,-58.125,1.65
216.625,-16.625,-58.125,1.68
216.625,-16.625,-58.125,1.72
216.625,-16.625,-58.125,1.72
216.625,-16.625,-58.125,1.75
216.625,-16.625,-58.125,1.75
216.625,-16.625,-58.125,1.78
216.625,-16.625,-58.125,1.81
216.625,-16.625,-58.125,1.81
216.625,-16.625,-58.125,1.85
216.625,-16.625,-58.125,1.85
216.625,-16.625,-58.125,1.88
216.625,-16.625,-58.125,1.91
216.625,-16.625,-58.125,1.91
216.625,-16.625,-58.125,1.95
216.625,-16.625,-58.125,1.95
216.5625,-16.625,-58.125,1.98
216.5625,-16.625,-58.125,2.01
216.5625,-16.625,-58.125,2.01
216.5625,-16.625,-58.125,2.05
216.5625,-16.625,-58.125,2.05
216.5625,-16.625,-58.125,2.08
216.5625,-16.625,-58.125,2.11
216.5625,-16.625,-58.125,2.11
216.5625,-16.5625,-58.125,2.15
216.5625,-16.5625,-58.125,2.15
216.5625,-16.5625,-58.125,2.18
216.5625,-16.5625,-58.125,2.21
216.5625,-16.5625,-58.125,2.21
216.5625,-16.5625,-58.125,2.25
216.5625,-16.5625,-58.125,2.25
216.5625,-16.5625,-58.125,2.28
216.5625,-16.5625,-58.125,2.31
216.5625,-16.5625,-58.125,2.31
216.5625,-16.5625,-58.125,2.35
216.5625,-16.5625,-58.125,2.35
216.5625,-16.5625,-58.125,2.38
216.5625,-16.5,-58.125,2.41
216.5625,-16.5,-58.125,2.41
216.5625,-16.5,-58.125,2.45
216.5625,-16.5,-58.125,2.45
216.5625,-16.5,-58.125,2.48
216.5625,-16.5,-58.125,2.51
216.5625,-16.5,-58.125,2.51
216.5625,-16.5,-58.0625,2.55
216.5625,-16.5,-58.0625,2.55
216.5625,-16.5,-58.0625,2.58
216.5625,-16.5,-58.0625,2.61
216.5625,-16.5,-58.0625,2.61
216.5,-16.4375,-58.0625,2.65
216.5,-16.4375,-58.0625,2.65
216.5,-16.4375,-58.0625,2.68
216.5,-16.4375,-58.0625,2.72
216.5,-16.4375,-58.0625,2.72
216.5,-16.4375,-58.0625,2.75
216.5,-16.4375,-58.0625,2.75
216.5,-16.4375,-58.0625,2.78
216.5,-16.4375,-58.0625,2.81
216.5,-16.4375,-58.0625,2.81
216.5,-16.4375,-58.0625,2.85
216.5,-16.4375,-58.0625,2.85
216.5,-16.4375,-58.0625,2.88
216.5,-16.4375,-58.0625,2.91
216.5,-16.4375,-58.0625,2.91
216.5,-16.4375,-58.0625,2.95
216.5,-16.4375,-58.0625,2.95
216.5,-16.375,-58.0625,2.98
216.5,-16.375,-58.0625,3.01
216.5,-16.375,-58.0625,3.01
216.5,-16.375,-58.0625,3.05
216.5,-16.375,-58.0625,3.05
216.5,-16.375,-58.0625,3.08
216.5,-16.375,-58.0625,3.11
216.5,-16.375,-58.0625,3.11
216.4375,-16.3125,-58.0625,3.15
216.4375,-16.3125,-58.0625,3.15
216.4375,-16.3125,-58.0625,3.18
216.4375,-16.3125,-58.0625,3.21
216.4375,-16.3125,-58.0625,3.21
216.4375,-16.3125,-58.0625,3.25
216.4375,-16.3125,-58.0625,3.25
216.4375,-16.3125,-58.0625,3.28
216.4375,-16.3125,-58.0625,3.31
216.4375,-16.3125,-58.0625,3.31
216.4375,-16.3125,-58.0625,3.35
216.4375,-16.3125,-58.0625,3.35
216.4375,-16.3125,-58.0625,3.38
216.4375,-16.3125,-58.0625,3.41
216.4375,-16.3125,-58.0625,3.41
216.4375,-16.3125,-58.0625,3.45
216.4375,-16.3125,-58.0625,3.45
216.4375,-16.3125,-58.0625,3.48
216.4375,-16.3125,-58.0625,3.51
216.4375,-16.3125,-58.0625,3.51
216.4375,-16.3125,-58.0625,3.55
216.4375,-16.3125,-58.0625,3.55
216.4375,-16.3125,-58.0625,3.58
216.4375,-16.3125,-58.0625,3.61
216.4375,-16.3125,-58.0625,3.61
216.4375,-16.3125,-58.0625,3.65
216.4375,-16.3125,-58.0625,3.65
216.4375,-16.3125,-58.0625,3.68
216.4375,-16.3125,-58.0625,3.71
216.4375,-16.3125,-58.0625,3.71
216.4375,-16.3125,-58.0625,3.75
216.4375,-16.3125,-58.0625,3.75
216.4375,-16.3125,-58.0625,3.78
216.4375,-16.3125,-58.0625,3.81
216.4375,-16.3125,-58.0625,3.81
216.4375,-16.3125,-58.0625,3.85
216.4375,-16.3125,-58.0625,3.85
216.4375,-16.3125,-58.0625,3.88
216.4375,-16.3125,-58.0625,3.91
216.4375,-16.3125,-58.0625,3.91
216.4375,-16.3125,-58.0625,3.95
216.4375,-16.3125,-58.0625,3.95
216.4375,-16.3125,-58.0625,3.98
216.4375,-16.3125,-58.0625,4.01
216.4375,-16.3125,-58.0625,4.01
216.4375,-16.25,-58.0625,4.05
216.4375,-16.25,-58.0625,4.05
216.4375,-16.25,-58.0625,4.08
216.4375,-16.25,-58.0625,4.11
216.4375,-16.25,-58.0625,4.11
216.4375,-16.25,-58.0625,4.15
216.4375,-16.25,-58.0625,4.15
216.4375,-16.25,-58.0625,4.18
216.4375,-16.25,-58.0625,4.21
216.4375,-16.25,-58.0625,4.21
216.4375,-16.25,-58.0625,4.25
216.4375,-16.25,-58.0625,4.25
216.4375,-16.25,-58.0625,4.28
216.4375,-16.25,-58.0625,4.31
216.4375,-16.25,-58.0625,4.31
216.4375,-16.25,-58.0625,4.35
216.4375,-16.25,-58.0625,4.35
216.4375,-16.25,-58.0625,4.38
216.4375,-16.25,-58.0625,4.41
216.4375,-16.25,-58.0625,4.41
216.4375,-16.25,-58.0625,4.45
216.4375,-16.25,-58.0625,4.45
216.375,-16.25,-58.125,4.48
216.375,-16.25,-58.125,4.51
216.375,-16.25,-58.125,4.51
216.375,-16.25,-58.125,4.55
216.375,-16.25,-58.125,4.55
216.375,-16.25,-58.125,4.58
216.375,-16.25,-58.125,4.61
216.375,-16.25,-58.125,4.61
216.4375,-16.25,-58.125,4.65
216.4375,-16.25,-58.125,4.65
216.4375,-16.25,-58.125,4.68
216.4375,-16.25,-58.125,4.72
216.4375,-16.25,-58.125,4.72
216.4375,-16.25,-58.125,4.75
216.4375,-16.25,-58.125,4.75
216.375,-16.25,-58.125,4.78
216.375,-16.25,-58.125,4.81
216.375,-16.25,-58.125,4.81
216.375,-16.25,-58.125,4.85
216.375,-16.25,-58.125,4.85
216.375,-16.25,-58.125,4.88
216.375,-16.25,-58.125,4.91
216.375,-16.25,-58.125,4.91
216.375,-16.25,-58.125,4.95
216.375,-16.25,-58.125,4.95
216.375,-16.25,-58.125,4.98
216.375,-16.25,-58.125,5.01
216.375,-16.25,-58.125,5.01
216.375,-16.25,-58.1875,5.05
216.375,-16.25,-58.1875,5.05
216.375,-16.25,-58.1875,5.08
216.375,-16.25,-58.1875,5.12
216.375,-16.25,-58.1875,5.12
204.6875,-18.125,-37.5,5.15
204.6875,-18.125,-37.5,5.15
204.6875,-18.125,-37.5,5.18
204.75,-18.125,-37.4375,5.21
204.75,-18.125,-37.4375,5.21
204.75,-18.125,-37.4375,5.25
204.75,-18.125,-37.4375,5.25
204.75,-18.125,-37.4375,5.28
204.75,-18.1875,-37.3125,5.31
204.75,-18.1875,-37.3125,5.31
204.75,-18.1875,-37.3125,5.35
204.75,-18.1875,-37.3125,5.35
204.8125,-18.1875,-37.1875,5.38
204.8125,-18.1875,-37.1875,5.41
204.8125,-18.1875,-37.1875,5.41
204.8125,-18.1875,-37.0625,5.45
204.8125,-18.1875,-37.0625,5.45
204.8125,-18.1875,-37.0625,5.48
204.875,-18.1875,-36.9375,5.51
204.875,-18.1875,-36.9375,5.51
204.875,-18.1875,-36.9375,5.55
204.875,-18.1875,-36.9375,5.55
204.875,-18.1875,-36.8125,5.58
204.875,-18.1875,-36.8125,5.61
204.875,-18.1875,-36.8125,5.61
204.875,-18.1875,-36.75,5.65
204.875,-18.1875,-36.75,5.65
204.875,-18.1875,-36.75,5.68
204.875,-18.1875,-36.75,5.72
204.875,-18.1875,-36.75,5.72
204.875,-18.1875,-36.625,5.75
204.875,-18.1875,-36.625,5.75
204.875,-18.125,-36.5,5.78
204.875,-18.125,-36.5,5.81
204.875,-18.125,-36.5,5.81
204.875,-18.125,-36.4375,5.85
204.875,-18.125,-36.4375,5.85
204.875,-18.125,-36.4375,5.88
204.875,-18.125,-36.4375,5.91
204.875,-18.125,-36.4375,5.91
204.8125,-18.0625,-36.375,5.95
204.8125,-18.0625,-36.375,5.95
204.8125,-18.0625,-36.375,5.98
204.8125,-18.0625,-36.3125,6.01
204.8125,-18.0625,-36.3125,6.01
204.8125,-18.0625,-36.3125,6.05
204.8125,-18.0625,-36.3125,6.05
204.8125,-18.0625,-36.3125,6.08
204.75,-18.0,-36.3125,6.11
204.75,-18.0,-36.3125,6.11
204.75,-17.9375,-36.1875,6.15
204.75,-17.9375,-36.1875,6.15
204.75,-17.9375,-36.1875,6.18
204.6875,-17.875,-36.125,6.21
204.6875,-17.875,-36.125,6.21
204.6875,-17.875,-36.125,6.25
204.6875,-17.875,-36.125,6.25
204.625,-17.875,-36.0625,6.28
204.625,-17.875,-36.0625,6.32
204.625,-17.875,-36.0625,6.32
204.5625,-17.8125,-36.0625,6.35
204.5625,-17.8125,-36.0625,6.35
204.5625,-17.8125,-36.0625,6.38
204.5625,-17.75,-36.0,6.41
204.5625,-17.75,-36.0,6.41
204.5,-17.75,-36.0,6.45
204.5,-17.75,-36.0,6.45
204.5,-17.75,-36.0,6.48
204.5,-17.75,-36.0,6.51
204.5,-17.75,-36.0,6.51
204.5,-17.75,-36.0,6.55
204.5,-17.75,-36.0,6.55
204.5,-17.6875,-36.0,6.58
204.5,-17.6875,-36.0,6.61
204.5,-17.6875,-36.0,6.61
204.4375,-17.6875,-36.0625,6.65
204.4375,-17.6875,-36.0625,6.65
204.4375,-17.6875,-36.0625,6.68
204.4375,-17.75,-36.125,6.71
204.4375,-17.75,-36.125,6.71
204.4375,-17.75,-36.25,6.75
204.4375,-17.75,-36.25,6.75
204.4375,-17.75,-36.25,6.78
204.5,-17.75,-36.3125,6.81
204.5,-17.75,-36.3125,6.81
204.5,-17.75,-36.3125,6.85
204.5,-17.75,-36.3125,6.85
204.5,-17.75,-36.3125,6.88
204.5,-17.75,-36.375,6.91
204.5,-17.75,-36.375,6.91
204.5,-17.75,-36.375,6.95
204.5,-17.75,-36.375,6.95
204.5,-17.8125,-36.5,6.98
204.5,-17.8125,-36.5,7.01
204.5,-17.8125,-36.5,7.01
204.5,-17.8125,-36.5,7.05
204.5,-17.8125,-36.5,7.05
204.5,-17.8125,-36.5625,7.08
204.5,-17.8125,-36.6875,7.11
204.5,-17.8125,-36.6875,7.11
204.5,-17.8125,-36.6875,7.15
204.5,-17.8125,-36.6875,7.15
204.5,-17.8125,-36.75,7.18
204.5,-17.8125,-36.75,7.21
204.5,-17.8125,-36.75,7.21
204.5,-17.875,-36.875,7.25
204.5,-17.875,-36.875,7.25
204.5,-17.875,-36.875,7.28
204.5,-17.875,-36.9375,7.31
204.5,-17.875,-36.9375,7.31
204.5,-17.875,-36.9375,7.35
204.5,-17.875,-36.9375,7.35
204.5,-17.875,-36.9375,7.38
204.5,-17.875,-37.0625,7.41
204.5,-17.875,-37.0625,7.41
204.5,-17.9375,-37.125,7.45
204.5,-17.9375,-37.125,7.45
204.5,-17.9375,-37.125,7.48
204.5,-17.9375,-37.1875,7.51
204.5,-17.9375,-37.1875,7.51
204.5,-17.9375,-37.1875,7.55
204.5,-17.9375,-37.1875,7.55
204.5,-17.9375,-37.1875,7.58
204.5,-18.0,-37.25,7.61
204.5,-18.0,-37.25,7.61
204.5,-18.0,-37.25,7.65
204.5,-18.0,-37.25,7.65
204.5,-18.0,-37.3125,7.68
204.5,-18.0,-37.3125,7.71
204.5,-18.0,-37.3125,7.71
204.5,-18.0,-37.3125,7.75
204.5,-18.0,-37.3125,7.75
204.5,-18.0,-37.375,7.78
204.5625,-18.0,-37.375,7.81
204.5625,-18.0,-37.375,7.81
204.5625,-18.0,-37.375,7.85
204.5625,-18.0,-37.375,7.85
204.5625,-18.0,-37.375,7.88
204.5625,-18.0,-37.375,7.91
204.5625,-18.0,-37.375,7.91
204.5625,-18.0,-37.375,7.95
204.5625,-18.0,-37.375,7.95
204.5625,-18.0,-37.3125,7.98
204.5625,-18.0,-37.3125,8.01
204.5625,-18.0,-37.3125,8.01
204.5625,-18.0625,-37.4375,8.05
204.5625,-18.0625,-37.4375,8.05
204.5625,-18.0625,-37.4375,8.08
204.625,-18.125,-37.5625,8.11
204.625,-18.125,-37.5625,8.11
204.5625,-18.125,-37.5625,8.15
204.5625,-18.125,-37.5625,8.15
204.5625,-18.125,-37.5625,8.18
204.5,-18.125,-37.5625,8.21
204.5,-18.125,-37.5625,8.21
204.5,-18.125,-37.5625,8.25
204.5,-18.125,-37.5625,8.25
204.5,-18.0625,-37.5,8.28
204.5,-18.0625,-37.5,8.31
204.5,-18.0625,-37.5,8.31
204.4375,-18.0,-37.3125,8.35
204.4375,-18.0,-37.3125,8.35
204.4375,-18.0,-37.3125,8.38
204.4375,-18.0,-37.3125,8.41
204.4375,-18.0,-37.3125,8.41
204.3125,-17.9375,-37.125,8.45
204.3125,-17.9375,-37.125,8.45
204.25,-17.875,-36.9375,8.48
204.25,-17.875,-36.9375,8.51
204.25,-17.875,-36.9375,8.51
204.125,-17.8125,-36.8125,8.55
204.125,-17.8125,-36.8125,8.55
204.125,-17.8125,-36.8125,8.58
204.0,-17.8125,-36.625,8.61
204.0,-17.8125,-36.625,8.61
204.0,-17.8125,-36.625,8.65
204.0,-17.8125,-36.625,8.65
204.0,-17.8125,-36.625,8.68
203.875,-17.75,-36.5,8.71
203.875,-17.75,-36.5,8.71
203.875,-17.75,-36.5,8.75
203.875,-17.75,-36.5,8.75
203.6875,-17.75,-36.375,8.78
203.5625,-17.6875,-36.25,8.81
203.5625,-17.6875,-36.25,8.81
203.5625,-17.6875,-36.25,8.85
203.5625,-17.6875,-36.25,8.85
203.375,-17.6875,-36.1875,8.88
203.375,-17.6875,-36.1875,8.91
203.375,-17.6875,-36.1875,8.91
203.375,-17.6875,-36.1875,8.95
203.375,-17.6875,-36.1875,8.95
203.25,-17.6875,-36.125,8.98
203.25,-17.6875,-36.125,9.01
203.25,-17.6875,-36.125,9.01
203.0625,-17.6875,-36.125,9.05
203.0625,-17.6875,-36.125,9.05
203.0625,-17.6875,-36.125,9.08
202.9375,-17.6875,-36.0625,9.11
202.9375,-17.6875,-36.0625,9.11
202.8125,-17.625,-35.9375,9.15
202.8125,-17.625,-35.9375,9.15
202.8125,-17.625,-35.9375,9.18
202.625,-17.625,-35.8125,9.21
202.625,-17.625,-35.8125,9.21
202.625,-17.625,-35.8125,9.25
202.625,-17.625,-35.8125,9.25
202.5,-17.5625,-35.6875,9.28
202.5,-17.5625,-35.6875,9.31
202.5,-17.5625,-35.6875,9.31
202.4375,-17.5625,-35.625,9.35
202.4375,-17.5625,-35.625,9.35
202.4375,-17.5625,-35.625,9.38
202.3125,-17.5625,-35.625,9.41
202.3125,-17.5625,-35.625,9.41
202.25,-17.625,-35.6875,9.45
202.25,-17.625,-35.6875,9.45
202.25,-17.625,-35.6875,9.48
202.1875,-17.625,-35.75,9.51
202.1875,-17.625,-35.75,9.51
202.1875,-17.625,-35.75,9.55
202.1875,-17.625,-35.75,9.55
202.1875,-17.625,-35.75,9.58
202.125,-17.625,-35.8125,9.61
202.125,-17.625,-35.8125,9.61
202.125,-17.625,-35.8125,9.65
202.125,-17.625,-35.8125,9.65
202.0625,-17.625,-35.8125,9.68
202.0625,-17.625,-35.8125,9.71
202.0625,-17.625,-35.8125,9.71
202.0625,-17.625,-35.8125,9.75
202.0625,-17.625,-35.8125,9.75
202.0,-17.625,-35.875,9.78
201.875,-17.625,-35.9375,9.81
201.875,-17.625,-35.9375,9.81
201.875,-17.625,-35.9375,9.85
201.875,-17.625,-35.9375,9.85
201.75,-17.5625,-36.0625,9.88
201.75,-17.5625,-36.0625,9.91
201.75,-17.5625,-36.0625,9.91
201.625,-17.5625,-36.1875,9.95
201.625,-17.5625,-36.1875,9.95
201.625,-17.5625,-36.1875,9.98
201.625,-17.5625,-36.1875,10.01
201.625,-17.5625,-36.1875,10.01
201.5,-17.5625,-36.25,10.05
201.5,-17.5625,-36.25,10.05
201.5,-17.5625,-36.25,10.08
201.375,-17.5625,-36.4375,10.11
201.375,-17.5625,-36.4375,10.11
201.3125,-17.5625,-36.625,10.15
201.3125,-17.5625,-36.625,10.15
201.3125,-17.5625,-36.625,10.18
201.25,-17.625,-36.75,10.21
201.25,-17.625,-36.75,10.21
201.25,-17.625,-36.75,10.25
201.25,-17.625,-36.75,10.25
201.25,-17.625,-36.75,10.28
201.1875,-17.6875,-36.9375,10.31
201.1875,-17.6875,-36.9375,10.31
201.1875,-17.6875,-36.9375,10.35
201.1875,-17.6875,-36.9375,10.35
201.1875,-17.6875,-37.125,10.38
201.1875,-17.6875,-37.125,10.41
201.1875,-17.6875,-37.125,10.41
201.25,-17.75,-37.375,10.45
201.25,-17.75,-37.375,10.45
201.3125,-17.8125,-37.5625,10.48
201.3125,-17.8125,-37.5625,10.51
201.3125,-17.8125,-37.5625,10.51
201.375,-17.875,-37.8125,10.55
201.375,-17.875,-37.8125,10.55
201.375,-17.875,-37.8125,10.58
201.375,-17.875,-37.8125,10.61
201.375,-17.875,-37.8125,10.61
201.5,-17.9375,-38.0,10.65
201.5,-17.9375,-38.0,10.65
201.5,-17.9375,-38.0,10.68
201.625,-18.0,-38.25,10.71
201.625,-18.0,-38.25,10.71
201.625,-18.0,-38.25,10.75
201.625,-18.0,-38.25,10.75
201.75,-18.0625,-38.5,10.78
201.75,-18.0625,-38.5,10.81
201.75,-18.0625,-38.5,10.81
202.0,-18.125,-38.875,10.85
202.0,-18.125,-38.875,10.85
202.0,-18.125,-38.875,10.88
202.1875,-18.125,-39.1875,10.91
202.1875,-18.125,-39.1875,10.91
202.1875,-18.125,-39.1875,10.95
202.1875,-18.125,-39.1875,10.95
202.4375,-18.1875,-39.625,10.98
202.4375,-18.1875,-39.625,11.01
202.4375,-18.1875,-39.625,11.01
202.625,-18.1875,-40.125,11.05
202.625,-18.1875,-40.125,11.05
202.625,-18.1875,-40.125,11.08
202.875,-18.1875,-40.625,11.11
202.875,-18.1875,-40.625,11.11
203.125,-18.125,-41.3125,11.15
203.125,-18.125,-41.3125,11.15
203.125,-18.125,-41.3125,11.18
203.375,-18.0625,-41.9375,11.21
203.375,-18.0625,-41.9375,11.21
203.375,-18.0625,-41.9375,11.25
203.375,-18.0625,-41.9375,11.25
203.375,-18.0625,-41.9375,11.28
203.625,-18.0,-42.6875,11.31
203.625,-18.0,-42.6875,11.31
203.625,-18.0,-42.6875,11.35
203.625,-18.0,-42.6875,11.35
203.875,-17.9375,-43.4375,11.38
203.875,-17.9375,-43.4375,11.41
203.875,-17.9375,-43.4375,11.41
203.875,-17.9375,-43.4375,11.45
203.875,-17.9375,-43.4375,11.45
204.125,-17.875,-44.1875,11.48
204.4375,-17.8125,-45.0,11.51
204.4375,-17.8125,-45.0,11.51
204.4375,-17.8125,-45.0,11.55
204.4375,-17.8125,-45.0,11.55
204.75,-17.8125,-45.875,11.58
204.75,-17.8125,-45.875,11.61
204.75,-17.8125,-45.875,11.61
205.1875,-17.75,-46.8125,11.65
205.1875,-17.75,-46.8125,11.65
205.1875,-17.75,-46.8125,11.68
205.1875,-17.75,-46.8125,11.71
205.1875,-17.75,-46.8125,11.71
205.625,-17.75,-47.8125,11.75
205.625,-17.75,-47.8125,11.75
205.625,-17.75,-47.8125,11.78
206.0625,-17.6875,-48.8125,11.81
206.0625,-17.6875,-48.8125,11.81
206.5625,-17.5625,-49.75,11.85
206.5625,-17.5625,-49.75,11.85
206.5625,-17.5625,-49.75,11.88
207.0,-17.5,-50.6875,11.91
207.0,-17.5,-50.6875,11.91
207.0,-17.5,-50.6875,11.95
207.0,-17.5,-50.6875,11.95
207.0,-17.5,-50.6875,11.98
207.4375,-17.3125,-51.625,12.01
207.4375,-17.3125,-51.625,12.01
207.4375,-17.3125,-51.625,12.05
207.4375,-17.3125,-51.625,12.05
207.875,-17.1875,-52.5,12.08
207.875,-17.1875,-52.5,12.11
207.875,-17.1875,-52.5,12.11
207.875,-17.1875,-52.5,12.15
207.875,-17.1875,-52.5,12.15
208.3125,-16.9375,-53.3125,12.18
208.6875,-16.75,-54.0625,12.21
208.6875,-16.75,-54.0625,12.21
208.6875,-16.75,-54.0625,12.25
208.6875,-16.75,-54.0625,12.25
209.0,-16.5625,-54.75,12.28
209.0,-16.5625,-54.75,12.31
209.0,-16.5625,-54.75,12.31
209.3125,-16.3125,-55.5,12.35
209.3125,-16.3125,-55.5,12.35
209.3125,-16.3125,-55.5,12.38
209.5,-16.125,-56.1875,12.41
209.5,-16.125,-56.1875,12.41
209.5,-16.125,-56.1875,12.45
209.5,-16.125,-56.1875,12.45
209.5,-16.125,-56.1875,12.48
209.75,-15.9375,-56.875,12.51
209.75,-15.9375,-56.875,12.51
209.9375,-15.8125,-57.5625,12.55
209.9375,-15.8125,-57.5625,12.55
209.9375,-15.8125,-57.5625,12.58
210.0625,-15.75,-58.25,12.61
210.0625,-15.75,-58.25,12.61
210.0625,-15.75,-58.25,12.65
210.0625,-15.75,-58.25,12.65
210.0625,-15.75,-58.25,12.68
210.25,-15.6875,-58.9375,12.71
210.25,-15.6875,-58.9375,12.71
210.25,-15.6875,-58.9375,12.75
210.25,-15.6875,-58.9375,12.75
210.375,-15.625,-59.625,12.78
210.375,-15.625,-59.625,12.81
210.375,-15.625,-59.625,12.81
210.375,-15.625,-59.625,12.85
210.375,-15.625,-59.625,12.85
210.5,-15.5625,-60.25,12.88
210.625,-15.5625,-60.9375,12.91
210.625,-15.5625,-60.9375,12.91
210.625,-15.5625,-60.9375,12.95
210.625,-15.5625,-60.9375,12.95
210.75,-15.5625,-61.5625,12.98
210.75,-15.5625,-61.5625,13.01
210.75,-15.5625,-61.5625,13.01
210.75,-15.5625,-61.5625,13.05
210.75,-15.5625,-61.5625,13.05
210.8125,-15.5,-62.1875,13.08
210.8125,-15.5,-62.1875,13.11
210.8125,-15.5,-62.1875,13.11
210.9375,-15.5,-62.75,13.15
210.9375,-15.5,-62.75,13.15
210.9375,-15.5,-62.75,13.18
210.9375,-15.5,-62.75,13.21
210.9375,-15.5,-62.75,13.21
211.0625,-15.5625,-63.3125,13.25
211.0625,-15.5625,-63.3125,13.25
211.125,-15.5625,-63.75,13.28
211.125,-15.5625,-63.75,13.31
211.125,-15.5625,-63.75,13.31
211.25,-15.5625,-64.1875,13.35
211.25,-15.5625,-64.1875,13.35
211.25,-15.5625,-64.1875,13.38
211.3125,-15.5,-64.625,13.41
211.3125,-15.5,-64.625,13.41
211.3125,-15.5,-64.625,13.45
211.3125,-15.5,-64.625,13.45
211.3125,-15.5,-64.625,13.48
211.375,-15.5,-65.0,13.51
211.375,-15.5,-65.0,13.51
211.375,-15.5,-65.0,13.55
211.375,-15.5,-65.0,13.55
211.4375,-15.4375,-65.375,13.58
211.4375,-15.3125,-65.8125,13.61
211.4375,-15.3125,-65.8125,13.61
211.4375,-15.3125,-65.8125,13.65
211.4375,-15.3125,-65.8125,13.65
211.5,-15.25,-66.1875,13.68
211.5,-15.25,-66.1875,13.71
211.5,-15.25,-66.1875,13.71
211.5,-15.25,-66.1875,13.75
211.5,-15.25,-66.1875,13.75
211.5625,-15.25,-66.5,13.78
211.5625,-15.25,-66.5,13.81
211.5625,-15.25,-66.5,13.81
211.625,-15.25,-66.8125,13.85
211.625,-15.25,-66.8125,13.85
211.625,-15.25,-66.8125,13.88
211.625,-15.25,-66.8125,13.91
211.625,-15.25,-66.8125,13.91
211.75,-15.25,-67.125,13.95
211.75,-15.25,-67.125,13.95
211.8125,-15.3125,-67.375,13.98
211.8125,-15.3125,-67.375,14.01
211.8125,-15.3125,-67.375,14.01
211.9375,-15.3125,-67.5625,14.05
211.9375,-15.3125,-67.5625,14.05
211.9375,-15.3125,-67.5625,14.08
212.0,-15.3125,-67.75,14.11
212.0,-15.3125,-67.75,14.11
212.0,-15.3125,-67.75,14.15
212.0,-15.3125,-67.75,14.15
212.0,-15.3125,-67.75,14.18
212.0,-15.3125,-67.9375,14.21
212.0,-15.3125,-67.9375,14.21
212.0,-15.3125,-67.9375,14.25
212.0,-15.3125,-67.9375,14.25
212.0625,-15.375,-68.125,14.28
212.0625,-15.375,-68.125,14.31
212.0625,-15.375,-68.125,14.31
212.0625,-15.375,-68.25,14.35
212.0625,-15.375,-68.25,14.35
212.0625,-15.375,-68.25,14.38
212.125,-15.4375,-68.4375,14.41
212.125,-15.4375,-68.4375,14.41
212.125,-15.4375,-68.4375,14.45
212.125,-15.4375,-68.4375,14.45
212.125,-15.4375,-68.4375,14.48
212.1875,-15.5625,-68.625,14.51
212.1875,-15.5625,-68.625,14.51
212.1875,-15.5625,-68.625,14.55
212.1875,-15.5625,-68.625,14.55
212.3125,-15.75,-68.8125,14.58
212.3125,-15.75,-68.8125,14.61
212.3125,-15.75,-68.8125,14.61
212.3125,-15.75,-68.8125,14.65
212.3125,-15.75,-68.8125,14.65
212.375,-15.9375,-68.9375,14.68
212.5,-16.125,-69.125,14.71
212.5,-16.125,-69.125,14.71
212.5,-16.125,-69.125,14.75
212.5,-16.125,-69.125,14.75
212.5625,-16.3125,-69.25,14.78
212.5625,-16.3125,-69.25,14.81
212.5625,-16.3125,-69.25,14.81
212.5625,-16.3125,-69.25,14.85
212.5625,-16.3125,-69.25,14.85
212.5625,-16.375,-69.375,14.88
212.5625,-16.375,-69.375,14.91
212.5625,-16.375,-69.375,14.91
212.5625,-16.4375,-69.4375,14.95
212.5625,-16.4375,-69.4375,14.95
212.5625,-16.4375,-69.4375,14.98
212.5625,-16.4375,-69.4375,15.01
212.5625,-16.4375,-69.4375,15.01
212.5625,-16.5,-69.5,15.05
212.5625,-16.5,-69.5,15.05
212.5,-16.5,-69.5625,15.08
212.5,-16.5,-69.5625,15.11
212.5,-16.5,-69.5625,15.11
212.5,-16.5,-69.5625,15.15
212.5,-16.5,-69.5625,15.15
212.5,-16.5,-69.5625,15.18
212.5,-16.5625,-69.5625,15.21
212.5,-16.5625,-69.5625,15.21
212.5,-16.5625,-69.5625,15.25
212.5,-16.5625,-69.5625,15.25
212.5,-16.5625,-69.5625,15.28
212.5625,-16.625,-69.5625,15.31
212.5625,-16.625,-69.5625,15.31
212.5625,-16.625,-69.5625,15.35
212.5625,-16.625,-69.5625,15.35
212.5625,-16.6875,-69.5625,15.38
212.625,-16.8125,-69.5625,15.41
212.625,-16.8125,-69.5625,15.41
212.625,-16.8125,-69.5625,15.45
212.625,-16.8125,-69.5625,15.45
212.75,-16.875,-69.5625,15.48
212.75,-16.875,-69.5625,15.51
212.75,-16.875,-69.5625,15.51
212.75,-16.875,-69.5625,15.55
212.75,-16.875,-69.5625,15.55
212.8125,-16.9375,-69.5625,15.58
236.625,-16.6875,-68.25,15.61
236.625,-16.6875,-68.25,15.61
236.625,-16.6875,-68.25,15.65
236.625,-16.6875,-68.25,15.65
236.4375,-16.6875,-68.1875,15.68
236.4375,-16.6875,-68.1875,15.71
236.4375,-16.6875,-68.1875,15.71
236.1875,-16.6875,-68.1875,15.75
236.1875,-16.6875,-68.1875,15.75
236.1875,-16.6875,-68.1875,15.78
236.1875,-16.6875,-68.1875,15.81
236.1875,-16.6875,-68.1875,15.81
235.875,-16.6875,-68.125,15.85
235.875,-16.6875,-68.125,15.85
235.875,-16.6875,-68.125,15.88
235.5,-16.625,-68.0625,15.91
235.5,-16.625,-68.0625,15.91
235.0625,-16.625,-68.0,15.95
235.0625,-16.625,-68.0,15.95
235.0625,-16.625,-68.0,15.98
234.5625,-16.625,-67.875,16.01
234.5625,-16.625,-67.875,16.01
234.5625,-16.625,-67.875,16.05
234.5625,-16.625,-67.875,16.05
234.5625,-16.625,-67.875,16.08
234.0625,-16.5625,-67.8125,16.11
234.0625,-16.5625,-67.8125,16.11
234.0625,-16.5625,-67.8125,16.15
234.0625,-16.5625,-67.8125,16.15
233.5,-16.5625,-67.6875,16.18
233.5,-16.5625,-67.6875,16.21
233.5,-16.5625,-67.6875,16.21
233.5,-16.5625,-67.6875,16.25
233.5,-16.5625,-67.6875,16.25
233.0,-16.5625,-67.625,16.28
232.4375,-16.5625,-67.5625,16.31
232.4375,-16.5625,-67.5625,16.31
232.4375,-16.5625,-67.5625,16.35
232.4375,-16.5625,-67.5625,16.35
231.9375,-16.5625,-67.4375,16.38
231.9375,-16.5625,-67.4375,16.41
231.9375,-16.5625,-67.4375,16.41
231.9375,-16.5625,-67.4375,16.45
231.9375,-16.5625,-67.4375,16.45
231.4375,-16.5,-67.375,16.48
231.4375,-16.5,-67.375,16.51
231.4375,-16.5,-67.375,16.51
230.9375,-16.5,-67.3125,16.55
230.9375,-16.5,-67.3125,16.55
230.9375,-16.5,-67.3125,16.58
230.9375,-16.5,-67.3125,16.61
230.9375,-16.5,-67.3125,16.61
230.4375,-16.4375,-67.1875,16.65
230.4375,-16.4375,-67.1875,16.65
229.9375,-16.4375,-67.125,16.68
229.9375,-16.4375,-67.125,16.71
229.9375,-16.4375,-67.125,16.71
229.4375,-16.375,-67.0,16.75
229.4375,-16.375,-67.0,16.75
229.4375,-16.375,-67.0,16.78
229.0,-16.375,-66.9375,16.81
229.0,-16.375,-66.9375,16.81
229.0,-16.375,-66.9375,16.85
229.0,-16.375,-66.9375,16.85
228.5,-16.375,-66.8125,16.88
228.5,-16.375,-66.8125,16.91
228.5,-16.375,-66.8125,16.91
228.0625,-16.375,-66.75,16.95
228.0625,-16.375,-66.75,16.95
227.6875,-16.375,-66.625,16.98
227.6875,-16.375,-66.625,17.01
227.6875,-16.375,-66.625,17.01
227.3125,-16.375,-66.5625,17.05
227.3125,-16.375,-66.5625,17.05
227.3125,-16.375,-66.5625,17.08
226.9375,-16.375,-66.5,17.11
226.9375,-16.375,-66.5,17.11
226.9375,-16.375,-66.5,17.15
226.9375,-16.375,-66.5,17.15
226.5625,-16.375,-66.4375,17.18
226.5625,-16.375,-66.4375,17.21
226.5625,-16.375,-66.4375,17.21
226.1875,-16.375,-66.3125,17.25
226.1875,-16.375,-66.3125,17.25
225.875,-16.375,-66.25,17.28
225.875,-16.375,-66.25,17.31
225.875,-16.375,-66.25,17.31
225.5625,-16.3125,-66.125,17.35
225.5625,-16.3125,-66.125,17.35
225.5625,-16.3125,-66.125,17.38
225.25,-16.3125,-66.0625,17.41
225.25,-16.3125,-66.0625,17.41
225.25,-16.3125,-66.0625,17.45
225.25,-16.3125,-66.0625,17.45
224.9375,-16.3125,-66.0,17.48
224.9375,-16.3125,-66.0,17.51
224.9375,-16.3125,-66.0,17.51
224.625,-16.3125,-65.9375,17.55
224.625,-16.3125,-65.9375,17.55
224.3125,-16.3125,-65.875,17.58
224.0,-16.3125,-65.8125,17.61
224.0,-16.3125,-65.8125,17.61
224.0,-16.3125,-65.8125,17.65
224.0,-16.3125,-65.8125,17.65
223.75,-16.3125,-65.75,17.68
223.75,-16.3125,-65.75,17.71
223.75,-16.3125,-65.75,17.71
223.5,-16.3125,-65.6875,17.75
223.5,-16.3125,-65.6875,17.75
223.5,-16.3125,-65.6875,17.78
223.1875,-16.3125,-65.625,17.81
223.1875,-16.3125,-65.625,17.81
222.9375,-16.25,-65.5625,17.85
222.9375,-16.25,-65.5625,17.85
222.9375,-16.25,-65.5625,17.88
222.6875,-16.25,-65.5,17.91
222.6875,-16.25,-65.5,17.91
222.6875,-16.25,-65.5,17.95
222.6875,-16.25,-65.5,17.95
222.4375,-16.25,-65.5,17.98
222.4375,-16.25,-65.5,18.01
222.4375,-16.25,-65.5,18.01
222.1875,-16.1875,-65.4375,18.05
222.1875,-16.1875,-65.4375,18.05
222.1875,-16.1875,-65.4375,18.08
221.9375,-16.1875,-65.375,18.11
221.9375,-16.1875,-65.375,18.11
221.75,-16.1875,-65.375,18.15
221.75,-16.1875,-65.375,18.15
221.75,-16.1875,-65.375,18.18
221.5,-16.1875,-65.3125,18.21
221.5,-16.1875,-65.3125,18.21
221.5,-16.1875,-65.3125,18.25
221.5,-16.1875,-65.3125,18.25
221.3125,-16.1875,-65.25,18.28
221.3125,-16.1875,-65.25,18.31
221.3125,-16.1875,-65.25,18.31
221.0625,-16.1875,-65.25,18.35
221.0625,-16.1875,-65.25,18.35
221.0625,-16.1875,-65.25,18.38
220.875,-16.1875,-65.1875,18.41
220.875,-16.1875,-65.1875,18.41
220.625,-16.1875,-65.1875,18.45
220.625,-16.1875,-65.1875,18.45
220.625,-16.1875,-65.1875,18.48
220.4375,-16.1875,-65.125,18.51
220.4375,-16.1875,-65.125,18.51
220.4375,-16.1875,-65.125,18.55
220.4375,-16.1875,-65.125,18.55
220.25,-16.1875,-65.0625,18.58
220.25,-16.1875,-65.0625,18.61
220.25,-16.1875,-65.0625,18.61
220.0625,-16.1875,-65.0625,18.65
220.0625,-16.1875,-65.0625,18.65
220.0625,-16.1875,-65.0625,18.68
219.875,-16.1875,-65.0,18.71
219.875,-16.1875,-65.0,18.71
219.6875,-16.1875,-65.0,18.75
219.6875,-16.1875,-65.0,18.75
219.6875,-16.1875,-65.0,18.78
219.5625,-16.1875,-64.9375,18.81
219.5625,-16.1875,-64.9375,18.81
219.5625,-16.1875,-64.9375,18.85
219.5625,-16.1875,-64.9375,18.85
219.4375,-16.1875,-64.9375,18.88
219.4375,-16.1875,-64.9375,18.91
219.4375,-16.1875,-64.9375,18.91
219.3125,-16.1875,-64.9375,18.95
219.3125,-16.1875,-64.9375,18.95
219.3125,-16.1875,-64.9375,18.98
219.125,-16.1875,-64.9375,19.01
219.125,-16.1875,-64.9375,19.01
219.0,-16.1875,-64.875,19.05
219.0,-16.1875,-64.875,19.05
219.0,-16.1875,-64.875,19.08
218.875,-16.1875,-64.875,19.11
218.875,-16.1875,-64.875,19.11
218.875,-16.1875,-64.875,19.15
218.875,-16.1875,-64.875,19.15
218.75,-16.1875,-64.875,19.18
218.75,-16.1875,-64.875,19.21
218.75,-16.1875,-64.875,19.21
218.5625,-16.1875,-64.875,19.25
218.5625,-16.1875,-64.875,19.25
218.5625,-16.1875,-64.875,19.28
218.4375,-16.1875,-64.8125,19.31
218.4375,-16.1875,-64.8125,19.31
218.3125,-16.1875,-64.8125,19.35
218.3125,-16.1875,-64.8125,19.35
218.3125,-16.1875,-64.8125,19.38
218.1875,-16.125,-64.8125,19.41
218.1875,-16.125,-64.8125,19.41
218.1875,-16.125,-64.8125,19.45
218.1875,-16.125,-64.8125,19.45
218.0625,-16.125,-64.75,19.48
218.0625,-16.125,-64.75,19.51
218.0625,-16.125,-64.75,19.51
217.9375,-16.125,-64.75,19.55
217.9375,-16.125,-64.75,19.55
217.9375,-16.125,-64.75,19.58
217.875,-16.125,-64.6875,19.61
217.875,-16.125,-64.6875,19.61
217.75,-16.125,-64.6875,19.65
217.75,-16.125,-64.6875,19.65
217.75,-16.125,-64.6875,19.68
217.6875,-16.125,-64.6875,19.71
217.6875,-16.125,-64.6875,19.71
217.6875,-16.125,-64.6875,19.75
217.6875,-16.125,-64.6875,19.75
217.625,-16.125,-64.6875,19.78
217.625,-16.125,-64.6875,19.81
217.625,-16.125,-64.6875,19.81
217.5625,-16.125,-64.625,19.85
217.5625,-16.125,-64.625,19.85
217.5625,-16.125,-64.625,19.88
217.4375,-16.0625,-64.625,19.91
217.4375,-16.0625,-64.625,19.91
217.375,-16.0625,-64.625,19.95
217.375,-16.0625,-64.625,19.95
217.375,-16.0625,-64.625,19.98
217.375,-16.0625,-64.625,20.01
217.375,-16.0625,-64.625,20.01
217.375,-16.0625,-64.625,20.05
217.375,-16.0625,-64.625,20.05
217.3125,-16.0625,-64.625,20.08
217.3125,-16.0625,-64.625,20.11
217.3125,-16.0625,-64.625,20.11
217.25,-16.0625,-64.5625,20.15
217.25,-16.0625,-64.5625,20.15
217.25,-16.0625,-64.5625,20.18
217.25,-16.0625,-64.5625,20.21
217.25,-16.0625,-64.5625,20.21
217.1875,-16.0625,-64.5625,20.25
217.1875,-16.0625,-64.5625,20.25
217.1875,-16.0625,-64.5625,20.28
217.1875,-16.0625,-64.5625,20.31
217.1875,-16.0625,-64.5625,20.31
217.1875,-16.0625,-64.5625,20.35
217.1875,-16.0625,-64.5625,20.35
217.1875,-16.0625,-64.5625,20.38
217.1875,-16.0625,-64.5625,20.41
217.1875,-16.0625,-64.5625,20.41
217.125,-16.0,-64.5625,20.45
217.125,-16.0,-64.5625,20.45
217.125,-16.0,-64.5625,20.48
217.125,-16.0,-64.5625,20.51
217.125,-16.0,-64.5625,20.51
217.125,-16.0,-64.5625,20.55
217.125,-16.0,-64.5625,20.55
217.125,-16.0,-64.5625,20.58
217.0625,-16.0,-64.5625,20.61
217.0625,-16.0,-64.5625,20.61
217.0625,-16.0,-64.5625,20.65
217.0625,-16.0,-64.5625,20.65
217.0625,-15.9375,-64.5625,20.68
217.0625,-15.9375,-64.5625,20.71
217.0625,-15.9375,-64.5625,20.71
217.0625,-15.9375,-64.5625,20.75
217.0625,-15.9375,-64.5625,20.75
217.0625,-15.9375,-64.5625,20.78
217.0,-15.875,-64.5625,20.81
217.0,-15.875,-64.5625,20.81
217.0,-15.875,-64.5,20.85
217.0,-15.875,-64.5,20.85
217.0,-15.875,-64.5,20.88
217.0,-15.875,-64.5,20.91
217.0,-15.875,-64.5,20.91
217.0,-15.875,-64.5,20.95
217.0,-15.875,-64.5,20.95
216.9375,-15.8125,-64.5,20.98
216.9375,-15.8125,-64.5,21.01
216.9375,-15.8125,-64.5,21.01
216.9375,-15.8125,-64.5,21.05
216.9375,-15.8125,-64.5,21.05
216.9375,-15.8125,-64.5,21.08
216.9375,-15.8125,-64.5,21.11
216.9375,-15.8125,-64.5,21.11
216.9375,-15.8125,-64.5,21.15
216.9375,-15.8125,-64.5,21.15
216.9375,-15.8125,-64.5,21.18
216.875,-15.8125,-64.5,21.21
216.875,-15.8125,-64.5,21.21
216.875,-15.8125,-64.5,21.25
216.875,-15.8125,-64.5,21.25
216.875,-15.75,-64.5,21.28
216.875,-15.75,-64.5,21.31
216.875,-15.75,-64.5,21.31
216.875,-15.75,-64.5,21.35
216.875,-15.75,-64.5,21.35
216.875,-15.75,-64.5,21.38
216.875,-15.75,-64.5,21.41
216.875,-15.75,-64.5,21.41
216.875,-15.75,-64.5,21.45
216.875,-15.75,-64.5,21.45
216.875,-15.75,-64.5,21.48
216.875,-15.75,-64.5,21.51
216.875,-15.75,-64.5,21.51
216.875,-15.75,-64.5,21.55
216.875,-15.75,-64.5,21.55
216.875,-15.75,-64.5,21.58
216.875,-15.75,-64.5,21.61
216.875,-15.75,-64.5,21.61
216.875,-15.75,-64.5,21.65
216.875,-15.75,-64.5,21.65
216.875,-15.75,-64.5,21.68
216.875,-15.75,-64.5,21.71
216.875,-15.75,-64.5,21.71
216.875,-15.75,-64.5625,21.75
216.875,-15.75,-64.5625,21.75
216.875,-15.75,-64.5625,21.78
216.875,-15.75,-64.5625,21.81
216.875,-15.75,-64.5625,21.81
216.875,-15.75,-64.5625,21.85
216.875,-15.75,-64.5625,21.85
216.875,-15.75,-64.5625,21.88
216.875,-15.75,-64.5625,21.91
216.875,-15.75,-64.5625,21.91
216.875,-15.75,-64.5625,21.95
216.875,-15.75,-64.5625,21.95
216.875,-15.75,-64.5625,21.98
216.875,-15.75,-64.5625,22.01
216.875,-15.75,-64.5625,22.01
216.875,-15.75,-64.5625,22.05
216.875,-15.75,-64.5625,22.05
216.875,-15.75,-64.5625,22.08
216.875,-15.75,-64.5625,22.11
216.875,-15.75,-64.5625,22.11
216.875,-15.75,-64.5625,22.15
216.875,-15.75,-64.5625,22.15
216.875,-15.75,-64.5625,22.18
216.875,-15.75,-64.5625,22.21
216.875,-15.75,-64.5625,22.21
216.9375,-15.75,-64.5625,22.25
216.9375,-15.75,-64.5625,22.25
216.9375,-15.75,-64.5625,22.28
216.9375,-15.75,-64.5625,22.31
216.9375,-15.75,-64.5625,22.31
216.9375,-15.75,-64.5625,22.35
216.9375,-15.75,-64.5625,22.35
216.9375,-15.75,-64.5625,22.38
216.9375,-15.75,-64.5625,22.41
216.9375,-15.75,-64.5625,22.41
216.9375,-15.75,-64.5625,22.45
216.9375,-15.75,-64.5625,22.45
216.9375,-15.75,-64.5,22.48
216.9375,-15.75,-64.5,22.51
216.9375,-15.75,-64.5,22.51
216.9375,-15.75,-64.5,22.55
216.9375,-15.75,-64.5,22.55
216.9375,-15.75,-64.5,22.58
216.9375,-15.75,-64.5,22.61
216.9375,-15.75,-64.5,22.61
216.9375,-15.75,-64.5,22.65
216.9375,-15.75,-64.5,22.65
216.9375,-15.75,-64.5,22.68
216.9375,-15.75,-64.5,22.71
216.9375,-15.75,-64.5,22.71
216.9375,-15.75,-64.5,22.75
216.9375,-15.75,-64.5,22.75
217.0,-15.75,-64.5,22.78
217.0,-15.75,-64.5,22.81
217.0,-15.75,-64.5,22.81
217.0,-15.75,-64.5,22.85
217.0,-15.75,-64.5,22.85
217.0,-15.75,-64.5,22.88
217.0,-15.75,-64.5,22.91
217.0,-15.75,-64.5,22.91
217.0625,-15.75,-64.5,22.95
217.0625,-15.75,-64.5,22.95
217.0625,-15.75,-64.5,22.98
217.0625,-15.8125,-64.5,23.01
217.0625,-15.8125,-64.5,23.01
217.0625,-15.8125,-64.5,23.05
217.0625,-15.8125,-64.5,23.05
217.125,-15.8125,-64.5,23.08
217.125,-15.8125,-64.5,23.11
217.125,-15.8125,-64.5,23.11
217.125,-15.8125,-64.5,23.15
217.125,-15.8125,-64.5,23.15
217.125,-15.8125,-64.5,23.18
217.1875,-15.8125,-64.5,23.21
217.1875,-15.8125,-64.5,23.21
217.1875,-15.8125,-64.5,23.25
217.1875,-15.8125,-64.5,23.25
217.1875,-15.8125,-64.5,23.28
217.25,-15.8125,-64.4375,23.31
217.25,-15.8125,-64.4375,23.31
217.25,-15.8125,-64.4375,23.35
217.25,-15.8125,-64.4375,23.35
217.25,-15.8125,-64.4375,23.38
217.25,-15.8125,-64.4375,23.41
217.25,-15.8125,-64.4375,23.41
217.3125,-15.8125,-64.4375,23.45
217.3125,-15.8125,-64.4375,23.45
217.3125,-15.8125,-64.4375,23.48
217.3125,-15.8125,-64.4375,23.51
217.3125,-15.8125,-64.4375,23.51
217.375,-15.8125,-64.4375,23.55
217.375,-15.8125,-64.4375,23.55
217.375,-15.8125,-64.4375,23.58
217.375,-15.8125,-64.4375,23.61
217.375,-15.8125,-64.4375,23.61
217.375,-15.8125,-64.4375,23.65
217.375,-15.8125,-64.4375,23.65
217.375,-15.8125,-64.4375,23.68
217.375,-15.8125,-64.4375,23.71
217.375,-15.8125,-64.4375,23.71
217.4375,-15.8125,-64.4375,23.75
217.4375,-15.8125,-64.4375,23.75
217.4375,-15.8125,-64.4375,23.78
217.4375,-15.8125,-64.4375,23.81
217.4375,-15.8125,-64.4375,23.81
217.4375,-15.8125,-64.4375,23.85
217.4375,-15.8125,-64.4375,23.85
217.4375,-15.75,-64.4375,23.88
217.4375,-15.75,-64.4375,23.91
217.4375,-15.75,-64.4375,23.91
217.4375,-15.75,-64.4375,23.95
217.4375,-15.75,-64.4375,23.95
217.4375,-15.75,-64.4375,23.98
217.4375,-15.75,-64.4375,24.01
217.4375,-15.75,-64.4375,24.01
217.4375,-15.75,-64.375,24.05
217.4375,-15.75,-64.375,24.05
217.4375,-15.75,-64.375,24.08
217.4375,-15.75,-64.375,24.11
217.4375,-15.75,-64.375,24.11
217.4375,-15.75,-64.375,24.15
217.4375,-15.75,-64.375,24.15
217.4375,-15.75,-64.375,24.18
217.4375,-15.75,-64.375,24.21
217.4375,-15.75,-64.375,24.21
217.5,-15.75,-64.375,24.25
217.5,-15.75,-64.375,24.25
217.5,-15.75,-64.375,24.28
217.5,-15.75,-64.375,24.31
217.5,-15.75,-64.375,24.31
217.5,-15.75,-64.375,24.35
217.5,-15.75,-64.375,24.35
217.5,-15.75,-64.375,24.38
217.5,-15.75,-64.375,24.41
217.5,-15.75,-64.375,24.41
217.5,-15.75,-64.375,24.45
217.5,-15.75,-64.375,24.45
217.5,-15.75,-64.375,24.48
217.5,-15.75,-64.375,24.51
217.5,-15.75,-64.375,24.51
217.5,-15.75,-64.375,24.55
217.5,-15.75,-64.375,24.55
217.5,-15.75,-64.375,24.58
217.5,-15.75,-64.375,24.61
217.5,-15.75,-64.375,24.61
217.5,-15.75,-64.375,24.65
217.5,-15.75,-64.375,24.65
217.5,-15.75,-64.375,24.68
217.5,-15.8125,-64.375,24.71
217.5,-15.8125,-64.375,24.71
217.5,-15.8125,-64.375,24.75
217.5,-15.8125,-64.375,24.75
217.5,-15.8125,-64.375,24.78
217.5,-15.8125,-64.375,24.81
217.5,-15.8125,-64.375,24.81
217.5,-15.8125,-64.375,24.85
217.5,-15.8125,-64.375,24.85
217.5,-15.8125,-64.375,24.88
217.5,-15.8125,-64.375,24.91
217.5,-15.8125,-64.375,24.91
217.5625,-15.8125,-64.3125,24.95
217.5625,-15.8125,-64.3125,24.95
217.5625,-15.8125,-64.3125,24.98
217.5625,-15.8125,-64.3125,25.01
217.5625,-15.8125,-64.3125,25.01
217.5625,-15.8125,-64.3125,25.05
217.5625,-15.8125,-64.3125,25.05
217.5625,-15.8125,-64.3125,25.08
217.5625,-15.8125,-64.3125,25.11
217.5625,-15.8125,-64.3125,25.11
217.5625,-15.8125,-64.3125,25.15
217.5625,-15.8125,-64.3125,25.15
217.5625,-15.8125,-64.3125,25.18
217.5625,-15.8125,-64.3125,25.21
217.5625,-15.8125,-64.3125,25.21
217.5625,-15.8125,-64.3125,25.25
217.5625,-15.8125,-64.3125,25.25
217.5625,-15.75,-64.25,25.28
217.5625,-15.75,-64.25,25.31
217.5625,-15.75,-64.25,25.31
217.5625,-15.75,-64.25,25.35
217.5625,-15.75,-64.25,25.35
217.5625,-15.75,-64.25,25.38
217.5625,-15.75,-64.25,25.41
217.5625,-15.75,-64.25,25.41
217.5625,-15.75,-64.1875,25.45
217.5625,-15.75,-64.1875,25.45
217.5625,-15.75,-64.1875,25.48
217.5625,-15.75,-64.1875,25.51
217.5625,-15.75,-64.1875,25.51
217.5625,-15.75,-64.1875,25.55
217.5625,-15.75,-64.1875,25.55
217.5625,-15.75,-64.1875,25.58
217.5625,-15.75,-64.1875,25.61
217.5625,-15.75,-64.1875,25.61
217.5625,-15.75,-64.1875,25.65
217.5625,-15.75,-64.1875,25.65
217.5625,-15.75,-64.1875,25.68
217.5625,-15.75,-64.125,25.71
217.5625,-15.75,-64.125,25.71
217.5625,-15.75,-64.125,25.75
217.5625,-15.75,-64.125,25.75
217.5625,-15.75,-64.125,25.78
217.5625,-15.75,-64.125,25.81
217.5625,-15.75,-64.125,25.81
217.5625,-15.75,-64.125,25.85
217.5625,-15.75,-64.125,25.85
217.625,-15.75,-64.125,25.88
217.625,-15.75,-64.125,25.91
217.625,-15.75,-64.125,25.91
217.625,-15.75,-64.125,25.95
217.625,-15.75,-64.125,25.95
217.6875,-15.6875,-64.125,25.98
214.5625,-13.25,-67.3125,26.01
214.5625,-13.25,-67.3125,26.01
214.5,-13.25,-67.25,26.05
214.5,-13.25,-67.25,26.05
214.5,-13.25,-67.25,26.08
214.5,-13.25,-67.1875,26.11
214.5,-13.25,-67.1875,26.11
214.5,-13.25,-67.1875,26.15
214.5,-13.25,-67.1875,26.15
214.5,-13.25,-67.125,26.18
214.5,-13.25,-67.125,26.21
214.5,-13.25,-67.125,26.21
214.5,-13.25,-67.0625,26.25
214.5,-13.25,-67.0625,26.25
214.5,-13.25,-67.0625,26.28
214.5,-13.25,-67.0,26.31
214.5,-13.25,-67.0,26.31
214.5,-13.25,-67.0,26.35
214.5,-13.25,-67.0,26.35
214.5,-13.25,-67.0,26.38
214.5,-13.25,-66.9375,26.41
214.5,-13.25,-66.9375,26.41
214.5,-13.25,-66.9375,26.45
214.5,-13.25,-66.9375,26.45
214.5,-13.25,-66.875,26.48
214.5,-13.25,-66.875,26.51
214.5,-13.25,-66.875,26.51
214.5,-13.25,-66.8125,26.55
214.5,-13.25,-66.8125,26.55
214.5,-13.25,-66.8125,26.58
214.5,-13.1875,-66.75,26.61
214.5,-13.1875,-66.75,26.61
214.5,-13.1875,-66.6875,26.65
214.5,-13.1875,-66.6875,26.65
214.5,-13.1875,-66.6875,26.68
214.5,-13.1875,-66.625,26.71
214.5,-13.1875,-66.625,26.71
214.5,-13.1875,-66.625,26.75
214.5,-13.1875,-66.625,26.75
214.5,-13.1875,-66.5625,26.78
214.5,-13.1875,-66.5625,26.81
214.5,-13.1875,-66.5625,26.81
214.5,-13.1875,-66.5625,26.85
214.5,-13.1875,-66.5625,26.85
214.5,-13.1875,-66.5625,26.88
214.5,-13.1875,-66.5,26.91
214.5,-13.1875,-66.5,26.91
214.5,-13.1875,-66.4375,26.95
214.5,-13.1875,-66.4375,26.95
214.5,-13.1875,-66.4375,26.98
214.5,-13.1875,-66.375,27.01
214.5,-13.1875,-66.375,27.01
214.5,-13.1875,-66.375,27.05
214.5,-13.1875,-66.375,27.05
214.5625,-13.125,-66.3125,27.08
214.5625,-13.125,-66.3125,27.11
214.5625,-13.125,-66.3125,27.11
214.5625,-13.125,-66.25,27.15
214.5625,-13.125,-66.25,27.15
214.5625,-13.125,-66.25,27.18
214.5625,-13.125,-66.25,27.21
214.5625,-13.125,-66.25,27.21
214.5625,-13.125,-66.1875,27.25
214.5625,-13.125,-66.1875,27.25
214.5625,-13.125,-66.125,27.28
214.5625,-13.125,-66.125,27.31
214.5625,-13.125,-66.125,27.31
214.625,-13.0625,-66.0625,27.35
214.625,-13.0625,-66.0625,27.35
214.625,-13.0625,-66.0625,27.38
214.625,-13.0625,-66.0625,27.41
214.625,-13.0625,-66.0625,27.41
214.625,-13.0625,-66.0625,27.45
214.625,-13.0625,-66.0625,27.45
214.625,-13.0625,-66.0,27.48
214.6875,-13.0625,-65.9375,27.51
214.6875,-13.0625,-65.9375,27.51
214.6875,-13.0625,-65.9375,27.55
214.6875,-13.0625,-65.9375,27.55
214.6875,-13.0625,-65.9375,27.58
214.6875,-13.0625,-65.9375,27.61
214.6875,-13.0625,-65.9375,27.61
214.75,-13.0625,-65.875,27.65
214.75,-13.0625,-65.875,27.65
214.75,-13.0625,-65.875,27.68
214.75,-13.0625,-65.875,27.71
214.75,-13.0625,-65.875,27.71
214.75,-13.0625,-65.875,27.75
214.75,-13.0625,-65.875,27.75
214.75,-13.125,-65.875,27.78
214.8125,-13.125,-65.875,27.81
214.8125,-13.125,-65.875,27.81
214.8125,-13.125,-65.875,27.85
214.8125,-13.125,-65.875,27.85
214.8125,-13.125,-65.875,27.88
214.8125,-13.125,-65.875,27.91
214.8125,-13.125,-65.875,27.91
214.8125,-13.125,-65.875,27.95
214.8125,-13.125,-65.875,27.95
214.8125,-13.125,-65.875,27.98
214.875,-13.1875,-65.875,28.01
214.875,-13.1875,-65.875,28.01
214.875,-13.1875,-65.875,28.05
214.875,-13.1875,-65.875,28.05
214.875,-13.1875,-65.875,28.08
214.875,-13.1875,-65.875,28.11
214.875,-13.1875,-65.875,28.11
214.875,-13.1875,-65.875,28.15
214.875,-13.1875,-65.875,28.15
214.9375,-13.1875,-65.875,28.18
214.9375,-13.1875,-65.875,28.21
214.9375,-13.1875,-65.875,28.21
214.9375,-13.25,-65.875,28.25
214.9375,-13.25,-65.875,28.25
214.9375,-13.25,-65.875,28.28
214.9375,-13.25,-65.875,28.31
214.9375,-13.25,-65.875,28.31
214.9375,-13.25,-65.875,28.35
214.9375,-13.25,-65.875,28.35
214.9375,-13.25,-65.875,28.38
215.0,-13.25,-65.875,28.41
215.0,-13.25,-65.875,28.41
215.0,-13.25,-65.875,28.45
215.0,-13.25,-65.875,28.45
215.0,-13.25,-65.875,28.48
215.0,-13.25,-65.875,28.51
215.0,-13.25,-65.875,28.51
215.0,-13.25,-65.875,28.55
215.0,-13.25,-65.875,28.55
215.0,-13.25,-65.875,28.58
215.0,-13.3125,-65.8125,28.61
215.0,-13.3125,-65.8125,28.61
215.0,-13.3125,-65.8125,28.65
215.0,-13.3125,-65.8125,28.65
215.0,-13.3125,-65.8125,28.68
215.0,-13.3125,-65.8125,28.71
215.0,-13.3125,-65.8125,28.71
215.0,-13.3125,-65.8125,28.75
215.0,-13.3125,-65.8125,28.75
215.0,-13.3125,-65.8125,28.78
215.0,-13.3125,-65.8125,28.81
215.0,-13.3125,-65.8125,28.81
215.0,-13.3125,-65.8125,28.85
215.0,-13.3125,-65.8125,28.85
215.0,-13.3125,-65.8125,28.88
215.0,-13.3125,-65.8125,28.91
215.0,-13.3125,-65.8125,28.91
215.0,-13.3125,-65.8125,28.95
215.0,-13.3125,-65.8125,28.95
215.0,-13.3125,-65.75,28.98
215.0,-13.3125,-65.75,29.01
215.0,-13.3125,-65.75,29.01
215.0,-13.3125,-65.75,29.05
215.0,-13.3125,-65.75,29.05
215.0625,-13.3125,-65.75,29.08
215.0625,-13.3125,-65.75,29.11
215.0625,-13.3125,-65.75,29.11
215.0625,-13.375,-65.75,29.15
215.0625,-13.375,-65.75,29.15
215.0625,-13.375,-65.75,29.18
215.0625,-13.375,-65.75,29.21
215.0625,-13.375,-65.75,29.21
215.0625,-13.375,-65.75,29.25
215.0625,-13.375,-65.75,29.25
215.0625,-13.375,-65.75,29.28
215.0625,-13.375,-65.6875,29.31
215.0625,-13.375,-65.6875,29.31
215.0625,-13.375,-65.6875,29.35
215.0625,-13.375,-65.6875,29.35
215.0625,-13.375,-65.6875,29.38
215.0625,-13.375,-65.6875,29.41
215.0625,-13.375,-65.6875,29.41
215.0625,-13.375,-65.6875,29.45
215.0625,-13.375,-65.6875,29.45
215.0625,-13.375,-65.6875,29.48
215.0625,-13.375,-65.625,29.51
215.0625,-13.375,-65.625,29.51
215.0625,-13.375,-65.625,29.55
215.0625,-13.375,-65.625,29.55
215.0625,-13.375,-65.625,29.58
215.0625,-13.375,-65.625,29.61
215.0625,-13.375,-65.625,29.61
215.0625,-13.375,-65.625,29.65
215.0625,-13.375,-65.625,29.65
215.0625,-13.375,-65.625,29.68
215.0625,-13.375,-65.625,29.71
215.0625,-13.375,-65.625,29.71
215.0625,-13.375,-65.625,29.75
215.0625,-13.375,-65.625,29.75
215.0625,-13.375,-65.625,29.78
215.0625,-13.375,-65.625,29.81
215.0625,-13.375,-65.625,29.81
215.0625,-13.375,-65.625,29.85
215.0625,-13.375,-65.625,29.85
215.0625,-13.375,-65.5625,29.88
215.0625,-13.375,-65.5625,29.91
215.0625,-13.375,-65.5625,29.91
215.0625,-13.375,-65.5625,29.95
215.0625,-13.375,-65.5625,29.95
215.0625,-13.375,-65.5625,29.98
215.0625,-13.375,-65.5625,30.01
215.0625,-13.375,-65.5625,30.01
215.0,-13.375,-65.5625,30.05
215.0,-13.375,-65.5625,30.05
215.0,-13.375,-65.5625,30.08
215.0,-13.375,-65.5,30.11
215.0,-13.375,-65.5,30.11
215.0,-13.375,-65.5,30.15
215.0,-13.375,-65.5,30.15
215.0,-13.375,-65.5,30.18
215.0,-13.375,-65.4375,30.21
215.0,-13.375,-65.4375,30.21
215.0,-13.375,-65.4375,30.25
215.0,-13.375,-65.4375,30.25
215.0625,-13.375,-65.4375,30.28
215.0625,-13.375,-65.4375,30.31
215.0625,-13.375,-65.4375,30.31
215.0625,-13.375,-65.4375,30.35
215.0625,-13.375,-65.4375,30.35
215.0625,-13.375,-65.4375,30.38
215.0625,-13.375,-65.4375,30.41
215.0625,-13.375,-65.4375,30.41
215.0625,-13.375,-65.4375,30.45
215.0625,-13.375,-65.4375,30.45
215.0625,-13.375,-65.4375,30.48
215.0625,-13.375,-65.4375,30.51
215.0625,-13.375,-65.4375,30.51
215.0625,-13.375,-65.4375,30.55
215.0625,-13.375,-65.4375,30.55
215.0625,-13.375,-65.4375,30.58
215.0625,-13.375,-65.4375,30.61
215.0625,-13.375,-65.4375,30.61
215.0625,-13.375,-65.4375,30.65
215.0625,-13.375,-65.4375,30.65
215.0625,-13.375,-65.4375,30.68
215.0625,-13.375,-65.4375,30.71
215.0625,-13.375,-65.4375,30.71
215.0625,-13.375,-65.4375,30.75
215.0625,-13.375,-65.4375,30.75
215.125,-13.375,-65.375,30.78
215.125,-13.375,-65.375,30.81
215.125,-13.375,-65.375,30.81
215.125,-13.375,-65.375,30.85
215.125,-13.375,-65.375,30.85
215.125,-13.375,-65.375,30.88
215.125,-13.375,-65.375,30.91
215.125,-13.375,-65.375,30.91
215.125,-13.375,-65.375,30.95
215.125,-13.375,-65.375,30.95
215.125,-13.375,-65.375,30.98
215.125,-13.375,-65.375,31.01
215.125,-13.375,-65.375,31.01
215.125,-13.375,-65.375,31.05
215.125,-13.375,-65.375,31.05
215.125,-13.375,-65.375,31.08
215.125,-13.375,-65.375,31.11
215.125,-13.375,-65.375,31.11
215.125,-13.375,-65.375,31.15
215.125,-13.375,-65.375,31.15
215.125,-13.375,-65.375,31.18
215.125,-13.375,-65.375,31.21
215.125,-13.375,-65.375,31.21
215.125,-13.375,-65.375,31.25
215.125,-13.375,-65.375,31.25
215.125,-13.375,-65.375,31.28
215.125,-13.375,-65.375,31.31
215.125,-13.375,-65.375,31.31
215.125,-13.375,-65.375,31.35
215.125,-13.375,-65.375,31.35
215.125,-13.375,-65.375,31.38
215.125,-13.375,-65.375,31.41
215.125,-13.375,-65.375,31.41
215.125,-13.375,-65.375,31.45
215.125,-13.375,-65.375,31.45
215.125,-13.375,-65.375,31.48
215.125,-13.375,-65.375,31.51
215.125,-13.375,-65.375,31.51
215.125,-13.375,-65.3125,31.55
215.125,-13.375,-65.3125,31.55
215.125,-13.375,-65.3125,31.58
215.125,-13.375,-65.3125,31.61
215.125,-13.375,-65.3125,31.61
215.125,-13.375,-65.3125,31.65
215.125,-13.375,-65.3125,31.65
215.125,-13.375,-65.3125,31.68
215.125,-13.3125,-65.3125,31.71
215.125,-13.3125,-65.3125,31.71
215.125,-13.3125,-65.3125,31.75
215.125,-13.3125,-65.3125,31.75
215.125,-13.3125,-65.25,31.78
215.125,-13.3125,-65.25,31.81
215.125,-13.3125,-65.25,31.81
215.125,-13.3125,-65.25,31.85
215.125,-13.3125,-65.25,31.85
215.125,-13.3125,-65.25,31.88
215.125,-13.3125,-65.25,31.91
215.125,-13.3125,-65.25,31.91
215.125,-13.3125,-65.25,31.95
215.125,-13.3125,-65.25,31.95
215.125,-13.3125,-65.25,31.98
215.125,-13.3125,-65.25,32.01
215.125,-13.3125,-65.25,32.01
215.125,-13.3125,-65.25,32.05
215.125,-13.3125,-65.25,32.05
215.125,-13.3125,-65.25,32.08
215.125,-13.3125,-65.1875,32.11
215.125,-13.3125,-65.1875,32.11
215.125,-13.3125,-65.1875,32.15
215.125,-13.3125,-65.1875,32.15
215.125,-13.3125,-65.1875,32.18
215.125,-13.3125,-65.1875,32.21
215.125,-13.3125,-65.1875,32.21
215.125,-13.3125,-65.1875,32.25
215.125,-13.3125,-65.1875,32.25
215.125,-13.3125,-65.1875,32.28
215.125,-13.3125,-65.1875,32.31
215.125,-13.3125,-65.1875,32.31
215.125,-13.3125,-65.1875,32.35
215.125,-13.3125,-65.1875,32.35
215.125,-13.3125,-65.1875,32.38
215.125,-13.3125,-65.1875,32.41
215.125,-13.3125,-65.1875,32.41
215.125,-13.3125,-65.1875,32.45
215.125,-13.3125,-65.1875,32.45
215.125,-13.3125,-65.1875,32.48
215.125,-13.3125,-65.1875,32.51
215.125,-13.3125,-65.1875,32.51
215.125,-13.3125,-65.1875,32.55
215.125,-13.3125,-65.1875,32.55
215.125,-13.3125,-65.1875,32.58
215.125,-13.3125,-65.1875,32.61
215.125,-13.3125,-65.1875,32.61
215.125,-13.3125,-65.1875,32.65
215.125,-13.3125,-65.1875,32.65
215.125,-13.3125,-65.1875,32.68
215.125,-13.3125,-65.1875,32.71
215.125,-13.3125,-65.1875,32.71
215.125,-13.3125,-65.1875,32.75
215.125,-13.3125,-65.1875,32.75
215.125,-13.3125,-65.1875,32.78
215.125,-13.3125,-65.1875,32.81
215.125,-13.3125,-65.1875,32.81
215.125,-13.3125,-65.1875,32.85
215.125,-13.3125,-65.1875,32.85
215.125,-13.3125,-65.1875,32.88
215.125,-13.3125,-65.25,32.91
215.125,-13.3125,-65.25,32.91
215.125,-13.3125,-65.25,32.95
215.125,-13.3125,-65.25,32.95
215.125,-13.3125,-65.25,32.98
215.125,-13.3125,-65.25,33.01
215.125,-13.3125,-65.25,33.01
215.125,-13.3125,-65.25,33.05
215.125,-13.3125,-65.25,33.05
215.0625,-13.3125,-65.25,33.08
215.0625,-13.3125,-65.25,33.11
215.0625,-13.3125,-65.25,33.11
215.0625,-13.3125,-65.25,33.15
215.0625,-13.3125,-65.25,33.15
215.0625,-13.3125,-65.25,33.18
215.0625,-13.3125,-65.25,33.21
215.0625,-13.3125,-65.25,33.21
215.0625,-13.3125,-65.25,33.25
215.0625,-13.3125,-65.25,33.25
215.0625,-13.3125,-65.25,33.28
215.0625,-13.3125,-65.25,33.31
215.0625,-13.3125,-65.25,33.31
215.0625,-13.3125,-65.25,33.35
215.0625,-13.3125,-65.25,33.35
215.0625,-13.3125,-65.25,33.38
215.0625,-13.3125,-65.25,33.41
215.0625,-13.3125,-65.25,33.41
215.0625,-13.3125,-65.25,33.45
215.0625,-13.3125,-65.25,33.45
215.0625,-13.3125,-65.25,33.48
215.0625,-13.3125,-65.25,33.51
215.0625,-13.3125,-65.25,33.51
215.0625,-13.3125,-65.25,33.55
215.0625,-13.3125,-65.25,33.55
215.0625,-13.3125,-65.1875,33.58
215.0625,-13.3125,-65.1875,33.61
215.0625,-13.3125,-65.1875,33.61
215.0625,-13.3125,-65.1875,33.65
215.0625,-13.3125,-65.1875,33.65
215.0625,-13.3125,-65.1875,33.68
215.0625,-13.3125,-65.1875,33.71
215.0625,-13.3125,-65.1875,33.71
215.0625,-13.3125,-65.1875,33.75
215.0625,-13.3125,-65.1875,33.75
215.0625,-13.3125,-65.1875,33.78
215.125,-13.3125,-65.1875,33.81
215.125,-13.3125,-65.1875,33.81
215.125,-13.3125,-65.1875,33.85
215.125,-13.3125,-65.1875,33.85
215.125,-13.3125,-65.1875,33.88
215.125,-13.3125,-65.1875,33.91
215.125,-13.3125,-65.1875,33.91
215.125,-13.3125,-65.1875,33.95
215.125,-13.3125,-65.1875,33.95
215.125,-13.3125,-65.1875,33.98
215.125,-13.3125,-65.1875,34.01
215.125,-13.3125,-65.1875,34.01
215.125,-13.3125,-65.1875,34.05
215.125,-13.3125,-65.1875,34.05
215.125,-13.3125,-65.1875,34.08
215.125,-13.3125,-65.1875,34.11
215.125,-13.3125,-65.1875,34.11
215.125,-13.3125,-65.125,34.14
215.125,-13.3125,-65.125,34.14
215.1875,-13.3125,-65.125,34.18
215.1875,-13.3125,-65.125,34.21
215.1875,-13.3125,-65.125,34.21
215.1875,-13.3125,-65.125,34.25
215.1875,-13.3125,-65.125,34.25
215.1875,-13.3125,-65.125,34.28
215.1875,-13.3125,-65.125,34.31
215.1875,-13.3125,-65.125,34.31
215.125,-13.3125,-65.125,34.35
215.125,-13.3125,-65.125,34.35
215.125,-13.3125,-65.125,34.38
215.125,-13.3125,-65.125,34.41
215.125,-13.3125,-65.125,34.41
215.125,-13.25,-65.125,34.45
215.125,-13.25,-65.125,34.45
215.125,-13.25,-65.125,34.48
215.125,-13.25,-65.125,34.51
215.125,-13.25,-65.125,34.51
215.125,-13.25,-65.125,34.55
215.125,-13.25,-65.125,34.55
215.125,-13.25,-65.125,34.58
215.125,-13.25,-65.125,34.61
215.125,-13.25,-65.125,34.61
215.125,-13.25,-65.125,34.65
215.125,-13.25,-65.125,34.65
215.125,-13.25,-65.125,34.68
215.0625,-13.25,-65.125,34.71
215.0625,-13.25,-65.125,34.71
Current Task:,NVR Task 1
Task Start:,02:44:04 PM
Heading, Roll, Pitch, Task Time
220.375,-20.6875,-61.8125,0.07
220.375,-20.6875,-61.8125,0.09
220.375,-20.6875,-61.8125,0.12
220.375,-20.6875,-61.8125,0.12
220.375,-20.6875,-61.875,0.15
220.375,-20.6875,-61.875,0.15
220.375,-20.6875,-61.875,0.18
220.375,-20.6875,-61.875,0.22
220.375,-20.6875,-61.875,0.22
220.375,-20.6875,-61.875,0.25
220.375,-20.6875,-61.875,0.25
220.375,-20.6875,-61.875,0.28
220.375,-20.6875,-61.875,0.32
220.375,-20.6875,-61.875,0.32
220.375,-20.6875,-61.875,0.35
220.375,-20.6875,-61.875,0.35
220.375,-20.625,-61.875,0.38
220.375,-20.625,-61.875,0.42
220.375,-20.625,-61.875,0.42
220.375,-20.625,-61.875,0.45
220.375,-20.625,-61.875,0.45
220.375,-20.625,-61.875,0.48
220.375,-20.625,-61.875,0.52
220.375,-20.625,-61.875,0.52
220.375,-20.625,-61.875,0.55
220.375,-20.625,-61.875,0.55
220.375,-20.625,-61.875,0.58
220.375,-20.5625,-61.8125,0.62
220.375,-20.5625,-61.8125,0.62
220.375,-20.5625,-61.8125,0.65
220.375,-20.5625,-61.8125,0.65
220.4375,-20.5625,-61.8125,0.68
220.4375,-20.5625,-61.8125,0.72
220.4375,-20.5625,-61.8125,0.72
220.4375,-20.5625,-61.8125,0.75
220.4375,-20.5625,-61.8125,0.75
220.4375,-20.5625,-61.8125,0.78
220.4375,-20.5625,-61.8125,0.82
220.4375,-20.5625,-61.8125,0.82
220.4375,-20.5625,-61.8125,0.85
220.4375,-20.5625,-61.8125,0.85
220.4375,-20.5625,-61.8125,0.88
220.4375,-20.5,-61.8125,0.92
220.4375,-20.5,-61.8125,0.92
220.4375,-20.5,-61.8125,0.95
220.4375,-20.5,-61.8125,0.95
220.5,-20.5,-61.8125,0.98
220.5,-20.5,-61.8125,1.02
220.5,-20.5,-61.8125,1.02
220.5,-20.5,-61.8125,1.05
220.5,-20.5,-61.8125,1.05
220.5,-20.5,-61.75,1.08
220.5,-20.5,-61.75,1.12
220.5,-20.5,-61.75,1.12
220.5,-20.5,-61.75,1.15
220.5,-20.5,-61.75,1.15
220.5,-20.5,-61.75,1.18
220.5625,-20.4375,-61.75,1.22
220.5625,-20.4375,-61.75,1.22
220.5625,-20.4375,-61.75,1.25
220.5625,-20.4375,-61.75,1.25
220.5625,-20.4375,-61.75,1.28
220.5625,-20.4375,-61.75,1.32
220.5625,-20.4375,-61.75,1.32
220.5625,-20.4375,-61.75,1.35
220.5625,-20.4375,-61.75,1.35
220.5625,-20.4375,-61.75,1.38
220.5625,-20.4375,-61.75,1.42
220.5625,-20.4375,-61.75,1.42
220.5625,-20.375,-61.75,1.45
220.5625,-20.375,-61.75,1.45
220.5625,-20.375,-61.75,1.48
220.5,-20.375,-61.75,1.52
220.5,-20.375,-61.75,1.52
220.5,-20.375,-61.75,1.55
220.5,-20.375,-61.75,1.55
220.5,-20.375,-61.75,1.58
220.5,-20.375,-61.75,1.62
220.5,-20.375,-61.75,1.62
220.5,-20.3125,-61.8125,1.65
220.5,-20.3125,-61.8125,1.65
220.5,-20.3125,-61.8125,1.68
220.5,-20.3125,-61.8125,1.72
220.5,-20.3125,-61.8125,1.72
220.4375,-20.3125,-61.8125,1.75
220.4375,-20.3125,-61.8125,1.75
220.4375,-20.3125,-61.8125,1.78
220.4375,-20.3125,-61.8125,1.82
220.4375,-20.3125,-61.8125,1.82
220.4375,-20.3125,-61.8125,1.85
220.4375,-20.3125,-61.8125,1.85
220.4375,-20.3125,-61.8125,1.88
220.4375,-20.25,-61.8125,1.92
220.4375,-20.25,-61.8125,1.92
220.4375,-20.25,-61.8125,1.95
220.4375,-20.25,-61.8125,1.95
220.4375,-20.25,-61.8125,1.98
220.4375,-20.25,-61.8125,2.02
220.4375,-20.25,-61.8125,2.02
220.375,-20.25,-61.8125,2.05
220.375,-20.25,-61.8125,2.05
220.375,-20.25,-61.8125,2.08
220.375,-20.25,-61.8125,2.12
220.375,-20.25,-61.8125,2.12
220.375,-20.25,-61.8125,2.15
220.375,-20.25,-61.8125,2.15
220.375,-20.25,-61.8125,2.18
220.375,-20.25,-61.8125,2.22
220.375,-20.25,-61.8125,2.22
220.375,-20.1875,-61.8125,2.25
220.375,-20.1875,-61.8125,2.25
220.375,-20.1875,-61.8125,2.28
220.375,-20.1875,-61.8125,2.32
220.375,-20.1875,-61.8125,2.32
220.375,-20.1875,-61.8125,2.35
220.375,-20.1875,-61.8125,2.35
220.375,-20.1875,-61.8125,2.38
220.375,-20.1875,-61.8125,2.42
220.375,-20.1875,-61.8125,2.42
220.375,-20.1875,-61.8125,2.45
220.375,-20.1875,-61.8125,2.45
220.375,-20.1875,-61.8125,2.48
220.375,-20.1875,-61.8125,2.52
220.375,-20.1875,-61.8125,2.52
220.375,-20.1875,-61.8125,2.55
220.375,-20.1875,-61.8125,2.55
220.375,-20.1875,-61.875,2.58
220.375,-20.1875,-61.875,2.62
220.375,-20.1875,-61.875,2.62
220.375,-20.1875,-61.875,2.65
220.375,-20.1875,-61.875,2.65
220.375,-20.1875,-61.875,2.68
220.375,-20.1875,-61.875,2.72
220.375,-20.1875,-61.875,2.72
220.375,-20.1875,-61.875,2.75
220.375,-20.1875,-61.875,2.75
220.3125,-20.1875,-61.875,2.78
220.3125,-20.1875,-61.875,2.82
220.3125,-20.1875,-61.875,2.82
220.3125,-20.1875,-61.875,2.85
220.3125,-20.1875,-61.875,2.85
220.3125,-20.1875,-61.875,2.88
220.3125,-20.1875,-61.875,2.92
220.3125,-20.1875,-61.875,2.92
220.3125,-20.1875,-61.875,2.95
220.3125,-20.1875,-61.875,2.95
220.3125,-20.125,-61.875,2.98
220.3125,-20.125,-61.875,3.02
220.3125,-20.125,-61.875,3.02
220.3125,-20.125,-61.875,3.05
220.3125,-20.125,-61.875,3.05
220.25,-20.125,-61.875,3.08
220.25,-20.125,-61.875,3.12
220.25,-20.125,-61.875,3.12
220.25,-20.125,-61.875,3.15
220.25,-20.125,-61.875,3.15
220.25,-20.125,-61.875,3.18
220.25,-20.0625,-61.875,3.22
220.25,-20.0625,-61.875,3.22
220.25,-20.0625,-61.875,3.25
220.25,-20.0625,-61.875,3.25
220.25,-20.0625,-61.875,3.28
220.25,-20.0625,-61.875,3.32
220.25,-20.0625,-61.875,3.32
220.25,-20.0625,-61.875,3.35
220.25,-20.0625,-61.875,3.35
220.1875,-20.0625,-61.875,3.38
220.1875,-20.0625,-61.875,3.42
220.1875,-20.0625,-61.875,3.42
220.1875,-20.0,-61.9375,3.45
220.1875,-20.0,-61.9375,3.45
220.1875,-20.0,-61.9375,3.48
220.1875,-20.0,-61.9375,3.52
220.1875,-20.0,-61.9375,3.52
220.1875,-20.0,-61.9375,3.55
220.1875,-20.0,-61.9375,3.55
220.1875,-20.0,-61.9375,3.58
220.1875,-20.0,-61.9375,3.62
220.1875,-20.0,-61.9375,3.62
220.1875,-20.0,-61.9375,3.65
220.1875,-20.0,-61.9375,3.65
220.125,-20.0,-61.9375,3.68
220.125,-20.0,-61.9375,3.72
220.125,-20.0,-61.9375,3.72
220.125,-20.0,-62.0,3.75
220.125,-20.0,-62.0,3.75
220.125,-20.0,-62.0,3.78
220.125,-19.9375,-62.0,3.82
220.125,-19.9375,-62.0,3.82
220.125,-19.9375,-62.0,3.85
220.125,-19.9375,-62.0,3.85
220.125,-19.9375,-62.0,3.88
220.125,-19.9375,-62.0,3.92
220.125,-19.9375,-62.0,3.92
220.125,-19.9375,-62.0,3.95
220.125,-19.9375,-62.0,3.95
220.125,-19.9375,-62.0,3.98
220.125,-19.9375,-62.0,4.02
220.125,-19.9375,-62.0,4.02
220.125,-19.9375,-62.0,4.05
220.125,-19.9375,-62.0,4.05
220.125,-19.9375,-62.0,4.08
220.125,-19.9375,-62.0,4.12
220.125,-19.9375,-62.0,4.12
220.125,-19.9375,-62.0,4.15
220.125,-19.9375,-62.0,4.15
220.125,-19.875,-62.0,4.18
220.125,-19.875,-62.0,4.22
220.125,-19.875,-62.0,4.22
220.125,-19.875,-62.0625,4.25
220.125,-19.875,-62.0625,4.25
220.125,-19.875,-62.0625,4.28
220.125,-19.875,-62.0625,4.32
220.125,-19.875,-62.0625,4.32
220.125,-19.875,-62.0625,4.35
220.125,-19.875,-62.0625,4.35
220.125,-19.875,-62.0625,4.38
220.125,-19.875,-62.0625,4.42
220.125,-19.875,-62.0625,4.42
220.125,-19.875,-62.0625,4.45
220.125,-19.875,-62.0625,4.45
220.125,-19.875,-62.0625,4.48
220.125,-19.8125,-62.0625,4.52
220.125,-19.8125,-62.0625,4.52
220.125,-19.8125,-62.0625,4.55
220.125,-19.8125,-62.0625,4.55
220.125,-19.8125,-62.0625,4.58
220.125,-19.8125,-62.0625,4.62
220.125,-19.8125,-62.0625,4.62
220.125,-19.8125,-62.0625,4.65
220.125,-19.8125,-62.0625,4.65
220.125,-19.8125,-62.0625,4.68
220.125,-19.8125,-62.0625,4.72
220.125,-19.8125,-62.0625,4.72
220.125,-19.75,-62.0625,4.75
220.125,-19.75,-62.0625,4.75
220.125,-19.75,-62.0625,4.78
220.125,-19.75,-62.0625,4.82
220.125,-19.75,-62.0625,4.82
220.125,-19.75,-62.0625,4.85
220.125,-19.75,-62.0625,4.85
220.125,-19.75,-62.125,4.88
220.125,-19.75,-62.125,4.92
220.125,-19.75,-62.125,4.92
220.0625,-19.75,-62.125,4.95
220.0625,-19.75,-62.125,4.95
220.0625,-19.75,-62.125,4.98
220.0625,-19.6875,-62.125,5.02
220.0625,-19.6875,-62.125,5.02
220.0625,-19.6875,-62.125,5.05
220.0625,-19.6875,-62.125,5.05
220.0625,-19.6875,-62.125,5.08
220.0625,-19.6875,-62.125,5.12
220.0625,-19.6875,-62.125,5.12
220.0625,-19.6875,-62.1875,5.15
220.0625,-19.6875,-62.1875,5.15
220.0625,-19.6875,-62.1875,5.18
220.0625,-19.6875,-62.1875,5.22
220.0625,-19.6875,-62.1875,5.22
220.0625,-19.6875,-62.1875,5.25
220.0625,-19.6875,-62.1875,5.25
220.0625,-19.6875,-62.1875,5.28
220.0625,-19.6875,-62.1875,5.32
220.0625,-19.6875,-62.1875,5.32
220.0625,-19.6875,-62.1875,5.35
220.0625,-19.6875,-62.1875,5.35
220.0,-19.625,-62.1875,5.38
220.0,-19.625,-62.1875,5.42
220.0,-19.625,-62.1875,5.42
220.0,-19.625,-62.1875,5.45
220.0,-19.625,-62.1875,5.45
220.0,-19.625,-62.1875,5.48
220.0,-19.625,-62.1875,5.52
220.0,-19.625,-62.1875,5.52
220.0,-19.625,-62.1875,5.55
220.0,-19.625,-62.1875,5.55
220.0,-19.625,-62.1875,5.58
220.0,-19.625,-62.1875,5.62
220.0,-19.625,-62.1875,5.62
220.0,-19.625,-62.1875,5.65
220.0,-19.625,-62.1875,5.65
220.0,-19.625,-62.1875,5.68
220.0,-19.625,-62.1875,5.72
220.0,-19.625,-62.1875,5.72
220.0,-19.625,-62.1875,5.75
220.0,-19.625,-62.1875,5.75
220.0,-19.625,-62.1875,5.78
220.0,-19.625,-62.1875,5.82
220.0,-19.625,-62.1875,5.82
220.0,-19.625,-62.1875,5.85
220.0,-19.625,-62.1875,5.85
220.0,-19.5625,-62.1875,5.88
220.0,-19.5625,-62.1875,5.92
220.0,-19.5625,-62.1875,5.92
220.0,-19.5625,-62.1875,5.95
220.0,-19.5625,-62.1875,5.95
220.0,-19.5625,-62.1875,5.98
220.0,-19.5625,-62.25,6.02
220.0,-19.5625,-62.25,6.02
220.0,-19.5625,-62.25,6.05
220.0,-19.5625,-62.25,6.05
220.0,-19.5625,-62.25,6.08
220.0,-19.5625,-62.25,6.12
220.0,-19.5625,-62.25,6.12
220.0,-19.5625,-62.25,6.15
220.0,-19.5625,-62.25,6.15
220.0,-19.5,-62.25,6.18
220.0,-19.5,-62.25,6.22
220.0,-19.5,-62.25,6.22
220.0,-19.5,-62.25,6.25
220.0,-19.5,-62.25,6.25
220.0,-19.5,-62.25,6.28
220.0,-19.5,-62.25,6.32
220.0,-19.5,-62.25,6.32
220.0,-19.5,-62.25,6.35
220.0,-19.5,-62.25,6.35
220.0,-19.5,-62.25,6.38
220.0,-19.5,-62.25,6.42
220.0,-19.5,-62.25,6.42
220.0,-19.5,-62.25,6.45
220.0,-19.5,-62.25,6.45
220.0,-19.4375,-62.25,6.48
220.0,-19.4375,-62.25,6.52
220.0,-19.4375,-62.25,6.52
220.0,-19.4375,-62.25,6.55
220.0,-19.4375,-62.25,6.55
220.0,-19.4375,-62.25,6.58
220.0,-19.4375,-62.25,6.62
220.0,-19.4375,-62.25,6.62
220.0,-19.4375,-62.25,6.65
220.0,-19.4375,-62.25,6.65
220.0,-19.4375,-62.25,6.68
220.0,-19.4375,-62.25,6.72
220.0,-19.4375,-62.25,6.72
220.0,-19.4375,-62.25,6.75
220.0,-19.4375,-62.25,6.75
220.0,-19.4375,-62.25,6.78
220.0,-19.4375,-62.25,6.82
220.0,-19.4375,-62.25,6.82
220.0,-19.4375,-62.25,6.85
220.0,-19.4375,-62.25,6.85
220.0,-19.4375,-62.25,6.88
220.0,-19.4375,-62.25,6.92
220.0,-19.4375,-62.25,6.92
220.0,-19.4375,-62.25,6.95
220.0,-19.4375,-62.25,6.95
220.0,-19.4375,-62.25,6.98
220.0,-19.4375,-62.25,7.02
220.0,-19.4375,-62.25,7.02
220.0,-19.4375,-62.25,7.05
220.0,-19.4375,-62.25,7.05
220.0,-19.4375,-62.25,7.08
220.0,-19.4375,-62.25,7.12
220.0,-19.4375,-62.25,7.12
220.0,-19.4375,-62.25,7.15
220.0,-19.4375,-62.25,7.15
220.0,-19.4375,-62.25,7.18
220.0625,-19.4375,-62.25,7.22
220.0625,-19.4375,-62.25,7.22
220.0625,-19.4375,-62.25,7.25
220.0625,-19.4375,-62.25,7.25
220.0625,-19.5,-62.25,7.28
220.0625,-19.5,-62.25,7.32
220.0625,-19.5,-62.25,7.32
220.0625,-19.5,-62.25,7.35
220.0625,-19.5,-62.25,7.35
220.0625,-19.5,-62.25,7.38
220.0625,-19.5,-62.25,7.42
220.0625,-19.5,-62.25,7.42
220.0625,-19.5,-62.25,7.45
220.0625,-19.5,-62.25,7.45
220.125,-19.5,-62.25,7.48
220.125,-19.5,-62.25,7.52
220.125,-19.5,-62.25,7.52
220.125,-19.5,-62.25,7.55
220.125,-19.5,-62.25,7.55
220.125,-19.5,-62.25,7.58
220.125,-19.5,-62.25,7.62
220.125,-19.5,-62.25,7.62
220.125,-19.5,-62.25,7.65
220.125,-19.5,-62.25,7.65
220.125,-19.4375,-62.25,7.68
220.125,-19.4375,-62.25,7.72
220.125,-19.4375,-62.25,7.72
220.125,-19.5,-62.25,7.75
220.125,-19.5,-62.25,7.75
220.125,-19.5,-62.25,7.78
220.125,-19.5,-62.25,7.82
220.125,-19.5,-62.25,7.82
211.0625,-15.1875,-65.9375,7.85
211.0625,-15.1875,-65.9375,7.85
211.0625,-15.1875,-65.9375,7.88
211.0625,-15.25,-65.9375,7.92
211.0625,-15.25,-65.9375,7.92
211.0625,-15.25,-65.9375,7.95
211.0625,-15.25,-65.9375,7.95
211.125,-15.25,-65.9375,7.98
211.125,-15.25,-65.9375,8.02
211.125,-15.25,-65.9375,8.02
211.125,-15.25,-65.9375,8.05
211.125,-15.25,-65.9375,8.05
211.125,-15.25,-65.9375,8.08
211.125,-15.25,-65.9375,8.12
211.125,-15.25,-65.9375,8.12
211.125,-15.25,-65.9375,8.15
211.125,-15.25,-65.9375,8.15
211.125,-15.25,-65.9375,8.18
211.125,-15.25,-65.9375,8.22
211.125,-15.25,-65.9375,8.22
211.125,-15.25,-65.9375,8.25
211.125,-15.25,-65.9375,8.25
211.125,-15.25,-65.9375,8.28
211.125,-15.25,-66.0,8.32
211.125,-15.25,-66.0,8.32
211.125,-15.25,-66.0,8.35
211.125,-15.25,-66.0,8.35
211.125,-15.25,-66.0,8.38
211.125,-15.25,-66.0,8.42
211.125,-15.25,-66.0,8.42
211.125,-15.25,-66.0,8.45
211.125,-15.25,-66.0,8.45
211.125,-15.25,-66.0,8.48
211.125,-15.25,-66.0,8.52
211.125,-15.25,-66.0,8.52
211.125,-15.25,-66.0,8.55
211.125,-15.25,-66.0,8.55
211.125,-15.25,-66.0,8.58
211.125,-15.25,-66.0,8.62
211.125,-15.25,-66.0,8.62
211.125,-15.25,-66.0,8.65
211.125,-15.25,-66.0,8.65
211.125,-15.25,-66.0,8.68
211.125,-15.25,-66.0,8.72
211.125,-15.25,-66.0,8.72
211.125,-15.25,-66.0,8.75
211.125,-15.25,-66.0,8.75
211.125,-15.25,-66.0,8.78
211.1875,-15.25,-66.0,8.82
211.1875,-15.25,-66.0,8.82
211.1875,-15.25,-66.0,8.85
211.1875,-15.25,-66.0,8.85
211.1875,-15.25,-66.0625,8.88
211.1875,-15.25,-66.0625,8.92
211.1875,-15.25,-66.0625,8.92
211.1875,-15.25,-66.0625,8.95
211.1875,-15.25,-66.0625,8.95
211.1875,-15.25,-66.0625,8.98
211.1875,-15.25,-66.0625,9.02
211.1875,-15.25,-66.0625,9.02
211.1875,-15.25,-66.0625,9.05
211.1875,-15.25,-66.0625,9.05
211.1875,-15.25,-66.0625,9.08
211.1875,-15.25,-66.0625,9.12
211.1875,-15.25,-66.0625,9.12
211.1875,-15.25,-66.0625,9.15
211.1875,-15.25,-66.0625,9.15
211.25,-15.3125,-66.125,9.18
211.25,-15.3125,-66.125,9.22
211.25,-15.3125,-66.125,9.22
211.25,-15.3125,-66.125,9.25
211.25,-15.3125,-66.125,9.25
211.25,-15.3125,-66.125,9.28
211.25,-15.3125,-66.125,9.32
211.25,-15.3125,-66.125,9.32
211.25,-15.3125,-66.125,9.35
211.25,-15.3125,-66.125,9.35
211.3125,-15.3125,-66.1875,9.38
211.3125,-15.3125,-66.1875,9.42
211.3125,-15.3125,-66.1875,9.42
211.3125,-15.3125,-66.1875,9.45
211.3125,-15.3125,-66.1875,9.45
211.3125,-15.3125,-66.1875,9.48
211.3125,-15.3125,-66.1875,9.52
211.3125,-15.3125,-66.1875,9.52
211.3125,-15.3125,-66.1875,9.55
211.3125,-15.3125,-66.1875,9.55
211.375,-15.3125,-66.1875,9.58
211.375,-15.3125,-66.1875,9.62
211.375,-15.3125,-66.1875,9.62
211.375,-15.3125,-66.1875,9.65
211.375,-15.3125,-66.1875,9.65
211.375,-15.3125,-66.1875,9.68
211.375,-15.3125,-66.1875,9.72
211.375,-15.3125,-66.1875,9.72
211.4375,-15.3125,-66.1875,9.75
211.4375,-15.3125,-66.1875,9.75
211.4375,-15.3125,-66.1875,9.78
211.4375,-15.3125,-66.25,9.82
211.4375,-15.3125,-66.25,9.82
211.4375,-15.3125,-66.25,9.85
211.4375,-15.3125,-66.25,9.85
211.4375,-15.3125,-66.25,9.88
211.4375,-15.3125,-66.25,9.92
211.4375,-15.3125,-66.25,9.92
211.4375,-15.3125,-66.25,9.95
211.4375,-15.3125,-66.25,9.95
211.4375,-15.3125,-66.25,9.98
211.4375,-15.3125,-66.25,10.02
211.4375,-15.3125,-66.25,10.02
211.4375,-15.3125,-66.25,10.05
211.4375,-15.3125,-66.25,10.05
211.4375,-15.3125,-66.25,10.08
211.4375,-15.3125,-66.25,10.12
211.4375,-15.3125,-66.25,10.12
211.4375,-15.3125,-66.25,10.15
211.4375,-15.3125,-66.25,10.15
211.5,-15.3125,-66.1875,10.18
211.5,-15.3125,-66.1875,10.22
211.5,-15.3125,-66.1875,10.22
211.5,-15.3125,-66.1875,10.25
211.5,-15.3125,-66.1875,10.25
211.5,-15.3125,-66.1875,10.28
211.5,-15.3125,-66.1875,10.32
211.5,-15.3125,-66.1875,10.32
211.5,-15.3125,-66.1875,10.35
211.5,-15.3125,-66.1875,10.35
211.5,-15.3125,-66.1875,10.38
211.5,-15.3125,-66.1875,10.42
211.5,-15.3125,-66.1875,10.42
211.5,-15.3125,-66.25,10.45
211.5,-15.3125,-66.25,10.45
211.5,-15.3125,-66.25,10.48
211.5,-15.3125,-66.25,10.52
211.5,-15.3125,-66.25,10.52
211.5,-15.3125,-66.25,10.55
211.5,-15.3125,-66.25,10.55
211.5,-15.3125,-66.25,10.58
211.5,-15.3125,-66.25,10.62
211.5,-15.3125,-66.25,10.62
211.5,-15.3125,-66.25,10.65
211.5,-15.3125,-66.25,10.65
211.5,-15.3125,-66.25,10.68
211.5,-15.3125,-66.25,10.72
211.5,-15.3125,-66.25,10.72
211.5,-15.3125,-66.25,10.75
211.5,-15.3125,-66.25,10.75
211.5,-15.3125,-66.25,10.78
211.5,-15.3125,-66.25,10.82
211.5,-15.3125,-66.25,10.82
211.5625,-15.3125,-66.3125,10.85
211.5625,-15.3125,-66.3125,10.85
211.5625,-15.3125,-66.3125,10.88
211.5625,-15.3125,-66.3125,10.92
211.5625,-15.3125,-66.3125,10.92
211.5625,-15.3125,-66.3125,10.95
211.5625,-15.3125,-66.3125,10.95
211.5625,-15.3125,-66.3125,10.98
211.5625,-15.3125,-66.3125,11.02
211.5625,-15.3125,-66.3125,11.02
211.5625,-15.3125,-66.3125,11.05
211.5625,-15.3125,-66.3125,11.05
211.5625,-15.3125,-66.375,11.08
211.5625,-15.3125,-66.375,11.12
211.5625,-15.3125,-66.375,11.12
211.625,-15.375,-66.375,11.15
211.625,-15.375,-66.375,11.15
211.625,-15.375,-66.375,11.18
211.625,-15.375,-66.4375,11.22
211.625,-15.375,-66.4375,11.22
211.6875,-15.375,-66.5,11.25
211.6875,-15.375,-66.5,11.25
211.6875,-15.375,-66.5,11.28
211.6875,-15.375,-66.5625,11.32
211.6875,-15.375,-66.5625,11.32
211.6875,-15.375,-66.5625,11.35
211.6875,-15.375,-66.5625,11.35
211.75,-15.4375,-66.6875,11.38
211.75,-15.4375,-66.6875,11.42
211.75,-15.4375,-66.6875,11.42
211.75,-15.4375,-66.75,11.45
211.75,-15.4375,-66.75,11.45
211.75,-15.4375,-66.75,11.48
211.8125,-15.4375,-66.8125,11.52
211.8125,-15.4375,-66.8125,11.52
211.8125,-15.4375,-66.8125,11.55
211.8125,-15.4375,-66.8125,11.55
211.8125,-15.5,-66.875,11.58
211.8125,-15.5,-66.875,11.62
211.8125,-15.5,-66.875,11.62
211.875,-15.5,-66.9375,11.65
211.875,-15.5,-66.9375,11.65
211.875,-15.5,-66.9375,11.68
211.875,-15.5,-67.0,11.72
211.875,-15.5,-67.0,11.72
211.875,-15.5,-67.0,11.75
211.875,-15.5,-67.0,11.75
211.875,-15.5,-67.0,11.78
211.9375,-15.5,-67.0625,11.82
211.9375,-15.5,-67.0625,11.82
211.9375,-15.5,-67.0625,11.85
211.9375,-15.5,-67.0625,11.85
211.9375,-15.5625,-67.125,11.88
212.0,-15.5625,-67.125,11.92
212.0,-15.5625,-67.125,11.92
212.0,-15.5625,-67.125,11.95
212.0,-15.5625,-67.125,11.95
212.0,-15.5625,-67.1875,11.98
212.0,-15.5625,-67.1875,12.02
212.0,-15.5625,-67.1875,12.02
212.0,-15.5625,-67.1875,12.05
212.0,-15.5625,-67.1875,12.05
212.0,-15.5625,-67.1875,12.08
212.0625,-15.625,-67.25,12.12
212.0625,-15.625,-67.25,12.12
212.0625,-15.625,-67.25,12.15
212.0625,-15.625,-67.25,12.15
212.0625,-15.625,-67.25,12.18
212.0625,-15.625,-67.3125,12.22
212.0625,-15.625,-67.3125,12.22
212.0625,-15.625,-67.3125,12.25
212.0625,-15.625,-67.3125,12.25
212.0625,-15.6875,-67.3125,12.28
212.0625,-15.6875,-67.3125,12.32
212.0625,-15.6875,-67.3125,12.32
212.0625,-15.6875,-67.3125,12.35
212.0625,-15.6875,-67.3125,12.35
212.0625,-15.6875,-67.3125,12.38
212.0625,-15.6875,-67.3125,12.42
212.0625,-15.6875,-67.3125,12.42
212.0625,-15.6875,-67.3125,12.45
212.0625,-15.6875,-67.3125,12.45
212.0625,-15.6875,-67.3125,12.48
212.0625,-15.6875,-67.3125,12.52
212.0625,-15.6875,-67.3125,12.52
212.0625,-15.6875,-67.3125,12.55
212.0625,-15.6875,-67.3125,12.55
212.0625,-15.6875,-67.375,12.58
212.0625,-15.6875,-67.375,12.62
212.0625,-15.6875,-67.375,12.62
212.0625,-15.6875,-67.375,12.65
212.0625,-15.6875,-67.375,12.65
212.0625,-15.6875,-67.375,12.68
212.0,-15.6875,-67.375,12.72
212.0,-15.6875,-67.375,12.72
212.0,-15.6875,-67.375,12.75
212.0,-15.6875,-67.375,12.75
212.0,-15.6875,-67.375,12.78
212.0,-15.6875,-67.375,12.82
212.0,-15.6875,-67.375,12.82
212.0,-15.6875,-67.375,12.85
212.0,-15.6875,-67.375,12.85
212.0,-15.6875,-67.375,12.88
212.0,-15.6875,-67.375,12.92
212.0,-15.6875,-67.375,12.92
211.9375,-15.6875,-67.375,12.95
211.9375,-15.6875,-67.375,12.95
211.9375,-15.6875,-67.375,12.98
211.9375,-15.6875,-67.375,13.02
211.9375,-15.6875,-67.375,13.02
211.9375,-15.6875,-67.375,13.05
211.9375,-15.6875,-67.375,13.05
211.9375,-15.625,-67.375,13.08
211.9375,-15.625,-67.375,13.12
211.9375,-15.625,-67.375,13.12
211.875,-15.625,-67.375,13.15
211.875,-15.625,-67.375,13.15
211.875,-15.625,-67.375,13.18
211.8125,-15.625,-67.4375,13.22
211.8125,-15.625,-67.4375,13.22
211.75,-15.625,-67.4375,13.25
211.75,-15.625,-67.4375,13.25
211.75,-15.625,-67.4375,13.28
211.6875,-15.625,-67.4375,13.32
211.6875,-15.625,-67.4375,13.32
211.6875,-15.625,-67.4375,13.35
211.6875,-15.625,-67.4375,13.35
211.625,-15.625,-67.5,13.38
211.625,-15.625,-67.5,13.42
211.625,-15.625,-67.5,13.42
211.5,-15.625,-67.5,13.45
211.5,-15.625,-67.5,13.45
211.5,-15.625,-67.5,13.48
211.375,-15.625,-67.5625,13.52
211.375,-15.625,-67.5625,13.52
211.1875,-15.5625,-67.625,13.55
211.1875,-15.5625,-67.625,13.55
211.1875,-15.5625,-67.625,13.58
211.0625,-15.5625,-67.625,13.62
211.0625,-15.5625,-67.625,13.62
210.875,-15.5625,-67.6875,13.65
210.875,-15.5625,-67.6875,13.65
210.875,-15.5625,-67.6875,13.68
210.6875,-15.5625,-67.75,13.72
210.6875,-15.5625,-67.75,13.72
210.6875,-15.5625,-67.75,13.75
210.6875,-15.5625,-67.75,13.75
210.5,-15.5625,-67.8125,13.78
210.3125,-15.625,-67.875,13.82
210.3125,-15.625,-67.875,13.82
210.3125,-15.625,-67.875,13.85
210.3125,-15.625,-67.875,13.85
210.0625,-15.625,-67.9375,13.88
210.0625,-15.625,-67.9375,13.92
210.0625,-15.625,-67.9375,13.92
210.0625,-15.625,-67.9375,13.95
210.0625,-15.625,-67.9375,13.95
209.875,-15.625,-68.0,13.98
209.875,-15.625,-68.0,14.02
209.875,-15.625,-68.0,14.02
209.6875,-15.625,-68.0625,14.05
209.6875,-15.625,-68.0625,14.05
209.6875,-15.625,-68.0625,14.08
209.6875,-15.625,-68.0625,14.12
209.6875,-15.625,-68.0625,14.12
209.5,-15.625,-68.125,14.15
209.5,-15.625,-68.125,14.15
209.375,-15.625,-68.125,14.18
209.375,-15.625,-68.125,14.21
209.375,-15.625,-68.125,14.21
209.1875,-15.625,-68.1875,14.25
209.1875,-15.625,-68.1875,14.25
209.1875,-15.625,-68.1875,14.28
209.1875,-15.625,-68.1875,14.32
209.1875,-15.625,-68.1875,14.32
209.0625,-15.625,-68.25,14.35
209.0625,-15.625,-68.25,14.35
209.0625,-15.625,-68.25,14.38
209.0,-15.625,-68.25,14.42
209.0,-15.625,-68.25,14.42
209.0,-15.625,-68.25,14.45
209.0,-15.625,-68.25,14.45
208.9375,-15.6875,-68.25,14.48
208.875,-15.6875,-68.25,14.52
208.875,-15.6875,-68.25,14.52
208.875,-15.6875,-68.25,14.55
208.875,-15.6875,-68.25,14.55
208.875,-15.6875,-68.3125,14.58
208.875,-15.6875,-68.3125,14.62
208.875,-15.6875,-68.3125,14.62
208.875,-15.75,-68.3125,14.65
208.875,-15.75,-68.3125,14.65
208.875,-15.75,-68.3125,14.68
208.875,-15.75,-68.3125,14.72
208.875,-15.75,-68.3125,14.72
208.875,-15.75,-68.3125,14.75
208.875,-15.75,-68.3125,14.75
208.9375,-15.75,-68.3125,14.78
209.0,-15.75,-68.3125,14.82
209.0,-15.75,-68.3125,14.82
209.0,-15.75,-68.3125,14.85
209.0,-15.75,-68.3125,14.85
209.0,-15.75,-68.375,14.88
209.0,-15.75,-68.375,14.92
209.0,-15.75,-68.375,14.92
209.0625,-15.75,-68.375,14.95
209.0625,-15.75,-68.375,14.95
209.0625,-15.75,-68.375,14.98
209.125,-15.8125,-68.375,15.02
209.125,-15.8125,-68.375,15.02
209.125,-15.8125,-68.375,15.05
209.125,-15.8125,-68.375,15.05
209.1875,-15.8125,-68.375,15.08
209.375,-15.8125,-68.4375,15.12
209.375,-15.8125,-68.4375,15.12
209.375,-15.8125,-68.4375,15.15
209.375,-15.8125,-68.4375,15.15
209.4375,-15.8125,-68.4375,15.18
209.4375,-15.8125,-68.4375,15.22
209.4375,-15.8125,-68.4375,15.22
209.5,-15.875,-68.4375,15.25
209.5,-15.875,-68.4375,15.25
209.5,-15.875,-68.4375,15.28
209.5625,-15.875,-68.5,15.31
209.5625,-15.875,-68.5,15.31
209.5625,-15.875,-68.5,15.35
209.5625,-15.875,-68.5,15.35
209.625,-15.875,-68.5,15.38
209.625,-15.875,-68.5625,15.42
209.625,-15.875,-68.5625,15.42
209.625,-15.875,-68.5625,15.45
209.625,-15.875,-68.5625,15.45
209.6875,-15.875,-68.5625,15.48
209.6875,-15.875,-68.5625,15.52
209.6875,-15.875,-68.5625,15.52
209.6875,-15.9375,-68.5625,15.55
209.6875,-15.9375,-68.5625,15.55
209.6875,-15.9375,-68.5625,15.58
209.75,-15.9375,-68.625,15.61
209.75,-15.9375,-68.625,15.61
209.75,-15.9375,-68.625,15.65
209.75,-15.9375,-68.625,15.65
209.75,-15.9375,-68.625,15.68
209.8125,-15.9375,-68.625,15.72
209.8125,-15.9375,-68.625,15.72
209.8125,-15.9375,-68.625,15.75
209.8125,-15.9375,-68.625,15.75
209.875,-15.9375,-68.625,15.78
209.875,-15.9375,-68.625,15.82
209.875,-15.9375,-68.625,15.82
209.875,-15.9375,-68.625,15.85
209.875,-15.9375,-68.625,15.85
209.875,-15.9375,-68.625,15.88
209.9375,-15.9375,-68.6875,15.92
209.9375,-15.9375,-68.6875,15.92
209.9375,-15.9375,-68.6875,15.95
209.9375,-15.9375,-68.6875,15.95
210.0,-15.9375,-68.6875,15.98
210.0625,-15.9375,-68.6875,16.02
210.0625,-15.9375,-68.6875,16.02
210.0625,-15.9375,-68.6875,16.05
210.0625,-15.9375,-68.6875,16.05
210.0625,-15.9375,-68.6875,16.08
210.0625,-15.9375,-68.6875,16.11
210.0625,-15.9375,-68.6875,16.11
210.125,-15.9375,-68.6875,16.15
210.125,-15.9375,-68.6875,16.15
210.125,-15.9375,-68.6875,16.18
210.1875,-15.9375,-68.625,16.22
210.1875,-15.9375,-68.625,16.22
210.1875,-15.9375,-68.625,16.25
210.1875,-15.9375,-68.625,16.25
210.25,-15.9375,-68.625,16.28
210.25,-15.9375,-68.625,16.32
210.25,-15.9375,-68.625,16.32
210.25,-15.9375,-68.625,16.35
210.25,-15.9375,-68.625,16.35
210.3125,-16.0,-68.625,16.38
210.3125,-16.0,-68.625,16.42
210.3125,-16.0,-68.625,16.42
210.375,-16.0,-68.5625,16.45
210.375,-16.0,-68.5625,16.45
210.375,-16.0,-68.5625,16.48
210.4375,-16.0,-68.5625,16.52
210.4375,-16.0,-68.5625,16.52
210.4375,-16.0,-68.5625,16.55
210.4375,-16.0,-68.5625,16.55
210.5,-16.0,-68.5,16.58
210.5,-16.0,-68.4375,16.62
210.5,-16.0,-68.4375,16.62
210.5,-16.0,-68.4375,16.65
210.5,-16.0,-68.4375,16.65
210.5625,-16.0,-68.4375,16.68
210.5625,-16.0,-68.4375,16.72
210.5625,-16.0,-68.4375,16.72
210.625,-16.0,-68.375,16.75
210.625,-16.0,-68.375,16.75
210.625,-16.0,-68.375,16.78
210.6875,-16.0,-68.3125,16.82
210.6875,-16.0,-68.3125,16.82
210.6875,-16.0,-68.3125,16.85
210.6875,-16.0,-68.3125,16.85
210.75,-16.0,-68.3125,16.88
210.75,-16.0,-68.25,16.92
210.75,-16.0,-68.25,16.92
210.75,-16.0,-68.25,16.95
210.75,-16.0,-68.25,16.95
210.8125,-16.0,-68.25,16.98
210.8125,-16.0,-68.25,17.02
210.8125,-16.0,-68.25,17.02
210.875,-16.0,-68.1875,17.05
210.875,-16.0,-68.1875,17.05
210.875,-16.0,-68.1875,17.08
210.9375,-16.0,-68.1875,17.11
210.9375,-16.0,-68.1875,17.11
210.9375,-16.0,-68.1875,17.15
210.9375,-16.0,-68.1875,17.15
211.0,-16.0,-68.125,17.18
211.0625,-15.9375,-68.125,17.22
211.0625,-15.9375,-68.125,17.22
211.0625,-15.9375,-68.125,17.25
211.0625,-15.9375,-68.125,17.25
211.0625,-15.9375,-68.0625,17.28
211.0625,-15.9375,-68.0625,17.31
211.0625,-15.9375,-68.0625,17.31
211.125,-15.9375,-68.0625,17.35
211.125,-15.9375,-68.0625,17.35
211.125,-15.9375,-68.0625,17.38
211.1875,-15.9375,-68.0625,17.42
211.1875,-15.9375,-68.0625,17.42
211.1875,-15.9375,-68.0625,17.45
211.1875,-15.9375,-68.0625,17.45
211.25,-15.9375,-68.0,17.48
211.3125,-15.9375,-68.0,17.52
211.3125,-15.9375,-68.0,17.52
211.3125,-15.9375,-68.0,17.55
211.3125,-15.9375,-68.0,17.55
211.3125,-15.9375,-67.9375,17.58
211.3125,-15.9375,-67.9375,17.61
211.3125,-15.9375,-67.9375,17.61
211.375,-15.9375,-67.9375,17.65
211.375,-15.9375,-67.9375,17.65
211.375,-15.9375,-67.9375,17.68
211.4375,-15.9375,-67.9375,17.72
211.4375,-15.9375,-67.9375,17.72
211.4375,-15.9375,-67.9375,17.75
211.4375,-15.9375,-67.9375,17.75
211.4375,-15.9375,-67.875,17.78
211.5,-15.9375,-67.875,17.82
211.5,-15.9375,-67.875,17.82
211.5,-15.9375,-67.875,17.85
211.5,-15.9375,-67.875,17.85
211.5,-15.9375,-67.875,17.88
211.5,-15.9375,-67.875,17.91
211.5,-15.9375,-67.875,17.91
211.5625,-15.9375,-67.8125,17.95
211.5625,-15.9375,-67.8125,17.95
211.5625,-15.9375,-67.8125,17.98
211.5625,-15.9375,-67.8125,18.01
211.5625,-15.9375,-67.8125,18.01
211.5625,-15.9375,-67.8125,18.05
211.5625,-15.9375,-67.8125,18.05
211.625,-16.0,-67.8125,18.08
211.625,-16.0,-67.8125,18.12
211.625,-16.0,-67.8125,18.12
211.625,-16.0,-67.8125,18.15
211.625,-16.0,-67.8125,18.15
211.6875,-16.0,-67.8125,18.18
222.125,-16.5625,-64.5625,18.22
222.125,-16.5625,-64.5625,18.22
222.125,-16.5625,-64.5625,18.25
222.125,-16.5625,-64.5625,18.25
222.0625,-16.5625,-64.5625,18.28
222.0625,-16.5625,-64.5625,18.32
222.0625,-16.5625,-64.5625,18.32
222.0,-16.5,-64.5625,18.35
222.0,-16.5,-64.5625,18.35
221.875,-16.5,-64.5,18.38
221.875,-16.5,-64.5,18.41
221.875,-16.5,-64.5,18.41
221.8125,-16.5,-64.5,18.45
221.8125,-16.5,-64.5,18.45
221.8125,-16.5,-64.5,18.48
221.6875,-16.4375,-64.5,18.52
221.6875,-16.4375,-64.5,18.52
221.6875,-16.4375,-64.5,18.55
221.6875,-16.4375,-64.5,18.55
221.625,-16.4375,-64.4375,18.58
221.625,-16.4375,-64.4375,18.61
221.625,-16.4375,-64.4375,18.61
221.5625,-16.4375,-64.4375,18.65
221.5625,-16.4375,-64.4375,18.65
221.4375,-16.375,-64.375,18.68
221.4375,-16.375,-64.375,18.72
221.4375,-16.375,-64.375,18.72
221.3125,-16.375,-64.375,18.75
221.3125,-16.375,-64.375,18.75
221.3125,-16.375,-64.375,18.78
221.25,-16.375,-64.375,18.82
221.25,-16.375,-64.375,18.82
221.25,-16.375,-64.375,18.85
221.25,-16.375,-64.375,18.85
221.125,-16.3125,-64.375,18.88
221.125,-16.3125,-64.375,18.92
221.125,-16.3125,-64.375,18.92
221.0625,-16.3125,-64.3125,18.95
221.0625,-16.3125,-64.3125,18.95
220.5625,-16.25,-64.3125,18.98
220.5625,-16.25,-64.3125,19.02
220.5625,-16.25,-64.3125,19.02
220.5,-16.25,-64.3125,19.05
220.5,-16.25,-64.3125,19.05
Current Task:,NVR Task 2
Task Start:,02:44:37 PM
Heading, Roll, Pitch, Task Time
229.0625,-19.8125,-60.4375,0.07
229.0625,-19.75,-60.4375,0.09
229.0625,-19.75,-60.4375,0.09
229.0,-19.6875,-60.4375,0.12
229.0,-19.6875,-60.4375,0.12
229.0,-19.6875,-60.4375,0.15
229.0,-19.6875,-60.5,0.18
229.0,-19.6875,-60.5,0.18
229.0,-19.6875,-60.5,0.22
229.0,-19.6875,-60.5,0.22
229.0,-19.625,-60.5,0.25
229.0,-19.625,-60.5,0.28
229.0,-19.625,-60.5,0.28
229.0,-19.5625,-60.5625,0.32
229.0,-19.5625,-60.5625,0.32
229.0,-19.5625,-60.5625,0.35
228.9375,-19.5625,-60.625,0.38
228.9375,-19.5625,-60.625,0.38
228.9375,-19.5625,-60.625,0.42
228.9375,-19.5625,-60.625,0.42
228.9375,-19.5625,-60.625,0.45
228.9375,-19.5,-60.6875,0.48
228.9375,-19.5,-60.6875,0.48
228.9375,-19.5,-60.6875,0.52
228.9375,-19.5,-60.6875,0.52
228.9375,-19.4375,-60.6875,0.55
228.9375,-19.4375,-60.6875,0.58
228.9375,-19.4375,-60.6875,0.58
228.9375,-19.4375,-60.6875,0.62
228.9375,-19.4375,-60.6875,0.62
228.9375,-19.4375,-60.6875,0.65
228.9375,-19.375,-60.75,0.68
228.9375,-19.375,-60.75,0.68
228.9375,-19.3125,-60.75,0.72
228.9375,-19.3125,-60.75,0.72
228.9375,-19.3125,-60.75,0.75
228.9375,-19.3125,-60.75,0.78
228.9375,-19.3125,-60.75,0.78
228.9375,-19.3125,-60.75,0.82
228.9375,-19.3125,-60.75,0.82
228.875,-19.25,-60.8125,0.85
228.875,-19.25,-60.8125,0.88
228.875,-19.25,-60.8125,0.88
228.875,-19.1875,-60.8125,0.92
228.875,-19.1875,-60.8125,0.92
228.875,-19.1875,-60.8125,0.95
228.875,-19.125,-60.8125,0.98
228.875,-19.125,-60.8125,0.98
228.875,-19.0625,-60.8125,1.02
228.875,-19.0625,-60.8125,1.02
228.875,-19.0625,-60.8125,1.05
228.875,-19.0625,-60.8125,1.08
228.875,-19.0625,-60.8125,1.08
228.875,-19.0625,-60.8125,1.12
228.875,-19.0625,-60.8125,1.12
228.8125,-19.0,-60.8125,1.15
228.8125,-19.0,-60.8125,1.18
228.8125,-19.0,-60.8125,1.18
228.8125,-18.9375,-60.8125,1.22
228.8125,-18.9375,-60.8125,1.22
228.8125,-18.9375,-60.8125,1.25
228.8125,-18.875,-60.8125,1.28
228.8125,-18.875,-60.8125,1.28
228.8125,-18.8125,-60.75,1.32
228.8125,-18.8125,-60.75,1.32
228.8125,-18.8125,-60.75,1.35
228.8125,-18.8125,-60.75,1.38
228.8125,-18.8125,-60.75,1.38
228.8125,-18.8125,-60.75,1.42
228.8125,-18.8125,-60.75,1.42
228.8125,-18.75,-60.75,1.45
228.8125,-18.75,-60.75,1.48
228.8125,-18.75,-60.75,1.48
228.8125,-18.6875,-60.75,1.52
228.8125,-18.6875,-60.75,1.52
228.8125,-18.6875,-60.75,1.55
228.8125,-18.6875,-60.75,1.58
228.8125,-18.6875,-60.75,1.58
228.8125,-18.625,-60.75,1.62
228.8125,-18.625,-60.75,1.62
228.8125,-18.625,-60.75,1.65
228.8125,-18.5625,-60.75,1.68
228.8125,-18.5625,-60.75,1.68
228.8125,-18.5625,-60.75,1.72
228.8125,-18.5625,-60.75,1.72
228.8125,-18.5625,-60.75,1.75
228.8125,-18.5625,-60.75,1.78
228.8125,-18.5625,-60.75,1.78
228.875,-18.5,-60.8125,1.82
228.875,-18.5,-60.8125,1.82
228.875,-18.5,-60.8125,1.85
228.875,-18.5,-60.8125,1.88
228.875,-18.5,-60.8125,1.88
228.875,-18.4375,-60.8125,1.92
228.875,-18.4375,-60.8125,1.92
228.875,-18.4375,-60.8125,1.95
228.875,-18.4375,-60.8125,1.98
228.875,-18.4375,-60.8125,1.98
228.9375,-18.4375,-60.8125,2.02
228.9375,-18.4375,-60.8125,2.02
228.9375,-18.4375,-60.8125,2.05
228.9375,-18.375,-60.8125,2.08
228.9375,-18.375,-60.8125,2.08
228.9375,-18.375,-60.8125,2.12
228.9375,-18.375,-60.8125,2.12
228.9375,-18.375,-60.8125,2.15
228.9375,-18.3125,-60.8125,2.18
228.9375,-18.3125,-60.8125,2.18
228.9375,-18.3125,-60.8125,2.22
228.9375,-18.3125,-60.8125,2.22
228.9375,-18.3125,-60.8125,2.25
228.9375,-18.3125,-60.8125,2.28
228.9375,-18.3125,-60.8125,2.28
228.9375,-18.25,-60.8125,2.32
228.9375,-18.25,-60.8125,2.32
228.9375,-18.25,-60.8125,2.35
228.9375,-18.25,-60.75,2.38
228.9375,-18.25,-60.75,2.38
228.9375,-18.25,-60.75,2.42
228.9375,-18.25,-60.75,2.42
228.9375,-18.25,-60.75,2.45
228.875,-18.25,-60.75,2.48
228.875,-18.25,-60.75,2.48
228.875,-18.25,-60.75,2.52
228.875,-18.25,-60.75,2.52
228.875,-18.1875,-60.75,2.55
228.875,-18.1875,-60.75,2.58
228.875,-18.1875,-60.75,2.58
228.875,-18.1875,-60.75,2.62
228.875,-18.1875,-60.75,2.62
228.875,-18.1875,-60.75,2.65
228.875,-18.1875,-60.75,2.68
228.875,-18.1875,-60.75,2.68
228.8125,-18.1875,-60.6875,2.72
228.8125,-18.1875,-60.6875,2.72
228.8125,-18.1875,-60.6875,2.75
228.8125,-18.125,-60.6875,2.78
228.8125,-18.125,-60.6875,2.78
228.75,-18.125,-60.6875,2.82
228.75,-18.125,-60.6875,2.82
228.75,-18.125,-60.6875,2.85
228.75,-18.125,-60.6875,2.88
228.75,-18.125,-60.6875,2.88
228.75,-18.125,-60.6875,2.92
228.75,-18.125,-60.6875,2.92
228.75,-18.0625,-60.625,2.95
228.75,-18.0625,-60.625,2.98
228.75,-18.0625,-60.625,2.98
228.6875,-18.0625,-60.625,3.02
228.6875,-18.0625,-60.625,3.02
228.6875,-18.0625,-60.625,3.05
228.6875,-18.0,-60.625,3.08
228.6875,-18.0,-60.625,3.08
228.6875,-18.0,-60.625,3.12
228.6875,-18.0,-60.625,3.12
228.6875,-18.0,-60.625,3.15
228.6875,-18.0,-60.5625,3.18
228.6875,-18.0,-60.5625,3.18
228.6875,-18.0,-60.5625,3.22
228.6875,-18.0,-60.5625,3.22
228.625,-17.9375,-60.5625,3.25
228.625,-17.9375,-60.5625,3.28
228.625,-17.9375,-60.5625,3.28
228.625,-17.9375,-60.5625,3.32
228.625,-17.9375,-60.5625,3.32
228.625,-17.9375,-60.5625,3.35
228.625,-17.9375,-60.5625,3.38
228.625,-17.9375,-60.5625,3.38
228.4375,-17.875,-60.5625,3.42
228.4375,-17.875,-60.5625,3.42
228.4375,-17.875,-60.5625,3.45
228.4375,-17.875,-60.5,3.48
228.4375,-17.875,-60.5,3.48
228.4375,-17.875,-60.5,3.52
228.4375,-17.875,-60.5,3.52
228.4375,-17.875,-60.5,3.55
228.4375,-17.875,-60.5,3.58
228.4375,-17.875,-60.5,3.58
228.4375,-17.8125,-60.5,3.62
228.4375,-17.8125,-60.5,3.62
228.4375,-17.8125,-60.5,3.65
228.375,-17.8125,-60.5,3.68
228.375,-17.8125,-60.5,3.68
228.375,-17.8125,-60.5,3.72
228.375,-17.8125,-60.5,3.72
228.375,-17.8125,-60.5,3.75
228.375,-17.8125,-60.4375,3.78
228.375,-17.8125,-60.4375,3.78
228.375,-17.8125,-60.4375,3.82
228.375,-17.8125,-60.4375,3.82
228.375,-17.75,-60.4375,3.85
228.375,-17.75,-60.4375,3.88
228.375,-17.75,-60.4375,3.88
228.375,-17.75,-60.4375,3.92
228.375,-17.75,-60.4375,3.92
228.375,-17.75,-60.4375,3.95
228.375,-17.75,-60.375,3.98
228.375,-17.75,-60.375,3.98
228.375,-17.75,-60.375,4.02
228.375,-17.75,-60.375,4.02
228.375,-17.75,-60.375,4.05
228.375,-17.6875,-60.375,4.08
228.375,-17.6875,-60.375,4.08
228.375,-17.6875,-60.375,4.12
228.375,-17.6875,-60.375,4.12
228.375,-17.6875,-60.375,4.15
228.375,-17.6875,-60.375,4.18
228.375,-17.6875,-60.375,4.18
228.375,-17.6875,-60.3125,4.22
228.375,-17.6875,-60.3125,4.22
228.375,-17.6875,-60.3125,4.25
228.375,-17.6875,-60.3125,4.28
228.375,-17.6875,-60.3125,4.28
228.375,-17.6875,-60.3125,4.32
228.375,-17.6875,-60.3125,4.32
228.375,-17.6875,-60.3125,4.35
228.375,-17.6875,-60.3125,4.38
228.375,-17.6875,-60.3125,4.38
228.375,-17.6875,-60.3125,4.42
228.375,-17.6875,-60.3125,4.42
228.375,-17.6875,-60.3125,4.45
228.375,-17.6875,-60.3125,4.48
228.375,-17.6875,-60.3125,4.48
228.375,-17.6875,-60.25,4.52
228.375,-17.6875,-60.25,4.52
228.375,-17.6875,-60.25,4.55
228.375,-17.6875,-60.25,4.58
228.375,-17.6875,-60.25,4.58
228.375,-17.6875,-60.25,4.62
228.375,-17.6875,-60.25,4.62
228.375,-17.6875,-60.25,4.65
228.375,-17.6875,-60.1875,4.68
228.375,-17.6875,-60.1875,4.68
228.375,-17.6875,-60.1875,4.72
228.375,-17.6875,-60.1875,4.72
228.375,-17.6875,-60.1875,4.75
228.375,-17.6875,-60.1875,4.78
228.375,-17.6875,-60.1875,4.78
228.375,-17.6875,-60.1875,4.82
228.375,-17.6875,-60.1875,4.82
228.375,-17.6875,-60.1875,4.85
228.375,-17.6875,-60.125,4.88
228.375,-17.6875,-60.125,4.88
228.375,-17.6875,-60.125,4.92
228.375,-17.6875,-60.125,4.92
228.375,-17.6875,-60.125,4.95
228.375,-17.6875,-60.125,4.98
228.375,-17.6875,-60.125,4.98
228.375,-17.6875,-60.125,5.02
228.375,-17.6875,-60.125,5.02
228.375,-17.6875,-60.0625,5.05
228.375,-17.6875,-60.0625,5.08
228.375,-17.6875,-60.0625,5.08
228.375,-17.6875,-60.0625,5.12
228.375,-17.6875,-60.0625,5.12
228.375,-17.6875,-60.0625,5.15
228.375,-17.6875,-60.0625,5.18
228.375,-17.6875,-60.0625,5.18
228.375,-17.625,-60.0625,5.22
228.375,-17.625,-60.0625,5.22
228.375,-17.625,-60.0625,5.25
228.375,-17.625,-60.0625,5.28
228.375,-17.625,-60.0625,5.28
228.375,-17.625,-60.0625,5.32
228.375,-17.625,-60.0625,5.32
228.375,-17.625,-60.0,5.35
228.375,-17.625,-60.0,5.38
228.375,-17.625,-60.0,5.38
228.375,-17.625,-60.0,5.42
228.375,-17.625,-60.0,5.42
228.375,-17.625,-60.0,5.45
228.3125,-17.625,-60.0,5.48
228.3125,-17.625,-60.0,5.48
228.125,-17.625,-60.0,5.52
228.125,-17.625,-60.0,5.52
228.125,-17.625,-60.0,5.55
228.125,-17.625,-60.0,5.58
228.125,-17.625,-60.0,5.58
228.125,-17.625,-60.0,5.62
228.125,-17.625,-60.0,5.62
228.0625,-17.625,-60.0,5.65
228.0625,-17.625,-60.0,5.68
228.0625,-17.625,-60.0,5.68
228.0625,-17.5625,-60.0,5.72
228.0625,-17.5625,-60.0,5.72
228.0625,-17.5625,-60.0,5.75
228.0625,-17.5625,-60.0,5.78
228.0625,-17.5625,-60.0,5.78
228.0625,-17.625,-60.0,5.82
228.0625,-17.625,-60.0,5.82
228.0625,-17.625,-60.0,5.85
228.0625,-17.625,-60.0,5.88
228.0625,-17.625,-60.0,5.88
228.0625,-17.625,-60.0,5.92
228.0625,-17.625,-60.0,5.92
217.1875,-21.1875,-63.625,5.95
217.1875,-21.1875,-63.625,5.98
217.1875,-21.1875,-63.625,5.98
217.125,-21.125,-63.5625,6.02
217.125,-21.125,-63.5625,6.02
217.125,-21.125,-63.5625,6.05
217.125,-21.0625,-63.5625,6.08
217.125,-21.0625,-63.5625,6.08
217.125,-21.0625,-63.5625,6.12
217.125,-21.0625,-63.5625,6.12
217.0625,-21.0,-63.5,6.15
217.0,-20.9375,-63.5,6.18
217.0,-20.9375,-63.5,6.18
217.0,-20.9375,-63.5,6.22
217.0,-20.9375,-63.5,6.22
216.9375,-20.875,-63.5,6.25
216.9375,-20.875,-63.5,6.28
216.9375,-20.875,-63.5,6.28
216.875,-20.8125,-63.5,6.32
216.875,-20.8125,-63.5,6.32
216.875,-20.8125,-63.5,6.35
216.8125,-20.8125,-63.5,6.38
216.8125,-20.8125,-63.5,6.38
216.8125,-20.8125,-63.5,6.42
216.8125,-20.8125,-63.5,6.42
216.75,-20.75,-63.5,6.45
216.75,-20.75,-63.5,6.48
216.75,-20.75,-63.5,6.48
216.75,-20.75,-63.5,6.52
216.75,-20.75,-63.5,6.52
216.6875,-20.6875,-63.5,6.55
216.6875,-20.6875,-63.5,6.58
216.6875,-20.6875,-63.5,6.58
216.625,-20.6875,-63.5,6.62
216.625,-20.6875,-63.5,6.62
216.625,-20.6875,-63.5,6.65
216.625,-20.6875,-63.5625,6.68
216.625,-20.6875,-63.5625,6.68
216.625,-20.6875,-63.5625,6.72
216.5625,-20.625,-63.5625,6.75
216.5625,-20.625,-63.5625,6.75
216.5,-20.625,-63.5625,6.78
216.5,-20.625,-63.5625,6.78
216.5,-20.625,-63.5625,6.82
216.5,-20.625,-63.5625,6.82
216.5,-20.625,-63.625,6.85
216.5,-20.625,-63.625,6.88
216.5,-20.625,-63.625,6.88
216.4375,-20.625,-63.625,6.92
216.4375,-20.625,-63.625,6.92
216.4375,-20.625,-63.625,6.95
216.4375,-20.625,-63.625,6.98
216.4375,-20.625,-63.625,6.98
216.4375,-20.625,-63.625,7.02
216.4375,-20.625,-63.625,7.02
216.4375,-20.625,-63.625,7.05
216.375,-20.625,-63.625,7.08
216.375,-20.625,-63.625,7.08
216.375,-20.625,-63.625,7.12
216.375,-20.625,-63.625,7.12
216.375,-20.625,-63.625,7.15
216.375,-20.625,-63.625,7.18
216.375,-20.625,-63.625,7.18
216.375,-20.5625,-63.625,7.22
216.375,-20.5625,-63.625,7.22
216.375,-20.5625,-63.625,7.25
216.375,-20.5625,-63.625,7.28
216.375,-20.5625,-63.625,7.28
216.375,-20.5625,-63.625,7.32
216.375,-20.5625,-63.625,7.32
216.375,-20.5,-63.625,7.35
216.3125,-20.5,-63.625,7.38
216.3125,-20.5,-63.625,7.38
216.3125,-20.5,-63.625,7.42
216.3125,-20.5,-63.625,7.42
216.3125,-20.4375,-63.625,7.45
216.3125,-20.4375,-63.625,7.48
216.3125,-20.4375,-63.625,7.48
216.25,-20.375,-63.5625,7.52
216.25,-20.375,-63.5625,7.52
216.25,-20.375,-63.5625,7.55
216.25,-20.375,-63.5625,7.58
216.25,-20.375,-63.5625,7.58
216.25,-20.375,-63.5625,7.62
216.25,-20.375,-63.5625,7.62
216.1875,-20.3125,-63.5625,7.65
216.1875,-20.3125,-63.5,7.68
216.1875,-20.3125,-63.5,7.68
216.1875,-20.3125,-63.5,7.72
216.1875,-20.3125,-63.5,7.72
216.125,-20.25,-63.5,7.75
216.125,-20.25,-63.5,7.78
216.125,-20.25,-63.5,7.78
216.125,-20.1875,-63.5,7.82
216.125,-20.1875,-63.5,7.82
216.125,-20.1875,-63.5,7.85
216.125,-20.1875,-63.5,7.88
216.125,-20.1875,-63.5,7.88
216.125,-20.1875,-63.5,7.92
216.125,-20.1875,-63.5,7.92
216.0625,-20.1875,-63.4375,7.95
216.0625,-20.125,-63.4375,7.98
216.0625,-20.125,-63.4375,7.98
216.0,-20.125,-63.4375,8.02
216.0,-20.125,-63.4375,8.02
216.0,-20.125,-63.4375,8.05
216.0,-20.125,-63.4375,8.08
216.0,-20.125,-63.4375,8.08
216.0,-20.125,-63.4375,8.12
216.0,-20.125,-63.4375,8.12
216.0,-20.125,-63.375,8.15
216.0,-20.125,-63.375,8.18
216.0,-20.125,-63.375,8.18
216.0,-20.125,-63.375,8.22
216.0,-20.125,-63.375,8.22
216.0,-20.125,-63.375,8.25
216.0,-20.125,-63.375,8.28
216.0,-20.125,-63.375,8.28
216.0,-20.125,-63.375,8.32
216.0,-20.125,-63.375,8.32
216.0,-20.125,-63.375,8.35
216.0,-20.125,-63.3125,8.38
216.0,-20.125,-63.3125,8.38
216.0,-20.125,-63.3125,8.42
216.0,-20.125,-63.3125,8.42
216.0,-20.1875,-63.3125,8.45
216.0,-20.1875,-63.3125,8.48
216.0,-20.1875,-63.3125,8.48
216.0,-20.1875,-63.3125,8.52
216.0,-20.1875,-63.3125,8.52
216.0,-20.1875,-63.3125,8.55
216.0,-20.1875,-63.3125,8.58
216.0,-20.1875,-63.3125,8.58
216.0,-20.1875,-63.25,8.62
216.0,-20.1875,-63.25,8.62
216.0,-20.1875,-63.25,8.65
216.0,-20.1875,-63.25,8.68
216.0,-20.1875,-63.25,8.68
216.0,-20.1875,-63.25,8.72
216.0,-20.1875,-63.25,8.72
216.0,-20.1875,-63.25,8.75
216.0,-20.1875,-63.25,8.78
216.0,-20.1875,-63.25,8.78
216.0,-20.1875,-63.25,8.82
216.0,-20.1875,-63.25,8.82
216.0,-20.1875,-63.25,8.85
216.0,-20.1875,-63.25,8.88
216.0,-20.1875,-63.25,8.88
216.0,-20.1875,-63.25,8.92
216.0,-20.1875,-63.25,8.92
216.0,-20.1875,-63.25,8.95
216.0,-20.1875,-63.1875,8.98
216.0,-20.1875,-63.1875,8.98
216.0,-20.1875,-63.1875,9.02
216.0,-20.1875,-63.1875,9.02
216.0,-20.1875,-63.1875,9.05
216.0,-20.1875,-63.1875,9.08
216.0,-20.1875,-63.1875,9.08
216.0,-20.1875,-63.1875,9.12
216.0,-20.1875,-63.1875,9.12
215.9375,-20.1875,-63.1875,9.15
215.9375,-20.1875,-63.1875,9.18
215.9375,-20.1875,-63.1875,9.18
215.9375,-20.1875,-63.1875,9.22
215.9375,-20.1875,-63.1875,9.22
215.9375,-20.1875,-63.1875,9.25
215.9375,-20.1875,-63.125,9.28
215.9375,-20.1875,-63.125,9.28
215.9375,-20.1875,-63.125,9.32
215.9375,-20.1875,-63.125,9.32
215.9375,-20.1875,-63.125,9.35
215.9375,-20.1875,-63.125,9.38
215.9375,-20.1875,-63.125,9.38
215.9375,-20.1875,-63.125,9.42
215.9375,-20.1875,-63.125,9.42
215.9375,-20.1875,-63.125,9.45
215.9375,-20.1875,-63.125,9.48
215.9375,-20.1875,-63.125,9.48
215.9375,-20.1875,-63.0625,9.52
215.9375,-20.1875,-63.0625,9.52
215.9375,-20.1875,-63.0625,9.55
216.0,-20.125,-63.0625,9.58
216.0,-20.125,-63.0625,9.58
216.0,-20.125,-63.0625,9.62
216.0,-20.125,-63.0625,9.62
216.0,-20.125,-63.0625,9.65
216.0,-20.125,-63.0625,9.68
216.0,-20.125,-63.0625,9.68
216.0,-20.125,-63.0,9.72
216.0,-20.125,-63.0,9.72
216.0,-20.125,-63.0,9.75
216.0,-20.125,-63.0,9.78
216.0,-20.125,-63.0,9.78
216.0,-20.0625,-63.0,9.82
216.0,-20.0625,-63.0,9.82
216.0,-20.0625,-63.0,9.85
216.0,-20.0625,-63.0,9.88
216.0,-20.0625,-63.0,9.88
216.0,-20.0625,-63.0,9.92
216.0,-20.0625,-63.0,9.92
216.0,-20.0625,-63.0,9.95
216.0,-20.0625,-63.0,9.98
216.0,-20.0625,-63.0,9.98
216.0,-20.0,-62.9375,10.02
216.0,-20.0,-62.9375,10.02
216.0,-20.0,-62.9375,10.05
216.0,-20.0,-62.9375,10.08
216.0,-20.0,-62.9375,10.08
216.0,-20.0,-62.9375,10.12
216.0,-20.0,-62.9375,10.12
216.0,-20.0,-62.9375,10.15
216.0,-19.9375,-62.9375,10.18
216.0,-19.9375,-62.9375,10.18
216.0,-19.9375,-62.9375,10.22
216.0,-19.9375,-62.9375,10.22
216.0,-19.9375,-62.9375,10.25
216.0,-19.9375,-62.9375,10.28
216.0,-19.9375,-62.9375,10.28
215.9375,-19.9375,-62.9375,10.32
215.9375,-19.9375,-62.9375,10.35
215.9375,-19.9375,-62.9375,10.35
215.9375,-19.9375,-62.9375,10.38
215.9375,-19.9375,-62.9375,10.38
215.9375,-19.9375,-62.9375,10.42
215.9375,-19.9375,-62.9375,10.42
215.9375,-19.9375,-62.9375,10.45
215.9375,-19.9375,-62.9375,10.48
215.9375,-19.9375,-62.9375,10.48
215.9375,-19.9375,-62.9375,10.52
215.9375,-19.9375,-62.9375,10.52
215.9375,-19.9375,-62.9375,10.55
215.9375,-19.9375,-62.9375,10.58
215.9375,-19.9375,-62.9375,10.58
215.9375,-19.9375,-62.9375,10.62
215.9375,-19.9375,-62.9375,10.62
215.9375,-19.9375,-62.9375,10.65
215.9375,-19.9375,-62.9375,10.68
215.9375,-19.9375,-62.9375,10.68
215.9375,-19.9375,-62.9375,10.72
215.9375,-19.9375,-62.9375,10.72
215.9375,-19.9375,-62.9375,10.75
216.0,-19.9375,-62.875,10.78
216.0,-19.9375,-62.875,10.78
216.0,-19.9375,-62.875,10.82
216.0,-19.9375,-62.875,10.85
216.0,-19.9375,-62.875,10.85
216.0,-19.9375,-62.875,10.88
216.0,-19.9375,-62.875,10.88
216.0,-20.0,-62.875,10.92
216.0,-20.0,-62.875,10.95
216.0,-20.0,-62.875,10.95
216.0,-20.0,-62.875,10.98
216.0,-20.0,-62.875,10.98
216.0625,-20.0,-62.875,11.02
216.0625,-20.0,-62.875,11.05
216.0625,-20.0,-62.875,11.05
216.0625,-20.0,-62.875,11.08
216.0625,-20.0,-62.875,11.08
216.0625,-20.0,-62.875,11.12
216.0625,-20.0,-62.875,11.15
216.0625,-20.0,-62.875,11.15
216.0625,-20.0625,-62.875,11.18
216.0625,-20.0625,-62.875,11.18
216.0625,-20.0625,-62.875,11.22
216.125,-20.0625,-62.875,11.25
216.125,-20.0625,-62.875,11.25
216.125,-20.0625,-62.875,11.28
216.125,-20.0625,-62.875,11.28
216.125,-20.0625,-62.875,11.32
216.125,-20.0625,-62.875,11.35
216.125,-20.0625,-62.875,11.35
216.125,-20.0625,-62.875,11.38
216.125,-20.0625,-62.875,11.38
216.125,-20.0625,-62.8125,11.42
216.125,-20.0625,-62.8125,11.42
216.125,-20.0625,-62.8125,11.45
216.125,-20.0625,-62.8125,11.48
216.125,-20.0625,-62.8125,11.48
216.125,-20.0625,-62.8125,11.52
216.125,-20.0625,-62.8125,11.52
216.125,-20.0625,-62.8125,11.55
216.125,-20.0,-62.75,11.58
216.125,-20.0,-62.75,11.58
216.125,-20.0,-62.75,11.62
216.125,-20.0,-62.75,11.65
216.125,-20.0,-62.75,11.65
216.125,-20.0,-62.75,11.68
216.125,-20.0,-62.75,11.68
216.125,-20.0,-62.75,11.72
216.125,-20.0,-62.75,11.72
216.125,-20.0,-62.75,11.75
216.125,-20.0,-62.6875,11.78
216.125,-20.0,-62.6875,11.78
216.125,-20.0,-62.6875,11.82
216.125,-20.0,-62.6875,11.85
216.125,-20.0,-62.6875,11.85
216.125,-20.0,-62.6875,11.88
216.125,-20.0,-62.6875,11.88
216.125,-20.0,-62.6875,11.92
216.125,-20.0,-62.6875,11.95
216.125,-20.0,-62.6875,11.95
216.125,-20.0,-62.625,11.98
216.125,-20.0,-62.625,11.98
216.125,-20.0,-62.625,12.02
216.125,-20.0,-62.625,12.05
216.125,-20.0,-62.625,12.05
216.125,-20.0,-62.625,12.08
216.125,-20.0,-62.625,12.08
216.125,-20.0,-62.625,12.12
216.125,-20.0,-62.625,12.12
216.125,-20.0,-62.625,12.15
216.125,-20.0,-62.625,12.18
216.125,-20.0,-62.625,12.18
216.125,-20.0,-62.625,12.22
216.125,-20.0,-62.625,12.25
216.125,-20.0,-62.625,12.25
216.125,-20.0,-62.625,12.28
216.125,-20.0,-62.625,12.28
216.125,-20.0,-62.625,12.32
216.125,-20.0,-62.625,12.35
216.125,-20.0,-62.625,12.35
216.125,-20.0,-62.625,12.38
216.125,-20.0,-62.625,12.38
216.125,-20.0,-62.625,12.42
216.125,-20.0,-62.625,12.45
216.125,-20.0,-62.625,12.45
216.125,-20.0,-62.625,12.48
216.125,-20.0,-62.625,12.48
216.125,-20.0,-62.625,12.52
216.0625,-20.0,-62.625,12.55
216.0625,-20.0,-62.625,12.55
216.0625,-19.9375,-62.625,12.58
216.0625,-19.9375,-62.625,12.58
216.0625,-19.9375,-62.625,12.62
216.0625,-19.9375,-62.625,12.65
216.0625,-19.9375,-62.625,12.65
216.0625,-19.9375,-62.625,12.68
216.0625,-19.9375,-62.625,12.68
216.0625,-19.9375,-62.625,12.72
216.0625,-19.9375,-62.625,12.72
216.0625,-19.9375,-62.625,12.75
216.0625,-19.9375,-62.625,12.78
216.0625,-19.9375,-62.625,12.78
216.0625,-19.9375,-62.625,12.82
216.0625,-19.9375,-62.625,12.82
216.0625,-19.9375,-62.625,12.85
216.0,-19.9375,-62.625,12.88
216.0,-19.9375,-62.625,12.88
216.0,-19.875,-62.625,12.92
216.0,-19.875,-62.625,12.95
216.0,-19.875,-62.625,12.95
216.0,-19.875,-62.5625,12.98
216.0,-19.875,-62.5625,12.98
216.0,-19.875,-62.5625,13.02
216.0,-19.875,-62.5625,13.05
216.0,-19.875,-62.5625,13.05
216.0,-19.875,-62.5625,13.08
216.0,-19.875,-62.5625,13.08
216.0,-19.875,-62.5625,13.12
216.0,-19.875,-62.5625,13.12
216.0,-19.875,-62.5625,13.15
216.0,-19.875,-62.5625,13.18
216.0,-19.875,-62.5625,13.18
216.0,-19.875,-62.5625,13.22
216.0,-19.875,-62.5625,13.22
215.9375,-19.8125,-62.5625,13.25
215.9375,-19.8125,-62.5625,13.28
215.9375,-19.8125,-62.5625,13.28
215.9375,-19.8125,-62.5625,13.32
215.9375,-19.8125,-62.5625,13.35
215.9375,-19.8125,-62.5625,13.35
215.9375,-19.8125,-62.5625,13.38
215.9375,-19.8125,-62.5625,13.38
215.9375,-19.8125,-62.5625,13.42
215.9375,-19.8125,-62.5625,13.45
215.9375,-19.8125,-62.5625,13.45
215.9375,-19.8125,-62.5625,13.48
215.9375,-19.8125,-62.5625,13.48
215.9375,-19.8125,-62.5625,13.52
215.9375,-19.8125,-62.5625,13.52
215.9375,-19.8125,-62.5625,13.55
215.9375,-19.8125,-62.5625,13.59
215.9375,-19.8125,-62.5625,13.59
215.9375,-19.875,-62.5,13.62
215.9375,-19.875,-62.5,13.62
215.9375,-19.875,-62.5,13.65
216.0,-19.875,-62.5,13.69
216.0,-19.875,-62.5,13.69
216.0,-19.875,-62.5,13.72
216.0,-19.875,-62.5,13.72
216.0,-19.875,-62.5,13.75
216.0,-19.875,-62.5,13.79
216.0,-19.875,-62.5,13.79
216.0,-19.875,-62.5,13.82
216.0,-19.875,-62.5,13.82
216.0,-19.875,-62.5,13.85
216.0,-19.875,-62.4375,13.88
216.0,-19.875,-62.4375,13.88
216.0,-19.875,-62.4375,13.92
216.0,-19.875,-62.4375,13.92
216.0,-19.875,-62.4375,13.95
216.0,-19.875,-62.4375,13.98
216.0,-19.875,-62.4375,13.98
216.0625,-19.875,-62.375,14.02
216.0625,-19.875,-62.375,14.02
216.0625,-19.875,-62.375,14.05
216.1875,-19.875,-62.375,14.08
216.1875,-19.875,-62.375,14.08
216.1875,-19.875,-62.375,14.12
216.1875,-19.875,-62.375,14.12
216.1875,-19.875,-62.375,14.15
216.4375,-19.8125,-62.375,14.19
216.4375,-19.8125,-62.375,14.19
216.4375,-19.8125,-62.375,14.22
216.4375,-19.8125,-62.375,14.22
216.6875,-19.75,-62.375,14.25
217.125,-19.6875,-62.3125,14.29
217.125,-19.6875,-62.3125,14.29
217.125,-19.6875,-62.3125,14.32
217.125,-19.6875,-62.3125,14.32
217.6875,-19.625,-62.25,14.35
217.6875,-19.625,-62.25,14.39
217.6875,-19.625,-62.25,14.39
217.6875,-19.625,-62.25,14.42
217.6875,-19.625,-62.25,14.42
218.4375,-19.5,-62.1875,14.45
218.4375,-19.5,-62.1875,14.48
218.4375,-19.5,-62.1875,14.48
219.5,-19.375,-62.0625,14.52
219.5,-19.375,-62.0625,14.52
219.5,-19.375,-62.0625,14.55
219.5,-19.375,-62.0625,14.59
219.5,-19.375,-62.0625,14.59
220.875,-19.25,-61.9375,14.62
220.875,-19.25,-61.9375,14.62
222.625,-19.0625,-61.75,14.65
222.625,-19.0625,-61.75,14.68
222.625,-19.0625,-61.75,14.68
224.6875,-18.9375,-61.5,14.72
224.6875,-18.9375,-61.5,14.72
224.6875,-18.9375,-61.5,14.75
227.0,-18.8125,-61.3125,14.79
227.0,-18.8125,-61.3125,14.79
227.0,-18.8125,-61.3125,14.82
227.0,-18.8125,-61.3125,14.82
227.0,-18.8125,-61.3125,14.85
229.5625,-18.75,-61.0625,14.89
229.5625,-18.75,-61.0625,14.89
229.5625,-18.75,-61.0625,14.92
229.5625,-18.75,-61.0625,14.92
232.25,-18.625,-60.875,14.95
232.25,-18.625,-60.875,14.98
232.25,-18.625,-60.875,14.98
235.125,-18.5625,-60.6875,15.02
235.125,-18.5625,-60.6875,15.02
235.125,-18.5625,-60.6875,15.05
238.0,-18.5,-60.4375,15.09
238.0,-18.5,-60.4375,15.09
238.0,-18.5,-60.4375,15.12
238.0,-18.5,-60.4375,15.12
240.875,-18.4375,-60.25,15.15
240.875,-18.4375,-60.25,15.18
240.875,-18.4375,-60.25,15.18
240.875,-18.4375,-60.25,15.22
240.875,-18.4375,-60.25,15.22
243.75,-18.4375,-60.0625,15.25
243.75,-18.4375,-60.0625,15.29
243.75,-18.4375,-60.0625,15.29
246.5625,-18.375,-59.875,15.32
246.5625,-18.375,-59.875,15.32
246.5625,-18.375,-59.875,15.35
249.4375,-18.375,-59.6875,15.39
249.4375,-18.375,-59.6875,15.39
249.4375,-18.375,-59.6875,15.42
249.4375,-18.375,-59.6875,15.42
252.1875,-18.4375,-59.5,15.45
252.1875,-18.4375,-59.5,15.48
252.1875,-18.4375,-59.5,15.48
254.9375,-18.4375,-59.375,15.52
254.9375,-18.4375,-59.375,15.52
254.9375,-18.4375,-59.375,15.55
254.9375,-18.4375,-59.375,15.58
254.9375,-18.4375,-59.375,15.58
257.5,-18.4375,-59.25,15.62
257.5,-18.4375,-59.25,15.62
257.5,-18.4375,-59.25,15.65
259.9375,-18.4375,-59.125,15.69
259.9375,-18.4375,-59.125,15.69
262.25,-18.375,-59.0,15.72
262.25,-18.375,-59.0,15.72
262.25,-18.375,-59.0,15.75
264.4375,-18.375,-58.875,15.79
264.4375,-18.375,-58.875,15.79
264.4375,-18.375,-58.875,15.82
264.4375,-18.375,-58.875,15.82
264.4375,-18.375,-58.875,15.85
266.5,-18.375,-58.75,15.88
266.5,-18.375,-58.75,15.88
266.5,-18.375,-58.75,15.92
266.5,-18.375,-58.75,15.92
268.4375,-18.4375,-58.625,15.95
268.4375,-18.4375,-58.625,15.98
268.4375,-18.4375,-58.625,15.98
268.4375,-18.4375,-58.625,16.02
268.4375,-18.4375,-58.625,16.02
270.25,-18.5,-58.5,16.05
271.875,-18.5,-58.375,16.08
271.875,-18.5,-58.375,16.08
271.875,-18.5,-58.375,16.12
271.875,-18.5,-58.375,16.12
273.25,-18.5,-58.1875,16.15
273.25,-18.5,-58.1875,16.18
273.25,-18.5,-58.1875,16.18
274.4375,-18.4375,-57.9375,16.22
274.4375,-18.4375,-57.9375,16.22
274.4375,-18.4375,-57.9375,16.25
274.4375,-18.4375,-57.9375,16.28
274.4375,-18.4375,-57.9375,16.28
275.4375,-18.3125,-57.75,16.32
275.4375,-18.3125,-57.75,16.32
275.4375,-18.3125,-57.75,16.35
276.3125,-18.25,-57.5,16.38
276.3125,-18.25,-57.5,16.38
277.0625,-18.1875,-57.25,16.42
277.0625,-18.1875,-57.25,16.42
277.0625,-18.1875,-57.25,16.45
277.625,-18.1875,-57.0,16.48
277.625,-18.1875,-57.0,16.48
277.625,-18.1875,-57.0,16.52
277.625,-18.1875,-57.0,16.52
226.75,-16.0,-61.9375,16.55
226.75,-16.0,-61.9375,16.58
226.75,-16.0,-61.9375,16.58
226.75,-16.125,-62.0,16.62
226.75,-16.125,-62.0,16.62
226.75,-16.125,-62.0,16.65
226.75,-16.125,-62.0,16.68
226.75,-16.125,-62.0,16.68
226.75,-16.3125,-62.0625,16.72
226.75,-16.3125,-62.0625,16.72
226.75,-16.3125,-62.0625,16.75
226.8125,-16.4375,-62.125,16.78
226.8125,-16.4375,-62.125,16.78
226.8125,-16.4375,-62.125,16.82
226.8125,-16.4375,-62.125,16.82
226.8125,-16.5625,-62.125,16.85
226.8125,-16.6875,-62.125,16.88
226.8125,-16.6875,-62.125,16.88
226.8125,-16.6875,-62.125,16.92
226.8125,-16.6875,-62.125,16.92
226.8125,-16.6875,-62.125,16.95
226.8125,-16.75,-62.0625,16.98
226.8125,-16.75,-62.0625,16.98
226.8125,-16.75,-62.0625,17.02
226.8125,-16.75,-62.0625,17.02
226.8125,-16.875,-62.0,17.05
226.8125,-16.875,-62.0,17.08
226.8125,-16.875,-62.0,17.08
226.8125,-16.875,-62.0,17.12
226.8125,-16.875,-62.0,17.12
226.75,-16.875,-61.875,17.15
226.6875,-16.875,-61.75,17.18
226.6875,-16.875,-61.75,17.18
226.6875,-16.875,-61.75,17.22
226.6875,-16.875,-61.75,17.22
226.625,-16.875,-61.5,17.25
226.625,-16.875,-61.5,17.28
226.625,-16.875,-61.5,17.28
226.625,-16.875,-61.5,17.32
226.625,-16.875,-61.5,17.32
226.5,-16.8125,-61.3125,17.35
226.5,-16.8125,-61.3125,17.39
226.5,-16.8125,-61.3125,17.39
226.375,-16.6875,-61.0625,17.42
226.375,-16.6875,-61.0625,17.42
226.375,-16.6875,-61.0625,17.45
226.375,-16.6875,-61.0625,17.48
226.375,-16.6875,-61.0625,17.48
226.25,-16.5625,-60.8125,17.52
226.25,-16.5625,-60.8125,17.52
226.125,-16.4375,-60.625,17.55
226.125,-16.4375,-60.625,17.58
226.125,-16.4375,-60.625,17.58
226.0,-16.3125,-60.4375,17.62
226.0,-16.3125,-60.4375,17.62
226.0,-16.3125,-60.4375,17.65
225.9375,-16.25,-60.3125,17.68
225.9375,-16.25,-60.3125,17.68
225.9375,-16.25,-60.3125,17.72
225.9375,-16.25,-60.3125,17.72
225.9375,-16.25,-60.3125,17.75
225.9375,-16.125,-60.25,17.78
225.9375,-16.125,-60.25,17.78
225.9375,-16.125,-60.25,17.82
225.9375,-16.125,-60.25,17.82
225.9375,-16.0625,-60.25,17.85
225.9375,-16.0625,-60.25,17.88
225.9375,-16.0625,-60.25,17.88
226.0,-16.0,-60.1875,17.92
226.0,-16.0,-60.1875,17.92
226.0,-16.0,-60.1875,17.95
226.0625,-16.0,-60.1875,17.98
226.0625,-16.0,-60.1875,17.98
226.0625,-16.0,-60.1875,18.02
226.0625,-16.0,-60.1875,18.02
226.125,-16.0,-60.25,18.05
226.125,-16.0,-60.25,18.08
226.125,-16.0,-60.25,18.08
226.125,-16.0,-60.25,18.12
226.125,-16.0,-60.25,18.12
226.1875,-16.0625,-60.3125,18.15
226.1875,-16.0625,-60.3125,18.18
226.1875,-16.0625,-60.3125,18.18
226.25,-16.0625,-60.375,18.22
226.25,-16.0625,-60.375,18.22
226.375,-16.125,-60.4375,18.25
226.375,-16.125,-60.4375,18.28
226.375,-16.125,-60.4375,18.28
226.4375,-16.25,-60.5,18.32
226.4375,-16.25,-60.5,18.32
226.4375,-16.25,-60.5,18.35
226.5625,-16.375,-60.5625,18.38
226.5625,-16.375,-60.5625,18.38
226.5625,-16.375,-60.5625,18.42
226.5625,-16.375,-60.5625,18.42
226.6875,-16.5,-60.6875,18.45
226.6875,-16.5,-60.6875,18.48
226.6875,-16.5,-60.6875,18.48
226.8125,-16.6875,-60.75,18.52
226.8125,-16.6875,-60.75,18.52
226.8125,-16.6875,-60.75,18.55
226.9375,-16.8125,-60.8125,18.58
226.9375,-16.8125,-60.8125,18.58
226.9375,-16.8125,-60.8125,18.62
226.9375,-16.8125,-60.8125,18.62
227.0,-17.0,-60.875,18.65
227.0,-17.0,-60.875,18.68
227.0,-17.0,-60.875,18.68
227.125,-17.1875,-60.9375,18.72
227.125,-17.1875,-60.9375,18.72
227.125,-17.1875,-60.9375,18.75
227.125,-17.1875,-60.9375,18.78
227.125,-17.1875,-60.9375,18.78
227.1875,-17.3125,-61.0,18.82
227.1875,-17.3125,-61.0,18.82
227.1875,-17.3125,-61.0,18.85
227.25,-17.4375,-61.125,18.88
227.25,-17.4375,-61.125,18.88
227.375,-17.5625,-61.1875,18.92
227.375,-17.5625,-61.1875,18.92
227.375,-17.5625,-61.1875,18.95
227.4375,-17.625,-61.3125,18.99
227.4375,-17.625,-61.3125,18.99
227.4375,-17.625,-61.3125,19.02
227.4375,-17.625,-61.3125,19.02
227.4375,-17.625,-61.3125,19.05
227.5,-17.6875,-61.375,19.09
227.5,-17.6875,-61.375,19.09
227.5,-17.6875,-61.375,19.12
227.5,-17.6875,-61.375,19.12
227.625,-17.75,-61.4375,19.15
227.625,-17.75,-61.4375,19.18
227.625,-17.75,-61.4375,19.18
227.75,-17.8125,-61.5625,19.22
227.75,-17.8125,-61.5625,19.22
227.875,-17.875,-61.625,19.25
227.875,-17.875,-61.625,19.29
227.875,-17.875,-61.625,19.29
228.0,-17.875,-61.6875,19.32
228.0,-17.875,-61.6875,19.32
228.0,-17.875,-61.6875,19.35
228.0625,-17.9375,-61.75,19.38
228.0625,-17.9375,-61.75,19.38
228.0625,-17.9375,-61.75,19.42
228.0625,-17.9375,-61.75,19.42
228.0625,-17.9375,-61.75,19.45
228.1875,-17.9375,-61.8125,19.49
228.1875,-17.9375,-61.8125,19.49
228.1875,-17.9375,-61.8125,19.52
228.1875,-17.9375,-61.8125,19.52
228.3125,-17.875,-61.875,19.55
228.375,-17.9375,-61.875,19.58
228.375,-17.9375,-61.875,19.58
228.375,-17.9375,-61.875,19.62
228.375,-17.9375,-61.875,19.62
228.4375,-17.9375,-61.875,19.65
228.4375,-17.9375,-61.875,19.68
228.4375,-17.9375,-61.875,19.68
228.4375,-17.9375,-61.875,19.72
228.4375,-17.9375,-61.875,19.72
228.5,-17.9375,-61.9375,19.75
228.5,-17.9375,-61.9375,19.78
228.5,-17.9375,-61.9375,19.78
228.5625,-17.9375,-61.9375,19.82
228.5625,-17.9375,-61.9375,19.82
228.5625,-17.9375,-61.9375,19.85
228.625,-17.9375,-61.9375,19.88
228.625,-17.9375,-61.9375,19.88
228.6875,-18.0,-62.0,19.92
228.6875,-18.0,-62.0,19.92
228.6875,-18.0,-62.0,19.95
228.75,-18.0,-62.0,19.98
228.75,-18.0,-62.0,19.98
228.75,-18.0,-62.0,20.02
228.75,-18.0,-62.0,20.02
228.8125,-18.0625,-62.0625,20.05
228.8125,-18.0625,-62.0625,20.09
228.8125,-18.0625,-62.0625,20.09
228.875,-18.125,-62.0625,20.12
228.875,-18.125,-62.0625,20.12
228.875,-18.125,-62.0625,20.15
228.9375,-18.125,-62.125,20.18
228.9375,-18.125,-62.125,20.18
228.9375,-18.1875,-62.125,20.22
228.9375,-18.1875,-62.125,20.22
228.9375,-18.1875,-62.125,20.25
229.0,-18.25,-62.1875,20.28
229.0,-18.25,-62.1875,20.28
229.0,-18.25,-62.1875,20.32
229.0,-18.25,-62.1875,20.32
229.0,-18.25,-62.1875,20.35
229.0,-18.25,-62.1875,20.39
229.0,-18.25,-62.1875,20.39
229.0625,-18.3125,-62.25,20.42
229.0625,-18.3125,-62.25,20.42
229.0625,-18.3125,-62.25,20.45
229.0625,-18.3125,-62.3125,20.48
229.0625,-18.3125,-62.3125,20.48
229.0625,-18.3125,-62.3125,20.52
229.0625,-18.3125,-62.3125,20.52
229.0625,-18.3125,-62.3125,20.55
229.0625,-18.3125,-62.3125,20.58
229.0625,-18.3125,-62.3125,20.58
229.125,-18.375,-62.375,20.62
229.125,-18.375,-62.375,20.62
229.125,-18.375,-62.375,20.65
229.125,-18.375,-62.375,20.68
229.125,-18.375,-62.375,20.68
229.125,-18.375,-62.375,20.72
229.125,-18.375,-62.375,20.72
229.125,-18.375,-62.375,20.75
229.125,-18.375,-62.4375,20.78
229.125,-18.375,-62.4375,20.78
229.125,-18.375,-62.4375,20.82
229.125,-18.375,-62.4375,20.82
229.125,-18.375,-62.4375,20.85
229.125,-18.375,-62.4375,20.88
229.125,-18.375,-62.4375,20.88
229.0625,-18.375,-62.4375,20.92
229.0625,-18.375,-62.4375,20.92
229.0625,-18.375,-62.4375,20.95
229.0625,-18.375,-62.5,20.98
229.0625,-18.375,-62.5,20.98
229.0625,-18.375,-62.5,21.02
229.0625,-18.375,-62.5,21.02
229.0,-18.375,-62.5,21.05
229.0,-18.375,-62.5,21.08
229.0,-18.375,-62.5,21.08
228.9375,-18.375,-62.5625,21.12
228.9375,-18.375,-62.5625,21.12
228.9375,-18.375,-62.5625,21.15
228.9375,-18.375,-62.5625,21.18
228.9375,-18.375,-62.5625,21.18
228.9375,-18.4375,-62.5625,21.22
228.9375,-18.4375,-62.5625,21.22
228.875,-18.375,-62.5625,21.25
228.875,-18.375,-62.5625,21.28
228.875,-18.375,-62.5625,21.28
228.8125,-18.375,-62.5625,21.32
228.8125,-18.375,-62.5625,21.32
228.8125,-18.375,-62.5625,21.35
228.8125,-18.375,-62.5625,21.39
228.8125,-18.375,-62.5625,21.39
228.8125,-18.375,-62.5625,21.42
228.8125,-18.375,-62.5625,21.42
228.8125,-18.375,-62.5625,21.45
228.75,-18.375,-62.5625,21.48
228.75,-18.375,-62.5625,21.48
228.75,-18.375,-62.5625,21.52
228.75,-18.375,-62.5625,21.52
228.75,-18.375,-62.5625,21.55
228.6875,-18.3125,-62.5625,21.58
228.6875,-18.3125,-62.5625,21.58
228.6875,-18.3125,-62.5625,21.62
228.6875,-18.3125,-62.5625,21.62
228.6875,-18.3125,-62.5625,21.65
228.625,-18.25,-62.625,21.68
228.625,-18.25,-62.625,21.68
228.625,-18.25,-62.625,21.72
228.625,-18.25,-62.625,21.72
228.625,-18.1875,-62.625,21.75
228.625,-18.1875,-62.625,21.78
228.625,-18.1875,-62.625,21.78
228.5625,-18.1875,-62.625,21.82
228.5625,-18.1875,-62.625,21.82
228.5625,-18.1875,-62.625,21.85
228.5625,-18.125,-62.625,21.88
228.5625,-18.125,-62.625,21.88
228.5,-18.0625,-62.6875,21.92
228.5,-18.0625,-62.6875,21.92
228.5,-18.0625,-62.6875,21.95
228.5,-18.0625,-62.6875,21.98
228.5,-18.0625,-62.6875,21.98
228.5,-18.0625,-62.6875,22.02
228.5,-18.0625,-62.6875,22.02
228.5,-18.0,-62.6875,22.05
228.5,-18.0,-62.6875,22.08
228.5,-18.0,-62.6875,22.08
228.5,-18.0,-62.6875,22.12
228.5,-18.0,-62.6875,22.12
228.5,-18.0,-62.75,22.15
228.5,-18.0,-62.75,22.18
228.5,-18.0,-62.75,22.18
228.4375,-18.0,-62.8125,22.22
228.4375,-18.0,-62.8125,22.22
228.4375,-18.0,-62.8125,22.25
228.4375,-18.0,-62.8125,22.28
228.4375,-18.0,-62.8125,22.28
228.4375,-18.0,-62.8125,22.32
228.4375,-18.0,-62.8125,22.32
228.4375,-18.0,-62.875,22.35
228.4375,-18.0,-62.875,22.38
228.4375,-18.0,-62.875,22.38
228.4375,-18.0,-62.9375,22.42
228.4375,-18.0,-62.9375,22.42
228.4375,-18.0,-62.9375,22.45
228.4375,-18.0,-62.9375,22.48
228.4375,-18.0,-62.9375,22.48
228.375,-18.0,-63.0,22.52
228.375,-18.0,-63.0,22.52
228.375,-18.0,-63.0,22.55
228.3125,-18.0625,-63.0,22.58
228.3125,-18.0625,-63.0,22.58
228.25,-18.0625,-63.0,22.62
228.25,-18.0625,-63.0,22.62
228.25,-18.0625,-63.0,22.65
228.125,-18.125,-63.0625,22.68
228.125,-18.125,-63.0625,22.68
228.125,-18.125,-63.0625,22.72
228.125,-18.125,-63.0625,22.72
228.125,-18.125,-63.0625,22.75
227.9375,-18.1875,-63.0625,22.78
227.9375,-18.1875,-63.0625,22.78
227.9375,-18.1875,-63.0625,22.82
227.9375,-18.1875,-63.0625,22.82
227.75,-18.3125,-63.0625,22.85
227.75,-18.3125,-63.0625,22.88
227.75,-18.3125,-63.0625,22.88
227.75,-18.3125,-63.0625,22.92
227.75,-18.3125,-63.0625,22.92
227.5,-18.375,-63.0625,22.95
227.25,-18.5,-63.0625,22.98
227.25,-18.5,-63.0625,22.98
227.25,-18.5,-63.0625,23.02
227.25,-18.5,-63.0625,23.02
227.0,-18.625,-63.0625,23.05
227.0,-18.625,-63.0625,23.08
227.0,-18.625,-63.0625,23.08
226.75,-18.6875,-63.0625,23.12
226.75,-18.6875,-63.0625,23.12
226.75,-18.6875,-63.0625,23.15
226.75,-18.6875,-63.0625,23.18
226.75,-18.6875,-63.0625,23.18
226.5625,-18.75,-63.0625,23.22
226.5625,-18.75,-63.0625,23.22
226.5625,-18.75,-63.0625,23.25
226.4375,-18.8125,-63.125,23.28
226.4375,-18.8125,-63.125,23.28
226.3125,-18.875,-63.125,23.32
226.3125,-18.875,-63.125,23.32
226.3125,-18.875,-63.125,23.35
226.3125,-18.9375,-63.125,23.38
226.3125,-18.9375,-63.125,23.38
226.3125,-18.9375,-63.125,23.42
226.3125,-18.9375,-63.125,23.42
226.3125,-18.9375,-63.125,23.45
226.25,-18.9375,-63.125,23.48
226.25,-18.9375,-63.125,23.48
226.25,-18.9375,-63.125,23.52
226.25,-18.9375,-63.125,23.52
226.3125,-18.9375,-63.125,23.55
226.3125,-18.9375,-63.125,23.58
226.3125,-18.9375,-63.125,23.58
226.3125,-18.9375,-63.125,23.62
226.3125,-18.9375,-63.125,23.62
226.375,-18.9375,-63.125,23.65
226.4375,-18.9375,-63.125,23.68
226.4375,-18.9375,-63.125,23.68
226.4375,-18.9375,-63.125,23.72
226.4375,-18.9375,-63.125,23.72
226.5625,-18.9375,-63.1875,23.75
226.5625,-18.9375,-63.1875,23.78
226.5625,-18.9375,-63.1875,23.78
226.5625,-18.9375,-63.1875,23.82
226.5625,-18.9375,-63.1875,23.82
226.625,-18.9375,-63.1875,23.85
226.625,-18.9375,-63.1875,23.88
226.625,-18.9375,-63.1875,23.88
226.75,-18.9375,-63.1875,23.92
226.75,-18.9375,-63.1875,23.92
226.75,-18.9375,-63.1875,23.95
226.75,-18.9375,-63.1875,23.98
226.75,-18.9375,-63.1875,23.98
226.8125,-18.9375,-63.1875,24.02
226.8125,-18.9375,-63.1875,24.02
226.9375,-18.9375,-63.1875,24.05
226.9375,-18.9375,-63.1875,24.08
226.9375,-18.9375,-63.1875,24.08
227.0,-18.9375,-63.1875,24.12
227.0,-18.9375,-63.1875,24.12
227.0,-18.9375,-63.1875,24.15
227.125,-18.9375,-63.1875,24.18
227.125,-18.9375,-63.1875,24.18
227.125,-18.9375,-63.1875,24.22
227.125,-18.9375,-63.1875,24.22
227.125,-18.9375,-63.1875,24.25
227.1875,-18.9375,-63.1875,24.28
227.1875,-18.9375,-63.1875,24.28
227.1875,-18.9375,-63.1875,24.32
227.1875,-18.9375,-63.1875,24.32
227.25,-18.9375,-63.1875,24.35
227.3125,-19.0,-63.1875,24.38
227.3125,-19.0,-63.1875,24.38
227.3125,-19.0,-63.1875,24.42
227.3125,-19.0,-63.1875,24.42
227.375,-19.0,-63.1875,24.45
227.375,-19.0,-63.1875,24.48
227.375,-19.0,-63.1875,24.48
227.5,-19.0,-63.1875,24.52
227.5,-19.0,-63.1875,24.52
227.5,-19.0,-63.1875,24.55
227.5625,-19.0625,-63.1875,24.58
227.5625,-19.0625,-63.1875,24.58
227.5625,-19.0625,-63.1875,24.62
227.5625,-19.0625,-63.1875,24.62
227.625,-19.0625,-63.1875,24.65
227.75,-19.125,-63.25,24.68
227.75,-19.125,-63.25,24.68
227.75,-19.125,-63.25,24.72
227.75,-19.125,-63.25,24.72
227.8125,-19.125,-63.25,24.75
227.8125,-19.125,-63.25,24.78
227.8125,-19.125,-63.25,24.78
227.875,-19.125,-63.3125,24.82
227.875,-19.125,-63.3125,24.82
227.875,-19.125,-63.3125,24.85
228.0,-19.1875,-63.3125,24.88
228.0,-19.1875,-63.3125,24.88
228.0,-19.1875,-63.3125,24.92
228.0,-19.1875,-63.3125,24.92
228.0625,-19.1875,-63.375,24.95
228.125,-19.1875,-63.375,24.98
228.125,-19.1875,-63.375,24.98
228.125,-19.1875,-63.375,25.02
228.125,-19.1875,-63.375,25.02
228.1875,-19.25,-63.4375,25.05
228.1875,-19.25,-63.4375,25.08
228.1875,-19.25,-63.4375,25.08
228.25,-19.25,-63.4375,25.12
228.25,-19.25,-63.4375,25.12
228.25,-19.25,-63.4375,25.15
228.3125,-19.25,-63.5,25.18
228.3125,-19.25,-63.5,25.18
228.3125,-19.25,-63.5,25.22
228.3125,-19.25,-63.5,25.22
228.3125,-19.25,-63.5,25.25
228.375,-19.3125,-63.5625,25.28
228.375,-19.3125,-63.5625,25.28
228.4375,-19.3125,-63.5625,25.32
228.4375,-19.3125,-63.5625,25.32
228.4375,-19.3125,-63.5625,25.35
228.5,-19.3125,-63.625,25.38
228.5,-19.3125,-63.625,25.38
228.5,-19.3125,-63.625,25.42
228.5,-19.3125,-63.625,25.42
228.625,-19.375,-63.625,25.45
228.625,-19.375,-63.625,25.48
228.625,-19.375,-63.625,25.48
228.6875,-19.375,-63.6875,25.52
228.6875,-19.375,-63.6875,25.52
228.6875,-19.375,-63.6875,25.55
228.8125,-19.4375,-63.6875,25.58
228.8125,-19.4375,-63.6875,25.58
228.8125,-19.4375,-63.6875,25.62
228.8125,-19.4375,-63.6875,25.62
228.8125,-19.4375,-63.75,25.65
228.8125,-19.4375,-63.75,25.68
228.8125,-19.4375,-63.75,25.68
228.875,-19.5,-63.75,25.72
228.875,-19.5,-63.75,25.72
228.875,-19.5,-63.75,25.75
228.875,-19.5,-63.75,25.78
228.875,-19.5,-63.75,25.78
228.875,-19.5,-63.75,25.82
228.875,-19.5,-63.75,25.82
228.875,-19.5,-63.75,25.85
228.9375,-19.5625,-63.75,25.88
228.9375,-19.5625,-63.75,25.88
228.9375,-19.5625,-63.75,25.92
228.9375,-19.5625,-63.75,25.92
228.9375,-19.5625,-63.75,25.95
228.9375,-19.5625,-63.75,25.98
228.9375,-19.5625,-63.75,25.98
228.9375,-19.5625,-63.6875,26.02
228.9375,-19.5625,-63.6875,26.02
228.9375,-19.5625,-63.6875,26.05
229.0,-19.5625,-63.6875,26.08
229.0,-19.5625,-63.6875,26.08
229.0,-19.5625,-63.6875,26.12
229.0,-19.5625,-63.6875,26.12
229.0,-19.5625,-63.6875,26.15
229.0,-19.5625,-63.6875,26.18
229.0,-19.5625,-63.6875,26.18
229.0,-19.5625,-63.6875,26.22
229.0,-19.5625,-63.6875,26.22
229.0625,-19.5625,-63.6875,26.25
229.0625,-19.5625,-63.6875,26.28
229.0625,-19.5625,-63.6875,26.28
229.0625,-19.5625,-63.6875,26.32
229.0625,-19.5625,-63.6875,26.32
229.0625,-19.5625,-63.625,26.35
229.0625,-19.5625,-63.625,26.38
229.0625,-19.5625,-63.625,26.38
229.125,-19.5625,-63.625,26.42
229.125,-19.5625,-63.625,26.42
229.125,-19.5625,-63.625,26.45
229.125,-19.5625,-63.6875,26.48
229.125,-19.5625,-63.6875,26.48
229.125,-19.5625,-63.6875,26.52
229.125,-19.5625,-63.6875,26.52
229.125,-19.5625,-63.6875,26.55
229.125,-19.5625,-63.6875,26.58
229.125,-19.5625,-63.6875,26.58
229.125,-19.5625,-63.6875,26.62
229.125,-19.5625,-63.6875,26.62
229.125,-19.5625,-63.6875,26.65
229.125,-19.5625,-63.6875,26.68
229.125,-19.5625,-63.6875,26.68
229.125,-19.5625,-63.6875,26.72
229.125,-19.5625,-63.6875,26.72
229.125,-19.5625,-63.6875,26.75
229.125,-19.5625,-63.6875,26.78
229.125,-19.5625,-63.6875,26.78
229.125,-19.5625,-63.6875,26.82
229.125,-19.5625,-63.6875,26.82
210.125,-10.75,-72.8125,26.85
209.875,-10.625,-72.875,26.88
209.875,-10.625,-72.875,26.88
209.875,-10.625,-72.875,26.92
209.875,-10.625,-72.875,26.92
209.5625,-10.5,-73.0,26.95
209.5625,-10.5,-73.0,26.98
209.5625,-10.5,-73.0,26.98
209.25,-10.375,-73.0625,27.02
209.25,-10.375,-73.0625,27.02
209.25,-10.375,-73.0625,27.05
209.25,-10.375,-73.0625,27.08
209.25,-10.375,-73.0625,27.08
208.9375,-10.1875,-73.1875,27.12
208.9375,-10.1875,-73.1875,27.12
208.9375,-10.1875,-73.1875,27.15
208.5625,-10.0,-73.25,27.18
208.5625,-10.0,-73.25,27.18
208.5625,-10.0,-73.25,27.22
208.5625,-10.0,-73.25,27.22
208.1875,-9.75,-73.3125,27.25
208.1875,-9.75,-73.3125,27.28
208.1875,-9.75,-73.3125,27.28
207.875,-9.5,-73.4375,27.32
207.875,-9.5,-73.4375,27.32
207.875,-9.5,-73.4375,27.35
207.5,-9.25,-73.5625,27.38
207.5,-9.25,-73.5625,27.38
207.5,-9.25,-73.5625,27.42
207.5,-9.25,-73.5625,27.42
207.5,-9.25,-73.5625,27.45
207.125,-9.0,-73.75,27.48
207.125,-9.0,-73.75,27.48
207.125,-9.0,-73.75,27.52
207.125,-9.0,-73.75,27.52
206.75,-8.75,-73.9375,27.55
206.75,-8.75,-73.9375,27.58
206.75,-8.75,-73.9375,27.58
206.4375,-8.5,-74.1875,27.62
206.4375,-8.5,-74.1875,27.62
206.4375,-8.5,-74.1875,27.65
206.125,-8.1875,-74.5,27.68
206.125,-8.1875,-74.5,27.68
206.125,-8.1875,-74.5,27.72
206.125,-8.1875,-74.5,27.72
205.75,-7.875,-74.875,27.75
205.75,-7.875,-74.875,27.78
205.75,-7.875,-74.875,27.78
205.4375,-7.5625,-75.3125,27.82
205.4375,-7.5625,-75.3125,27.82
205.4375,-7.5625,-75.3125,27.85
205.4375,-7.5625,-75.3125,27.88
205.4375,-7.5625,-75.3125,27.88
205.1875,-7.1875,-75.8125,27.92
205.1875,-7.1875,-75.8125,27.92
204.9375,-6.75,-76.4375,27.95
204.9375,-6.75,-76.4375,27.98
204.9375,-6.75,-76.4375,27.98
204.6875,-6.3125,-77.0625,28.02
204.6875,-6.3125,-77.0625,28.02
204.6875,-6.3125,-77.0625,28.05
204.6875,-6.3125,-77.0625,28.08
204.6875,-6.3125,-77.0625,28.08
204.5,-5.875,-77.6875,28.12
204.5,-5.875,-77.6875,28.12
204.5,-5.875,-77.6875,28.15
204.375,-5.4375,-78.25,28.18
204.375,-5.4375,-78.25,28.18
204.375,-5.4375,-78.25,28.22
204.375,-5.4375,-78.25,28.22
204.375,-5.4375,-78.25,28.25
204.25,-5.0,-78.75,28.28
204.25,-5.0,-78.75,28.28
204.1875,-4.625,-79.125,28.32
204.1875,-4.625,-79.125,28.32
204.1875,-4.625,-79.125,28.35
204.125,-4.3125,-79.5,28.38
204.125,-4.3125,-79.5,28.38
204.125,-4.3125,-79.5,28.42
204.125,-4.3125,-79.5,28.42
204.0625,-4.0,-79.6875,28.45
204.0625,-4.0,-79.6875,28.48
204.0625,-4.0,-79.6875,28.48
204.0625,-4.0,-79.6875,28.52
204.0625,-4.0,-79.6875,28.52
204.0,-3.8125,-79.875,28.55
204.0,-3.8125,-79.875,28.58
204.0,-3.8125,-79.875,28.58
203.875,-3.625,-80.0,28.62
203.875,-3.625,-80.0,28.62
203.875,-3.625,-80.0,28.65
203.75,-3.4375,-80.0625,28.68
203.75,-3.4375,-80.0625,28.68
203.75,-3.4375,-80.0625,28.72
203.75,-3.4375,-80.0625,28.72
203.5625,-3.3125,-80.125,28.75
203.5625,-3.3125,-80.125,28.78
203.5625,-3.3125,-80.125,28.78
203.5625,-3.3125,-80.125,28.82
203.5625,-3.3125,-80.125,28.82
203.375,-3.125,-80.1875,28.85
203.375,-3.125,-80.1875,28.88
203.375,-3.125,-80.1875,28.88
203.1875,-3.0,-80.1875,28.92
203.1875,-3.0,-80.1875,28.92
203.1875,-3.0,-80.1875,28.95
203.0625,-2.8125,-80.25,28.98
203.0625,-2.8125,-80.25,28.98
203.0625,-2.8125,-80.25,29.02
203.0625,-2.8125,-80.25,29.02
202.875,-2.6875,-80.3125,29.05
202.875,-2.6875,-80.3125,29.08
202.875,-2.6875,-80.3125,29.08
202.75,-2.5625,-80.375,29.12
202.75,-2.5625,-80.375,29.15
202.75,-2.5625,-80.375,29.15
202.625,-2.4375,-80.4375,29.18
202.625,-2.4375,-80.4375,29.18
202.625,-2.4375,-80.4375,29.22
202.625,-2.4375,-80.4375,29.22
202.5625,-2.375,-80.5,29.25
202.5625,-2.375,-80.5,29.28
202.5625,-2.375,-80.5,29.28
202.5,-2.25,-80.5625,29.32
202.5,-2.25,-80.5625,29.35
202.5,-2.25,-80.5625,29.35
202.4375,-2.25,-80.625,29.38
202.4375,-2.25,-80.625,29.38
202.4375,-2.25,-80.625,29.42
202.4375,-2.25,-80.625,29.42
202.375,-2.1875,-80.6875,29.45
202.375,-2.1875,-80.6875,29.48
202.375,-2.1875,-80.6875,29.48
202.375,-2.1875,-80.6875,29.52
202.3125,-2.1875,-80.75,29.55
202.3125,-2.1875,-80.75,29.55
202.3125,-2.1875,-80.75,29.58
202.3125,-2.1875,-80.75,29.58
202.25,-2.125,-80.75,29.62
202.25,-2.125,-80.75,29.62
202.25,-2.125,-80.75,29.65
202.25,-2.125,-80.75,29.68
202.25,-2.125,-80.75,29.68
202.1875,-2.125,-80.75,29.72
202.1875,-2.125,-80.75,29.72
202.0625,-2.125,-80.6875,29.75
202.0625,-2.125,-80.6875,29.78
202.0625,-2.125,-80.6875,29.78
202.0625,-2.125,-80.6875,29.82
202.0625,-2.125,-80.6875,29.82
202.0,-2.0625,-80.625,29.85
202.0,-2.0625,-80.625,29.88
202.0,-2.0625,-80.625,29.88
201.9375,-2.0625,-80.5625,29.92
201.9375,-2.0625,-80.5625,29.92
201.9375,-2.0625,-80.5625,29.95
201.9375,-2.0625,-80.5625,29.98
201.9375,-2.0625,-80.5625,29.98
201.9375,-2.0625,-80.5,30.02
201.9375,-2.0625,-80.5,30.02
201.9375,-2.0625,-80.5,30.05
201.875,-2.0625,-80.4375,30.08
201.875,-2.0625,-80.4375,30.08
201.875,-2.0625,-80.4375,30.12
201.875,-2.0625,-80.4375,30.12
201.8125,-2.0625,-80.375,30.15
201.8125,-2.0625,-80.375,30.18
201.8125,-2.0625,-80.375,30.18
201.8125,-2.0625,-80.3125,30.22
201.8125,-2.0625,-80.3125,30.25
201.8125,-2.0625,-80.3125,30.25
201.75,-2.0625,-80.25,30.28
201.75,-2.0625,-80.25,30.28
201.75,-2.0625,-80.25,30.32
201.75,-2.0625,-80.25,30.35
201.75,-2.0625,-80.25,30.35
201.75,-2.0625,-80.1875,30.38
201.75,-2.0625,-80.1875,30.38
201.75,-2.0625,-80.1875,30.42
201.75,-2.0625,-80.1875,30.42
201.75,-2.0625,-80.0625,30.45
201.8125,-2.0625,-80.0,30.48
201.8125,-2.0625,-80.0,30.48
201.8125,-2.0625,-80.0,30.52
201.8125,-2.0625,-80.0,30.52
201.8125,-2.0,-79.9375,30.55
201.8125,-2.0,-79.9375,30.58
201.8125,-2.0,-79.9375,30.58
201.8125,-2.0,-79.9375,30.62
201.9375,-2.0,-79.875,30.65
201.9375,-2.0,-79.875,30.65
201.9375,-2.0,-79.875,30.68
201.9375,-2.0,-79.875,30.68
202.0,-1.9375,-79.8125,30.72
202.0,-1.9375,-79.8125,30.75
202.0,-1.9375,-79.8125,30.75
202.125,-1.9375,-79.6875,30.78
202.125,-1.9375,-79.6875,30.78
202.125,-1.9375,-79.6875,30.82
202.125,-1.9375,-79.6875,30.82
202.3125,-1.875,-79.625,30.85
202.3125,-1.875,-79.625,30.88
202.3125,-1.875,-79.625,30.88
202.4375,-1.875,-79.5,30.92
202.4375,-1.875,-79.5,30.95
202.4375,-1.875,-79.5,30.95
202.625,-1.9375,-79.3125,30.98
202.625,-1.9375,-79.3125,30.98
202.625,-1.9375,-79.3125,31.02
202.625,-1.9375,-79.3125,31.02
202.625,-1.9375,-79.3125,31.05
202.75,-1.9375,-79.1875,31.08
202.75,-1.9375,-79.1875,31.08
202.75,-1.9375,-79.1875,31.12
202.75,-1.9375,-79.1875,31.12
202.875,-1.9375,-79.0625,31.15
202.875,-1.9375,-79.0625,31.18
202.875,-1.9375,-79.0625,31.18
202.9375,-2.0,-78.9375,31.22
202.9375,-2.0,-78.9375,31.25
202.9375,-2.0,-78.9375,31.25
203.0,-2.0,-78.8125,31.28
203.0,-2.0,-78.8125,31.28
203.0,-2.0,-78.8125,31.32
203.0,-2.0,-78.8125,31.35
203.0,-2.0,-78.8125,31.35
203.0625,-2.0,-78.6875,31.38
203.0625,-2.0,-78.6875,31.38
203.0625,-2.0,-78.6875,31.42
203.0625,-2.0,-78.6875,31.42
203.0625,-2.0,-78.625,31.45
203.0625,-2.0,-78.625,31.48
203.0625,-2.0,-78.625,31.48
203.0625,-2.0,-78.625,31.52
203.125,-1.9375,-78.5625,31.55
203.125,-1.9375,-78.5625,31.55
203.125,-1.9375,-78.5,31.58
203.125,-1.9375,-78.5,31.58
203.125,-1.9375,-78.5,31.62
203.125,-1.875,-78.4375,31.65
203.125,-1.875,-78.4375,31.65
203.125,-1.875,-78.4375,31.68
203.125,-1.875,-78.4375,31.68
203.125,-1.875,-78.4375,31.72
203.125,-1.875,-78.375,31.75
203.125,-1.875,-78.375,31.75
203.125,-1.875,-78.375,31.78
203.125,-1.875,-78.375,31.78
203.0625,-1.8125,-78.375,31.82
203.0625,-1.8125,-78.375,31.85
203.0625,-1.8125,-78.375,31.85
203.0625,-1.8125,-78.375,31.88
203.0625,-1.8125,-78.375,31.88
203.0,-1.75,-78.3125,31.92
202.875,-1.6875,-78.3125,31.95
202.875,-1.6875,-78.3125,31.95
202.875,-1.6875,-78.3125,31.98
202.875,-1.6875,-78.3125,31.98
202.75,-1.6875,-78.3125,32.02
202.75,-1.6875,-78.3125,32.02
202.75,-1.6875,-78.3125,32.05
202.6875,-1.625,-78.3125,32.08
202.6875,-1.625,-78.3125,32.08
202.6875,-1.625,-78.3125,32.12
202.6875,-1.625,-78.3125,32.15
202.6875,-1.625,-78.3125,32.15
202.5625,-1.625,-78.3125,32.18
202.5625,-1.625,-78.3125,32.18
202.5625,-1.625,-78.3125,32.22
202.5625,-1.625,-78.3125,32.22
202.4375,-1.5625,-78.3125,32.25
202.3125,-1.5625,-78.375,32.28
202.3125,-1.5625,-78.375,32.28
202.3125,-1.5625,-78.375,32.32
202.125,-1.5625,-78.375,32.35
202.125,-1.5625,-78.375,32.35
202.125,-1.5625,-78.375,32.38
202.125,-1.5625,-78.375,32.38
202.0,-1.5625,-78.375,32.42
202.0,-1.5625,-78.375,32.42
202.0,-1.5625,-78.375,32.45
201.875,-1.5625,-78.4375,32.48
201.875,-1.5625,-78.4375,32.48
201.875,-1.5625,-78.4375,32.52
201.875,-1.5625,-78.4375,32.52
201.875,-1.5625,-78.4375,32.55
201.8125,-1.625,-78.5,32.58
201.8125,-1.625,-78.5,32.58
201.6875,-1.6875,-78.5,32.62
201.6875,-1.6875,-78.5,32.62
201.6875,-1.6875,-78.5,32.65
201.5625,-1.75,-78.5,32.68
201.5625,-1.75,-78.5,32.68
201.5625,-1.75,-78.5,32.72
201.4375,-1.8125,-78.5625,32.75
201.4375,-1.8125,-78.5625,32.75
201.4375,-1.8125,-78.5625,32.78
201.4375,-1.8125,-78.5625,32.78
201.3125,-1.875,-78.5625,32.82
201.3125,-1.875,-78.5625,32.85
201.3125,-1.875,-78.5625,32.85
201.1875,-1.9375,-78.5625,32.88
201.1875,-1.9375,-78.5625,32.88
201.1875,-2.0,-78.5625,32.92
201.1875,-2.0,-78.5625,32.92
201.1875,-2.0,-78.5625,32.95
201.0625,-2.0625,-78.5625,32.98
201.0625,-2.0625,-78.5625,32.98
201.0625,-2.0625,-78.5625,33.02
201.0625,-2.0625,-78.5625,33.05
201.0625,-2.0625,-78.5625,33.05
200.9375,-2.0625,-78.5,33.08
200.9375,-2.0625,-78.5,33.08
200.9375,-2.0625,-78.5,33.12
200.8125,-2.125,-78.5,33.15
200.8125,-2.125,-78.5,33.15
200.8125,-2.125,-78.5,33.18
200.8125,-2.125,-78.5,33.18
200.8125,-2.125,-78.5,33.22
200.6875,-2.125,-78.4375,33.25
200.6875,-2.125,-78.4375,33.25
200.5625,-2.125,-78.4375,33.28
200.5625,-2.125,-78.4375,33.28
200.5625,-2.125,-78.4375,33.32
200.4375,-2.0625,-78.375,33.35
200.4375,-2.0625,-78.375,33.35
200.4375,-2.0625,-78.375,33.38
200.4375,-2.0625,-78.375,33.38
200.3125,-2.0625,-78.375,33.42
200.3125,-2.0625,-78.375,33.45
200.3125,-2.0625,-78.375,33.45
200.25,-2.0,-78.375,33.48
200.25,-2.0,-78.375,33.48
200.25,-2.0,-78.375,33.52
200.3125,-2.0625,-78.3125,33.55
200.3125,-2.0625,-78.3125,33.55
200.3125,-2.0625,-78.3125,33.58
200.3125,-2.0625,-78.3125,33.58
200.3125,-2.0625,-78.3125,33.62
200.25,-2.0,-78.3125,33.65
200.25,-2.0,-78.3125,33.65
200.25,-2.0,-78.3125,33.68
200.25,-2.0,-78.3125,33.68
200.25,-2.0,-78.3125,33.72
200.1875,-1.9375,-78.25,33.75
200.1875,-1.9375,-78.25,33.75
200.1875,-1.9375,-78.25,33.78
200.1875,-1.9375,-78.25,33.78
200.1875,-1.875,-78.1875,33.82
200.1875,-1.875,-78.1875,33.85
200.1875,-1.875,-78.1875,33.85
200.1875,-1.875,-78.1875,33.88
200.1875,-1.875,-78.1875,33.88
200.1875,-1.8125,-78.1875,33.92
200.125,-1.75,-78.1875,33.95
200.125,-1.75,-78.1875,33.95
200.125,-1.75,-78.1875,33.98
200.125,-1.75,-78.1875,33.98
200.125,-1.6875,-78.125,34.02
200.125,-1.6875,-78.125,34.02
200.125,-1.6875,-78.125,34.05
200.125,-1.625,-78.125,34.08
200.125,-1.625,-78.125,34.08
200.125,-1.625,-78.125,34.12
200.125,-1.625,-78.125,34.15
200.125,-1.625,-78.125,34.15
200.0625,-1.5625,-78.125,34.18
200.0625,-1.5625,-78.125,34.18
200.0625,-1.5625,-78.125,34.22
200.0625,-1.5625,-78.125,34.22
200.0625,-1.5625,-78.125,34.25
200.0,-1.5,-78.1875,34.28
200.0,-1.5,-78.1875,34.28
200.0,-1.5,-78.1875,34.32
200.0,-1.5,-78.1875,34.32
200.0,-1.4375,-78.1875,34.35
200.0,-1.4375,-78.1875,34.38
200.0,-1.4375,-78.1875,34.38
199.9375,-1.4375,-78.1875,34.42
199.9375,-1.4375,-78.1875,34.45
199.9375,-1.4375,-78.1875,34.45
199.9375,-1.375,-78.25,34.48
199.9375,-1.375,-78.25,34.48
199.9375,-1.375,-78.25,34.52
199.9375,-1.375,-78.25,34.52
199.875,-1.3125,-78.25,34.55
199.875,-1.3125,-78.3125,34.58
199.875,-1.3125,-78.3125,34.58
199.875,-1.3125,-78.3125,34.62
199.8125,-1.25,-78.3125,34.65
199.8125,-1.25,-78.3125,34.65
199.8125,-1.25,-78.3125,34.68
199.8125,-1.25,-78.3125,34.68
199.8125,-1.25,-78.3125,34.72
199.8125,-1.25,-78.3125,34.75
199.8125,-1.25,-78.3125,34.75
199.75,-1.25,-78.375,34.78
199.75,-1.25,-78.375,34.78
199.75,-1.25,-78.375,34.82
199.8125,-1.25,-78.375,34.85
199.8125,-1.25,-78.375,34.85
199.8125,-1.25,-78.375,34.88
199.8125,-1.25,-78.375,34.88
199.8125,-1.25,-78.375,34.92
199.8125,-1.25,-78.375,34.95
199.8125,-1.25,-78.375,34.95
199.8125,-1.25,-78.375,34.98
199.8125,-1.25,-78.375,34.98
199.8125,-1.25,-78.3125,35.02
199.8125,-1.25,-78.3125,35.05
199.8125,-1.25,-78.3125,35.05
199.8125,-1.1875,-78.3125,35.08
199.8125,-1.1875,-78.3125,35.08
199.8125,-1.1875,-78.3125,35.12
199.8125,-1.1875,-78.3125,35.15
199.8125,-1.1875,-78.3125,35.15
199.8125,-1.1875,-78.25,35.18
199.8125,-1.1875,-78.25,35.18
199.8125,-1.1875,-78.25,35.22
199.8125,-1.1875,-78.1875,35.25
199.8125,-1.1875,-78.1875,35.25
199.8125,-1.1875,-78.1875,35.28
199.8125,-1.1875,-78.1875,35.28
199.8125,-1.1875,-78.1875,35.32
199.8125,-1.1875,-78.1875,35.35
199.8125,-1.1875,-78.1875,35.35
199.8125,-1.1875,-78.125,35.38
199.8125,-1.1875,-78.125,35.38
199.8125,-1.1875,-78.125,35.42
199.8125,-1.1875,-78.0625,35.45
199.8125,-1.1875,-78.0625,35.45
199.75,-1.1875,-78.0,35.48
199.75,-1.1875,-78.0,35.48
199.75,-1.1875,-78.0,35.52
199.75,-1.1875,-77.9375,35.55
199.75,-1.1875,-77.9375,35.55
199.75,-1.1875,-77.9375,35.58
199.75,-1.1875,-77.9375,35.58
199.75,-1.1875,-77.9375,35.62
199.75,-1.1875,-77.9375,35.62
199.75,-1.1875,-77.875,35.65
199.75,-1.1875,-77.875,35.68
199.75,-1.1875,-77.875,35.68
199.6875,-1.1875,-77.875,35.72
199.6875,-1.1875,-77.875,35.75
199.6875,-1.1875,-77.875,35.75
199.6875,-1.1875,-77.875,35.78
199.6875,-1.1875,-77.875,35.78
199.6875,-1.1875,-77.8125,35.82
199.75,-1.1875,-77.8125,35.85
199.75,-1.1875,-77.8125,35.85
199.75,-1.1875,-77.8125,35.88
199.75,-1.1875,-77.8125,35.88
199.75,-1.1875,-77.8125,35.92
199.75,-1.1875,-77.8125,35.95
199.75,-1.1875,-77.8125,35.95
199.8125,-1.1875,-77.8125,35.98
199.8125,-1.1875,-77.8125,35.98
199.8125,-1.1875,-77.8125,36.02
199.8125,-1.1875,-77.8125,36.02
199.8125,-1.1875,-77.8125,36.05
199.8125,-1.1875,-77.8125,36.08
199.8125,-1.1875,-77.8125,36.08
199.8125,-1.1875,-77.8125,36.12
199.875,-1.1875,-77.875,36.15
199.875,-1.1875,-77.875,36.15
199.875,-1.1875,-77.875,36.18
199.875,-1.1875,-77.875,36.18
199.9375,-1.1875,-77.875,36.22
199.9375,-1.1875,-77.875,36.25
199.9375,-1.1875,-77.875,36.25
199.9375,-1.1875,-77.875,36.28
199.9375,-1.1875,-77.875,36.28
199.9375,-1.1875,-77.875,36.32
200.0,-1.1875,-77.875,36.35
200.0,-1.1875,-77.875,36.35
200.0,-1.1875,-77.875,36.38
200.0,-1.1875,-77.875,36.38
200.0,-1.1875,-77.875,36.42
200.0,-1.1875,-77.875,36.42
200.0,-1.25,-77.875,36.45
200.0,-1.25,-77.875,36.48
200.0,-1.25,-77.875,36.48
200.0,-1.25,-77.875,36.52
200.0,-1.25,-77.875,36.55
200.0,-1.25,-77.875,36.55
200.0,-1.25,-77.875,36.58
200.0,-1.25,-77.875,36.58
200.0,-1.3125,-77.875,36.62
200.0,-1.3125,-77.875,36.65
200.0,-1.3125,-77.875,36.65
200.0,-1.3125,-77.875,36.68
200.0,-1.3125,-77.875,36.68
200.0,-1.3125,-77.875,36.72
200.0,-1.3125,-77.875,36.72
200.0,-1.3125,-77.875,36.75
200.0,-1.3125,-77.875,36.78
200.0,-1.3125,-77.875,36.78
200.0,-1.3125,-77.875,36.82
200.0,-1.3125,-77.875,36.82
200.0,-1.3125,-77.875,36.85
200.0,-1.3125,-77.875,36.88
200.0,-1.3125,-77.875,36.88
200.0625,-1.3125,-77.875,36.92
200.0625,-1.3125,-77.875,36.95
200.0625,-1.3125,-77.875,36.95
200.0625,-1.3125,-77.875,36.98
200.0625,-1.3125,-77.875,36.98
200.0625,-1.3125,-77.875,37.02
200.0625,-1.3125,-77.875,37.05
200.0625,-1.3125,-77.875,37.05
200.0625,-1.3125,-77.875,37.08
200.0625,-1.3125,-77.875,37.08
200.125,-1.3125,-77.875,37.12
200.125,-1.3125,-77.875,37.12
200.125,-1.3125,-77.875,37.15
200.1875,-1.3125,-77.875,37.18
200.1875,-1.3125,-77.875,37.18
200.25,-1.3125,-77.9375,37.22
200.25,-1.3125,-77.9375,37.25
200.25,-1.3125,-77.9375,37.25
200.3125,-1.3125,-77.9375,37.28
200.3125,-1.3125,-77.9375,37.28
200.3125,-1.3125,-77.9375,37.32
200.3125,-1.3125,-77.9375,37.32
200.375,-1.3125,-77.9375,37.35
200.375,-1.3125,-77.9375,37.38
200.375,-1.3125,-77.9375,37.38
200.5,-1.375,-77.9375,37.42
200.5,-1.375,-77.9375,37.45
200.5,-1.375,-77.9375,37.45
200.5625,-1.375,-77.9375,37.48
200.5625,-1.375,-77.9375,37.48
216.75,-13.9375,-74.5625,37.52
216.75,-13.9375,-74.5625,37.52
216.75,-13.9375,-74.5625,37.55
216.75,-13.9375,-74.5625,37.58
216.75,-13.9375,-74.5625,37.58
216.75,-13.9375,-74.5625,37.62
216.75,-13.9375,-74.5625,37.62
216.75,-13.9375,-74.5625,37.65
216.8125,-13.9375,-74.5625,37.68
216.8125,-13.9375,-74.5625,37.68
216.8125,-13.9375,-74.5625,37.72
216.8125,-13.9375,-74.5625,37.72
216.8125,-13.9375,-74.5625,37.75
216.8125,-13.9375,-74.5625,37.78
216.8125,-13.9375,-74.5625,37.78
216.8125,-13.9375,-74.5625,37.82
216.8125,-13.9375,-74.5625,37.85
216.8125,-13.9375,-74.5625,37.85
216.8125,-13.9375,-74.5625,37.88
216.8125,-13.9375,-74.5625,37.88
216.8125,-13.9375,-74.5625,37.92
216.8125,-13.9375,-74.5625,37.92
216.8125,-13.9375,-74.5625,37.95
216.8125,-13.9375,-74.5625,37.98
216.8125,-13.9375,-74.5625,37.98
216.8125,-13.9375,-74.5625,38.02
216.8125,-13.9375,-74.5625,38.02
216.8125,-13.9375,-74.5625,38.05
216.8125,-13.9375,-74.5625,38.08
216.8125,-13.9375,-74.5625,38.08
216.8125,-13.9375,-74.5,38.12
216.8125,-13.9375,-74.5,38.12
216.8125,-13.9375,-74.5,38.15
216.8125,-13.9375,-74.5,38.18
216.8125,-13.9375,-74.5,38.18
216.8125,-13.9375,-74.5,38.22
216.8125,-13.9375,-74.5,38.22
216.8125,-13.9375,-74.5,38.25
216.8125,-13.9375,-74.5,38.28
216.8125,-13.9375,-74.5,38.28
216.75,-13.9375,-74.5,38.32
216.75,-13.9375,-74.5,38.35
216.75,-13.9375,-74.5,38.35
216.75,-13.9375,-74.4375,38.38
216.75,-13.9375,-74.4375,38.38
216.75,-13.9375,-74.4375,38.42
216.75,-13.9375,-74.4375,38.42
216.75,-13.9375,-74.4375,38.45
216.75,-13.9375,-74.4375,38.48
216.75,-13.9375,-74.4375,38.48
216.75,-13.9375,-74.4375,38.52
216.75,-13.9375,-74.375,38.55
216.75,-13.9375,-74.375,38.55
216.75,-13.9375,-74.375,38.58
216.75,-13.9375,-74.375,38.58
216.75,-13.9375,-74.375,38.62
216.75,-13.9375,-74.375,38.62
216.75,-13.9375,-74.375,38.65
216.75,-13.9375,-74.375,38.68
216.75,-13.9375,-74.375,38.68
216.75,-13.9375,-74.375,38.72
216.75,-13.9375,-74.375,38.72
216.75,-13.9375,-74.375,38.75
216.75,-13.9375,-74.3125,38.78
216.75,-13.9375,-74.3125,38.78
216.75,-13.9375,-74.3125,38.82
216.75,-13.9375,-74.3125,38.85
216.75,-13.9375,-74.3125,38.85
216.75,-13.9375,-74.3125,38.88
216.75,-13.9375,-74.3125,38.88
216.75,-13.9375,-74.3125,38.92
216.75,-13.9375,-74.3125,38.95
216.75,-13.9375,-74.3125,38.95
216.75,-13.9375,-74.3125,38.98
216.75,-13.9375,-74.3125,38.98
216.75,-13.9375,-74.3125,39.02
216.75,-13.9375,-74.3125,39.02
216.75,-13.9375,-74.3125,39.05
216.75,-13.9375,-74.3125,39.08
216.75,-13.9375,-74.3125,39.08
216.75,-13.9375,-74.3125,39.12
216.75,-13.9375,-74.3125,39.12
216.75,-13.9375,-74.3125,39.15
216.75,-13.9375,-74.3125,39.18
216.75,-13.9375,-74.3125,39.18
216.75,-13.9375,-74.3125,39.22
216.75,-13.9375,-74.3125,39.25
216.75,-13.9375,-74.3125,39.25
216.75,-13.9375,-74.3125,39.28
216.75,-13.9375,-74.3125,39.28
216.75,-13.9375,-74.3125,39.32
216.75,-13.9375,-74.3125,39.35
216.75,-13.9375,-74.3125,39.35
216.75,-13.9375,-74.3125,39.38
216.75,-13.9375,-74.3125,39.38
216.75,-13.9375,-74.3125,39.42
216.75,-13.9375,-74.3125,39.45
216.75,-13.9375,-74.3125,39.45
216.75,-13.9375,-74.3125,39.48
216.75,-13.9375,-74.3125,39.48
216.75,-13.9375,-74.3125,39.52
216.75,-13.9375,-74.3125,39.55
216.75,-13.9375,-74.3125,39.55
216.75,-13.9375,-74.3125,39.58
216.75,-13.9375,-74.3125,39.58
216.75,-13.9375,-74.3125,39.62
216.75,-13.9375,-74.3125,39.62
216.75,-13.9375,-74.3125,39.65
216.75,-13.9375,-74.3125,39.68
216.75,-13.9375,-74.3125,39.68
216.75,-13.9375,-74.3125,39.72
216.75,-13.9375,-74.3125,39.72
216.75,-13.9375,-74.3125,39.75
216.75,-13.9375,-74.3125,39.78
216.75,-13.9375,-74.3125,39.78
216.75,-13.9375,-74.3125,39.82
216.75,-13.9375,-74.3125,39.85
216.75,-13.9375,-74.3125,39.85
216.75,-13.9375,-74.3125,39.88
216.75,-13.9375,-74.3125,39.88
216.75,-13.9375,-74.3125,39.92
216.75,-13.9375,-74.3125,39.95
216.75,-13.9375,-74.3125,39.95
216.75,-13.9375,-74.3125,39.98
216.75,-13.9375,-74.3125,39.98
216.75,-13.9375,-74.3125,40.02
216.75,-13.9375,-74.3125,40.05
216.75,-13.9375,-74.3125,40.05
216.75,-13.9375,-74.3125,40.08
216.75,-13.9375,-74.3125,40.08
216.75,-13.9375,-74.3125,40.12
216.75,-13.9375,-74.3125,40.15
216.75,-13.9375,-74.3125,40.15
216.75,-13.9375,-74.3125,40.18
216.75,-13.9375,-74.3125,40.18
216.75,-13.9375,-74.3125,40.22
216.75,-13.9375,-74.3125,40.22
216.75,-13.9375,-74.3125,40.25
216.75,-13.9375,-74.3125,40.28
216.75,-13.9375,-74.3125,40.28
216.75,-13.9375,-74.3125,40.32
216.75,-13.9375,-74.3125,40.35
216.75,-13.9375,-74.3125,40.35
216.75,-13.9375,-74.3125,40.38
216.75,-13.9375,-74.3125,40.38
216.75,-13.9375,-74.3125,40.42
216.75,-13.9375,-74.3125,40.42
216.75,-13.9375,-74.3125,40.45
216.75,-13.9375,-74.3125,40.48
216.75,-13.9375,-74.3125,40.48
216.75,-13.9375,-74.3125,40.52
216.75,-13.9375,-74.3125,40.55
216.75,-13.9375,-74.3125,40.55
216.75,-13.9375,-74.3125,40.58
216.75,-13.9375,-74.3125,40.58
216.75,-13.9375,-74.3125,40.62
216.75,-13.9375,-74.3125,40.65
216.75,-13.9375,-74.3125,40.65
216.75,-13.9375,-74.3125,40.68
216.75,-13.9375,-74.3125,40.68
216.75,-13.9375,-74.3125,40.72
216.75,-13.9375,-74.3125,40.75
216.75,-13.9375,-74.3125,40.75
216.75,-13.9375,-74.3125,40.78
216.75,-13.9375,-74.3125,40.78
216.75,-13.9375,-74.3125,40.82
216.75,-13.9375,-74.3125,40.85
216.75,-13.9375,-74.3125,40.85
216.75,-13.875,-74.3125,40.88
216.75,-13.875,-74.3125,40.88
216.75,-13.875,-74.3125,40.92
216.75,-13.875,-74.3125,40.95
216.75,-13.875,-74.3125,40.95
216.75,-13.875,-74.3125,40.98
216.75,-13.875,-74.3125,40.98
216.75,-13.875,-74.3125,41.02
216.75,-13.875,-74.3125,41.05
216.75,-13.875,-74.3125,41.05
216.75,-13.875,-74.3125,41.08
216.75,-13.875,-74.3125,41.08
216.75,-13.875,-74.3125,41.12
216.75,-13.875,-74.3125,41.15
216.75,-13.875,-74.3125,41.15
216.75,-13.875,-74.3125,41.18
216.75,-13.875,-74.3125,41.18
216.75,-13.875,-74.3125,41.22
216.75,-13.875,-74.3125,41.25
216.75,-13.875,-74.3125,41.25
216.75,-13.875,-74.3125,41.28
216.75,-13.875,-74.3125,41.28
216.75,-13.875,-74.3125,41.32
216.75,-13.875,-74.3125,41.35
216.75,-13.875,-74.3125,41.35
216.75,-13.875,-74.3125,41.38
216.75,-13.875,-74.3125,41.38
216.75,-13.875,-74.3125,41.42
216.75,-13.875,-74.3125,41.45
216.75,-13.875,-74.3125,41.45
216.75,-13.875,-74.3125,41.48
216.75,-13.875,-74.3125,41.48
216.75,-13.875,-74.3125,41.52
216.75,-13.875,-74.3125,41.55
216.75,-13.875,-74.3125,41.55
216.75,-13.875,-74.3125,41.58
216.75,-13.875,-74.3125,41.58
216.75,-13.875,-74.3125,41.62
216.75,-13.9375,-74.3125,41.65
216.75,-13.9375,-74.3125,41.65
216.75,-13.9375,-74.3125,41.68
216.75,-13.9375,-74.3125,41.68
216.75,-13.9375,-74.3125,41.72
216.75,-13.9375,-74.3125,41.72
216.75,-13.9375,-74.3125,41.75
216.8125,-13.9375,-74.25,41.78
216.8125,-13.9375,-74.25,41.78
216.8125,-13.9375,-74.25,41.82
216.8125,-13.9375,-74.25,41.85
216.8125,-13.9375,-74.25,41.85
216.8125,-13.9375,-74.25,41.88
216.8125,-13.9375,-74.25,41.88
216.8125,-13.9375,-74.25,41.92
216.8125,-13.9375,-74.25,41.95
216.8125,-13.9375,-74.25,41.95
216.8125,-14.0,-74.25,41.98
216.8125,-14.0,-74.25,41.98
216.8125,-14.0,-74.25,42.02
216.8125,-13.9375,-74.25,42.05
216.8125,-13.9375,-74.25,42.05
216.8125,-13.9375,-74.25,42.08
216.8125,-13.9375,-74.25,42.08
216.8125,-13.9375,-74.25,42.12
216.8125,-13.9375,-74.25,42.15
216.8125,-13.9375,-74.25,42.15
216.8125,-13.9375,-74.25,42.18
216.8125,-13.9375,-74.25,42.18
216.875,-13.9375,-74.25,42.22
216.875,-13.9375,-74.25,42.25
216.875,-13.9375,-74.25,42.25
216.875,-13.9375,-74.1875,42.28
216.875,-13.9375,-74.1875,42.28
216.875,-13.9375,-74.1875,42.32
216.875,-13.9375,-74.1875,42.32
216.875,-13.9375,-74.1875,42.35
216.875,-13.9375,-74.1875,42.38
216.875,-13.9375,-74.1875,42.38
216.875,-13.9375,-74.1875,42.42
216.875,-13.9375,-74.1875,42.42
216.875,-13.9375,-74.1875,42.45
216.875,-13.9375,-74.1875,42.48
216.875,-13.9375,-74.1875,42.48
216.875,-13.9375,-74.1875,42.52
216.875,-13.9375,-74.1875,42.55
216.875,-13.9375,-74.1875,42.55
216.875,-13.9375,-74.1875,42.58
216.875,-13.9375,-74.1875,42.58
216.875,-13.9375,-74.1875,42.62
216.875,-13.9375,-74.1875,42.65
216.875,-13.9375,-74.1875,42.65
216.875,-13.9375,-74.1875,42.68
216.875,-13.9375,-74.1875,42.68
216.875,-13.9375,-74.1875,42.72
216.875,-13.9375,-74.1875,42.75
216.875,-13.9375,-74.1875,42.75
216.875,-13.9375,-74.1875,42.78
216.875,-13.9375,-74.1875,42.78
216.875,-13.9375,-74.1875,42.82
216.875,-13.9375,-74.1875,42.85
216.875,-13.9375,-74.1875,42.85
216.875,-13.9375,-74.1875,42.88
216.875,-13.9375,-74.1875,42.88
216.875,-13.9375,-74.1875,42.92
216.875,-13.9375,-74.1875,42.95
216.875,-13.9375,-74.1875,42.95
216.875,-13.9375,-74.1875,42.98
216.875,-13.9375,-74.1875,42.98
216.875,-13.9375,-74.1875,43.02
216.875,-13.9375,-74.1875,43.02
216.875,-13.9375,-74.1875,43.05
216.875,-13.9375,-74.1875,43.08
216.875,-13.9375,-74.1875,43.08
216.875,-14.0,-74.1875,43.12
216.875,-14.0,-74.1875,43.15
216.875,-14.0,-74.1875,43.15
216.875,-14.0,-74.1875,43.18
216.875,-14.0,-74.1875,43.18
216.875,-14.0,-74.25,43.22
216.875,-14.0,-74.25,43.25
216.875,-14.0,-74.25,43.25
216.875,-14.0,-74.25,43.28
216.875,-14.0,-74.25,43.28
216.9375,-14.0,-74.25,43.32
216.9375,-14.0,-74.25,43.35
216.9375,-14.0,-74.25,43.35
216.9375,-14.0,-74.25,43.38
216.9375,-14.0,-74.25,43.38
216.9375,-14.0,-74.25,43.42
216.9375,-14.0,-74.25,43.45
216.9375,-14.0,-74.25,43.45
216.9375,-14.0,-74.25,43.48
216.9375,-14.0,-74.25,43.48
216.9375,-14.0625,-74.25,43.52
216.9375,-14.0625,-74.25,43.52
216.9375,-14.0625,-74.25,43.55
216.9375,-14.0625,-74.25,43.58
216.9375,-14.0625,-74.25,43.58
216.9375,-14.0625,-74.25,43.62
216.9375,-14.0625,-74.25,43.62
216.9375,-14.0625,-74.25,43.65
216.9375,-14.0625,-74.25,43.68
216.9375,-14.0625,-74.25,43.68
216.9375,-14.0625,-74.25,43.72
216.9375,-14.0625,-74.25,43.75
216.9375,-14.0625,-74.25,43.75
216.9375,-14.0625,-74.25,43.78
216.9375,-14.0625,-74.25,43.78
216.9375,-14.0625,-74.25,43.82
216.9375,-14.0625,-74.25,43.85
216.9375,-14.0625,-74.25,43.85
216.9375,-14.0625,-74.25,43.88
216.9375,-14.0625,-74.25,43.88
216.9375,-14.0625,-74.25,43.92
216.9375,-14.0625,-74.25,43.95
216.9375,-14.0625,-74.25,43.95
216.9375,-14.0625,-74.25,43.98
216.9375,-14.0625,-74.25,43.98
216.9375,-14.0625,-74.25,44.02
216.9375,-14.0625,-74.25,44.05
216.9375,-14.0625,-74.25,44.05
216.9375,-14.0625,-74.25,44.08
216.9375,-14.0625,-74.25,44.08
216.9375,-14.0625,-74.25,44.12
216.9375,-14.0625,-74.1875,44.15
216.9375,-14.0625,-74.1875,44.15
216.9375,-14.0,-74.1875,44.18
216.9375,-14.0,-74.1875,44.18
216.9375,-14.0,-74.1875,44.22
216.9375,-14.0,-74.1875,44.25
216.9375,-14.0,-74.1875,44.25
216.9375,-14.0,-74.1875,44.28
216.9375,-14.0,-74.1875,44.28
216.9375,-14.0,-74.1875,44.32
216.9375,-14.0,-74.1875,44.35
216.9375,-14.0,-74.1875,44.35
216.9375,-14.0,-74.1875,44.38
216.9375,-14.0,-74.1875,44.38
216.9375,-14.0,-74.1875,44.42
216.9375,-14.0,-74.1875,44.45
216.9375,-14.0,-74.1875,44.45
216.9375,-14.0,-74.1875,44.48
216.9375,-14.0,-74.1875,44.48
216.9375,-14.0,-74.1875,44.52
216.9375,-14.0,-74.1875,44.55
216.9375,-14.0,-74.1875,44.55
216.9375,-14.0,-74.1875,44.58
216.9375,-14.0,-74.1875,44.58
216.9375,-14.0,-74.1875,44.62
216.9375,-14.0,-74.1875,44.65
216.9375,-14.0,-74.1875,44.65
216.9375,-14.0,-74.1875,44.68
216.9375,-14.0,-74.1875,44.68
216.9375,-14.0,-74.1875,44.72
216.9375,-14.0,-74.1875,44.75
216.9375,-14.0,-74.1875,44.75
216.9375,-14.0,-74.1875,44.78
216.9375,-14.0,-74.1875,44.78
216.9375,-14.0,-74.1875,44.82
216.9375,-14.0,-74.1875,44.85
216.9375,-14.0,-74.1875,44.85
216.9375,-14.0,-74.1875,44.88
216.9375,-14.0,-74.1875,44.88
216.9375,-14.0,-74.1875,44.92
216.9375,-14.0,-74.1875,44.95
216.9375,-14.0,-74.1875,44.95
216.9375,-14.0,-74.1875,44.98
216.9375,-14.0,-74.1875,44.98
216.9375,-14.0,-74.1875,45.02
216.9375,-14.0,-74.1875,45.05
216.9375,-14.0,-74.1875,45.05
216.9375,-14.0,-74.1875,45.08
216.9375,-14.0,-74.1875,45.08
216.9375,-14.0,-74.25,45.12
216.9375,-14.0,-74.25,45.12
216.9375,-14.0,-74.25,45.15
216.9375,-14.0,-74.25,45.18
216.9375,-14.0,-74.25,45.18
216.9375,-14.0,-74.25,45.22
216.9375,-14.0625,-74.3125,45.25
216.9375,-14.0625,-74.3125,45.25
216.9375,-14.0625,-74.375,45.28
216.9375,-14.0625,-74.375,45.28
216.9375,-14.0625,-74.375,45.32
216.9375,-14.125,-74.5625,45.35
216.9375,-14.125,-74.5625,45.35
216.9375,-14.125,-74.5625,45.38
216.9375,-14.125,-74.5625,45.38
216.9375,-14.125,-74.5625,45.42
217.0,-14.25,-74.75,45.45
217.0,-14.25,-74.75,45.45
217.0,-14.25,-74.75,45.48
217.0,-14.25,-74.75,45.48
217.0,-14.375,-75.0625,45.52
217.0,-14.375,-75.0625,45.55
217.0,-14.375,-75.0625,45.55
217.0,-14.375,-75.0625,45.58
217.0,-14.375,-75.0625,45.58
217.0625,-14.5,-75.5,45.62
217.1875,-14.6875,-76.0,45.65
217.1875,-14.6875,-76.0,45.65
217.1875,-14.6875,-76.0,45.68
217.1875,-14.6875,-76.0,45.68
217.375,-14.875,-76.625,45.72
217.375,-14.875,-76.625,45.72
217.375,-14.875,-76.625,45.75
217.5625,-15.125,-77.25,45.78
217.5625,-15.125,-77.25,45.78
217.5625,-15.125,-77.25,45.82
217.8125,-15.3125,-77.8125,45.85
217.8125,-15.3125,-77.8125,45.85
217.8125,-15.3125,-77.8125,45.88
217.8125,-15.3125,-77.8125,45.88
217.8125,-15.3125,-77.8125,45.92
218.0625,-15.5,-78.3125,45.95
218.0625,-15.5,-78.3125,45.95
218.375,-15.75,-78.75,45.98
218.375,-15.75,-78.75,45.98
218.375,-15.75,-78.75,46.02
218.625,-15.9375,-79.0625,46.05
218.625,-15.9375,-79.0625,46.05
218.625,-15.9375,-79.0625,46.08
218.625,-15.9375,-79.0625,46.08
218.625,-15.9375,-79.0625,46.12
218.9375,-16.0625,-79.3125,46.15
218.9375,-16.0625,-79.3125,46.15
218.9375,-16.0625,-79.3125,46.18
218.9375,-16.0625,-79.3125,46.18
219.1875,-16.25,-79.5,46.22
219.1875,-16.25,-79.5,46.25
219.1875,-16.25,-79.5,46.25
219.1875,-16.25,-79.5,46.28
219.1875,-16.25,-79.5,46.28
219.4375,-16.4375,-79.6875,46.32
219.4375,-16.4375,-79.6875,46.32
219.625,-16.5625,-79.875,46.35
219.625,-16.5625,-79.875,46.38
219.625,-16.5625,-79.875,46.38
219.8125,-16.75,-80.125,46.42
219.8125,-16.75,-80.125,46.45
219.8125,-16.75,-80.125,46.45
220.0,-16.875,-80.375,46.48
220.0,-16.875,-80.375,46.48
220.0,-16.875,-80.375,46.52
220.125,-17.0,-80.6875,46.55
220.125,-17.0,-80.6875,46.55
220.125,-17.0,-80.6875,46.58
220.125,-17.0,-80.6875,46.58
220.125,-17.0,-80.6875,46.62
220.25,-17.125,-81.0625,46.65
220.25,-17.125,-81.0625,46.65
220.375,-17.25,-81.375,46.68
220.375,-17.25,-81.375,46.68
220.375,-17.25,-81.375,46.72
220.4375,-17.375,-81.6875,46.75
220.4375,-17.375,-81.6875,46.75
220.4375,-17.375,-81.6875,46.78
220.4375,-17.375,-81.6875,46.78
220.4375,-17.375,-81.6875,46.82
220.5,-17.5,-82.0,46.85
220.5,-17.5,-82.0,46.85
220.5,-17.5,-82.0,46.88
220.5,-17.5,-82.0,46.88
220.5625,-17.5625,-82.25,46.92
220.5625,-17.5625,-82.25,46.95
220.5625,-17.5625,-82.25,46.95
220.5625,-17.5625,-82.25,46.98
220.5625,-17.5625,-82.25,46.98
220.625,-17.625,-82.5,47.02
220.6875,-17.6875,-82.6875,47.05
220.6875,-17.6875,-82.6875,47.05
220.6875,-17.6875,-82.6875,47.08
220.6875,-17.6875,-82.6875,47.08
220.6875,-17.75,-82.875,47.12
220.6875,-17.75,-82.875,47.15
220.6875,-17.75,-82.875,47.15
220.6875,-17.75,-82.875,47.18
220.6875,-17.75,-82.875,47.18
220.75,-17.8125,-83.0,47.22
220.75,-17.8125,-83.0,47.25
220.75,-17.8125,-83.0,47.25
220.75,-17.875,-83.125,47.28
220.75,-17.875,-83.125,47.28
220.75,-17.875,-83.125,47.32
220.75,-17.875,-83.125,47.35
220.75,-17.875,-83.125,47.35
220.75,-17.9375,-83.1875,47.38
220.75,-17.9375,-83.1875,47.38
220.8125,-18.0,-83.25,47.42
220.8125,-18.0,-83.25,47.45
220.8125,-18.0,-83.25,47.45
220.8125,-18.0625,-83.3125,47.48
220.8125,-18.0625,-83.3125,47.48
220.8125,-18.0625,-83.3125,47.52
220.8125,-18.0625,-83.25,47.55
220.8125,-18.0625,-83.25,47.55
220.8125,-18.0625,-83.25,47.58
220.8125,-18.0625,-83.25,47.58
220.8125,-18.125,-83.25,47.62
220.8125,-18.125,-83.25,47.65
220.8125,-18.125,-83.25,47.65
220.8125,-18.125,-83.25,47.68
220.8125,-18.125,-83.25,47.68
220.8125,-18.125,-83.25,47.72
220.8125,-18.1875,-83.1875,47.75
220.8125,-18.1875,-83.1875,47.75
220.8125,-18.1875,-83.1875,47.78
220.8125,-18.1875,-83.1875,47.78
216.875,-12.875,-68.125,47.82
216.875,-12.875,-68.125,47.85
216.875,-12.875,-68.125,47.85
216.875,-12.875,-68.125,47.88
216.875,-12.875,-68.125,47.88
216.8125,-12.9375,-68.125,47.92
216.8125,-12.9375,-68.125,47.95
216.8125,-12.9375,-68.125,47.95
216.8125,-12.9375,-68.125,47.98
216.8125,-12.9375,-68.125,47.98
216.8125,-12.9375,-68.125,48.02
216.8125,-12.9375,-68.125,48.05
216.8125,-12.9375,-68.125,48.05
216.8125,-12.9375,-68.125,48.08
216.8125,-12.9375,-68.125,48.08
216.8125,-12.9375,-68.125,48.12
216.8125,-12.9375,-68.125,48.15
216.8125,-12.9375,-68.125,48.15
216.8125,-12.9375,-68.125,48.18
216.8125,-12.9375,-68.125,48.18
216.75,-12.9375,-68.125,48.22
216.75,-12.9375,-68.125,48.25
216.75,-12.9375,-68.125,48.25
216.75,-12.9375,-68.125,48.28
216.75,-12.9375,-68.125,48.28
216.75,-12.9375,-68.1875,48.32
216.75,-12.9375,-68.1875,48.35
216.75,-12.9375,-68.1875,48.35
216.75,-12.9375,-68.1875,48.38
216.75,-12.9375,-68.1875,48.38
216.75,-13.0,-68.1875,48.42
216.75,-13.0,-68.1875,48.45
216.75,-13.0,-68.1875,48.45
216.6875,-13.0,-68.1875,48.48
216.6875,-13.0,-68.1875,48.48
216.6875,-13.0,-68.1875,48.52
216.6875,-13.0,-68.1875,48.55
216.6875,-13.0,-68.1875,48.55
216.6875,-13.0,-68.1875,48.58
216.6875,-13.0,-68.1875,48.58
216.6875,-13.0,-68.25,48.62
216.6875,-13.0,-68.25,48.65
216.6875,-13.0,-68.25,48.65
216.6875,-13.0,-68.25,48.68
216.6875,-13.0,-68.25,48.68
216.6875,-13.0,-68.25,48.72
216.6875,-13.0,-68.25,48.75
216.6875,-13.0,-68.25,48.75
216.6875,-13.0,-68.25,48.78
216.6875,-13.0,-68.25,48.78
216.6875,-13.0,-68.25,48.82
216.6875,-13.0,-68.25,48.85
216.6875,-13.0,-68.25,48.85
216.6875,-13.0,-68.25,48.88
216.6875,-13.0,-68.25,48.88
216.6875,-13.0,-68.25,48.92
216.6875,-13.0,-68.25,48.95
216.6875,-13.0,-68.25,48.95
216.6875,-13.0,-68.25,48.98
216.6875,-13.0,-68.25,48.98
216.6875,-13.0,-68.25,49.02
216.6875,-13.0,-68.25,49.02
216.6875,-13.0,-68.25,49.05
216.6875,-13.0,-68.25,49.08
216.6875,-13.0,-68.25,49.08
216.6875,-13.0,-68.25,49.12
216.625,-13.0,-68.25,49.15
216.625,-13.0,-68.25,49.15
216.625,-13.0,-68.25,49.18
216.625,-13.0,-68.25,49.18
216.625,-13.0,-68.25,49.22
216.625,-13.0,-68.25,49.25
216.625,-13.0,-68.25,49.25
216.625,-13.0,-68.25,49.28
216.625,-13.0,-68.25,49.28
216.625,-13.0,-68.25,49.32
216.625,-13.0,-68.25,49.35
216.625,-13.0,-68.25,49.35
216.625,-12.9375,-68.25,49.38
216.625,-12.9375,-68.25,49.38
216.625,-12.9375,-68.25,49.42
216.625,-12.9375,-68.25,49.45
216.625,-12.9375,-68.25,49.45
216.625,-12.9375,-68.25,49.48
216.625,-12.9375,-68.25,49.48
216.625,-12.9375,-68.25,49.52
216.5625,-12.9375,-68.25,49.55
216.5625,-12.9375,-68.25,49.55
216.5625,-12.9375,-68.25,49.58
216.5625,-12.9375,-68.25,49.58
216.5625,-12.9375,-68.25,49.62
216.5625,-12.9375,-68.25,49.65
216.5625,-12.9375,-68.25,49.65
216.5625,-12.9375,-68.25,49.68
216.5625,-12.9375,-68.25,49.68
216.5625,-12.9375,-68.25,49.72
216.5625,-12.9375,-68.25,49.75
216.5625,-12.9375,-68.25,49.75
216.5625,-12.9375,-68.25,49.78
216.5625,-12.9375,-68.25,49.78
216.5625,-12.9375,-68.25,49.82
216.5625,-12.9375,-68.25,49.85
216.5625,-12.9375,-68.25,49.85
216.5625,-12.9375,-68.25,49.88
216.5625,-12.9375,-68.25,49.88
216.5625,-12.9375,-68.25,49.92
216.5625,-12.9375,-68.25,49.95
216.5625,-12.9375,-68.25,49.95
216.5625,-12.9375,-68.25,49.98
216.5625,-12.9375,-68.25,49.98
216.5625,-12.9375,-68.25,50.02
216.5625,-12.9375,-68.25,50.05
216.5625,-12.9375,-68.25,50.05
216.5625,-12.9375,-68.25,50.08
216.5625,-12.9375,-68.25,50.08
216.5625,-12.9375,-68.25,50.12
216.5625,-12.9375,-68.25,50.15
216.5625,-12.9375,-68.25,50.15
216.5625,-12.9375,-68.25,50.18
216.5625,-12.9375,-68.25,50.18
216.5625,-12.9375,-68.25,50.22
216.5625,-12.9375,-68.25,50.25
216.5625,-12.9375,-68.25,50.25
216.5625,-12.9375,-68.25,50.28
216.5625,-12.9375,-68.25,50.28
216.5625,-12.9375,-68.25,50.32
216.5625,-12.9375,-68.25,50.35
216.5625,-12.9375,-68.25,50.35
216.5625,-12.9375,-68.25,50.38
216.5625,-12.9375,-68.25,50.38
216.5,-12.9375,-68.25,50.42
216.5,-12.9375,-68.25,50.45
216.5,-12.9375,-68.25,50.45
216.5,-12.9375,-68.25,50.48
216.5,-12.9375,-68.25,50.48
216.5,-12.9375,-68.25,50.52
216.5,-12.9375,-68.25,50.55
216.5,-12.9375,-68.25,50.55
216.5,-12.9375,-68.25,50.58
216.5,-12.9375,-68.25,50.58
216.5,-12.9375,-68.25,50.62
216.5,-12.9375,-68.25,50.65
216.5,-12.9375,-68.25,50.65
216.5,-12.9375,-68.25,50.68
216.5,-12.9375,-68.25,50.68
216.5,-12.9375,-68.25,50.72
216.5,-12.9375,-68.25,50.75
216.5,-12.9375,-68.25,50.75
216.5,-12.9375,-68.25,50.78
216.5,-12.9375,-68.25,50.78
216.5,-12.9375,-68.25,50.82
216.5,-12.9375,-68.25,50.85
216.5,-12.9375,-68.25,50.85
216.5,-12.9375,-68.25,50.88
216.5,-12.9375,-68.25,50.88
216.5,-12.9375,-68.25,50.92
216.5,-12.9375,-68.25,50.95
216.5,-12.9375,-68.25,50.95
216.5,-12.875,-68.25,50.98
216.5,-12.875,-68.25,50.98
216.5,-12.875,-68.25,51.02
216.5,-12.875,-68.25,51.05
216.5,-12.875,-68.25,51.05
216.5,-12.875,-68.25,51.08
216.5,-12.875,-68.25,51.08
216.5,-12.875,-68.25,51.12
216.5,-12.875,-68.25,51.15
216.5,-12.875,-68.25,51.15
216.5,-12.875,-68.25,51.18
216.5,-12.875,-68.25,51.18
216.5,-12.875,-68.25,51.22
216.5,-12.875,-68.25,51.25
216.5,-12.875,-68.25,51.25
216.5,-12.875,-68.25,51.28
216.5,-12.875,-68.25,51.28
216.5,-12.875,-68.25,51.32
216.5,-12.875,-68.25,51.35
216.5,-12.875,-68.25,51.35
216.5,-12.875,-68.25,51.38
216.5,-12.875,-68.25,51.38
216.5,-12.875,-68.25,51.42
216.5,-12.875,-68.25,51.45
216.5,-12.875,-68.25,51.45
216.5,-12.875,-68.3125,51.48
216.5,-12.875,-68.3125,51.48
216.5,-12.875,-68.3125,51.52
216.5,-12.9375,-68.3125,51.55
216.5,-12.9375,-68.3125,51.55
216.5,-12.9375,-68.3125,51.58
216.5,-12.9375,-68.3125,51.58
216.5,-12.9375,-68.3125,51.62
216.5,-12.9375,-68.3125,51.65
216.5,-12.9375,-68.3125,51.65
216.5,-12.9375,-68.3125,51.68
216.5,-12.9375,-68.3125,51.68
216.5,-12.9375,-68.3125,51.72
216.5,-12.9375,-68.3125,51.75
216.5,-12.9375,-68.3125,51.75
216.5,-12.9375,-68.3125,51.78
216.5,-12.9375,-68.3125,51.78
216.5,-12.9375,-68.3125,51.82
216.5,-12.9375,-68.3125,51.85
216.5,-12.9375,-68.3125,51.85
216.5,-12.9375,-68.3125,51.88
216.5,-12.9375,-68.3125,51.88
216.5,-12.9375,-68.3125,51.92
216.5,-12.9375,-68.3125,51.95
216.5,-12.9375,-68.3125,51.95
216.5,-12.9375,-68.3125,51.98
216.5,-12.9375,-68.3125,51.98
216.5,-12.9375,-68.3125,52.02
216.5,-12.9375,-68.3125,52.05
216.5,-12.9375,-68.3125,52.05
216.5,-12.875,-68.375,52.08
216.5,-12.875,-68.375,52.08
216.5,-12.875,-68.375,52.12
216.5,-12.875,-68.375,52.15
216.5,-12.875,-68.375,52.15
216.5,-12.875,-68.375,52.18
216.5,-12.875,-68.375,52.18
216.5,-12.875,-68.375,52.22
216.5,-12.875,-68.375,52.25
216.5,-12.875,-68.375,52.25
216.4375,-12.875,-68.375,52.28
216.4375,-12.875,-68.375,52.28
216.4375,-12.875,-68.375,52.32
216.4375,-12.875,-68.3125,52.35
216.4375,-12.875,-68.3125,52.35
216.4375,-12.875,-68.3125,52.38
216.4375,-12.875,-68.3125,52.38
216.4375,-12.875,-68.3125,52.42
216.4375,-12.875,-68.3125,52.45
216.4375,-12.875,-68.3125,52.45
216.4375,-12.875,-68.3125,52.48
216.4375,-12.875,-68.3125,52.48
216.4375,-12.8125,-68.3125,52.52
216.4375,-12.8125,-68.3125,52.55
216.4375,-12.8125,-68.3125,52.55
216.4375,-12.8125,-68.3125,52.58
216.4375,-12.8125,-68.3125,52.58
216.4375,-12.8125,-68.3125,52.62
216.375,-12.8125,-68.3125,52.65
216.375,-12.8125,-68.3125,52.65
216.375,-12.8125,-68.3125,52.68
216.375,-12.8125,-68.3125,52.68
216.375,-12.8125,-68.3125,52.72
216.375,-12.8125,-68.3125,52.75
216.375,-12.8125,-68.3125,52.75
216.375,-12.8125,-68.3125,52.78
216.375,-12.8125,-68.3125,52.78
216.375,-12.8125,-68.3125,52.82
216.375,-12.8125,-68.3125,52.85
216.375,-12.8125,-68.3125,52.85
216.375,-12.8125,-68.3125,52.88
216.375,-12.8125,-68.3125,52.88
216.375,-12.8125,-68.3125,52.92
216.375,-12.8125,-68.3125,52.95
216.375,-12.8125,-68.3125,52.95
216.375,-12.8125,-68.3125,52.98
216.375,-12.8125,-68.3125,52.98
216.375,-12.8125,-68.3125,53.02
216.375,-12.8125,-68.3125,53.05
216.375,-12.8125,-68.3125,53.05
216.375,-12.8125,-68.3125,53.08
216.375,-12.8125,-68.3125,53.08
216.375,-12.8125,-68.3125,53.12
216.375,-12.8125,-68.3125,53.15
216.375,-12.8125,-68.3125,53.15
216.375,-12.8125,-68.3125,53.18
216.375,-12.8125,-68.3125,53.18
216.375,-12.8125,-68.3125,53.22
216.375,-12.8125,-68.3125,53.25
216.375,-12.8125,-68.3125,53.25
216.375,-12.8125,-68.3125,53.28
216.375,-12.8125,-68.3125,53.28
216.375,-12.8125,-68.3125,53.32
216.375,-12.8125,-68.3125,53.35
216.375,-12.8125,-68.3125,53.35
216.375,-12.8125,-68.3125,53.38
216.375,-12.8125,-68.3125,53.38
216.375,-12.8125,-68.3125,53.42
216.375,-12.8125,-68.3125,53.45
216.375,-12.8125,-68.3125,53.45
216.375,-12.8125,-68.3125,53.48
216.375,-12.8125,-68.3125,53.48
216.375,-12.8125,-68.3125,53.52
216.375,-12.8125,-68.3125,53.55
216.375,-12.8125,-68.3125,53.55
216.375,-12.8125,-68.3125,53.58
216.375,-12.8125,-68.3125,53.58
216.375,-12.8125,-68.3125,53.62
216.375,-12.8125,-68.3125,53.65
216.375,-12.8125,-68.3125,53.65
216.375,-12.8125,-68.3125,53.68
216.375,-12.8125,-68.3125,53.68
216.375,-12.8125,-68.3125,53.72
216.375,-12.8125,-68.3125,53.75
216.375,-12.8125,-68.3125,53.75
216.375,-12.8125,-68.3125,53.78
216.375,-12.8125,-68.3125,53.78
216.375,-12.8125,-68.3125,53.82
216.375,-12.8125,-68.3125,53.85
216.375,-12.8125,-68.3125,53.85
216.375,-12.8125,-68.3125,53.88
216.375,-12.8125,-68.3125,53.88
216.375,-12.8125,-68.3125,53.92
216.375,-12.8125,-68.3125,53.95
216.375,-12.8125,-68.3125,53.95
216.375,-12.8125,-68.3125,53.98
216.375,-12.8125,-68.3125,53.98
216.375,-12.8125,-68.3125,54.02
216.375,-12.8125,-68.3125,54.05
216.375,-12.8125,-68.3125,54.05
216.375,-12.8125,-68.3125,54.08
216.375,-12.8125,-68.3125,54.08
216.375,-12.8125,-68.3125,54.12
216.375,-12.8125,-68.3125,54.15
216.375,-12.8125,-68.3125,54.15
216.375,-12.8125,-68.3125,54.18
216.375,-12.8125,-68.3125,54.18
216.375,-12.8125,-68.3125,54.22
216.375,-12.8125,-68.3125,54.25
216.375,-12.8125,-68.3125,54.25
216.375,-12.8125,-68.3125,54.28
216.375,-12.8125,-68.3125,54.28
216.375,-12.8125,-68.3125,54.32
216.375,-12.8125,-68.25,54.35
216.375,-12.8125,-68.25,54.35
216.375,-12.8125,-68.25,54.38
216.375,-12.8125,-68.25,54.38
216.375,-12.8125,-68.25,54.42
216.375,-12.8125,-68.25,54.45
216.375,-12.8125,-68.25,54.45
216.5,-12.8125,-68.25,54.48
216.5,-12.8125,-68.25,54.48
216.5,-12.8125,-68.25,54.52
216.5,-12.8125,-68.25,54.55
216.5,-12.8125,-68.25,54.55
216.5,-12.8125,-68.25,54.58
216.5,-12.8125,-68.25,54.58
216.5,-12.8125,-68.25,54.62
216.5,-12.8125,-68.25,54.65
216.5,-12.8125,-68.25,54.65
216.5,-12.8125,-68.25,54.68
216.5,-12.8125,-68.25,54.68
216.5,-12.8125,-68.25,54.72
216.5,-12.8125,-68.25,54.75
216.5,-12.8125,-68.25,54.75
216.4375,-12.8125,-68.25,54.78
216.4375,-12.8125,-68.25,54.78
216.4375,-12.8125,-68.25,54.82
216.4375,-12.8125,-68.25,54.85
216.4375,-12.8125,-68.25,54.85
216.4375,-12.8125,-68.25,54.88
216.4375,-12.8125,-68.25,54.88
216.4375,-12.8125,-68.25,54.91
216.4375,-12.8125,-68.25,54.95
216.4375,-12.8125,-68.25,54.95
216.5,-12.8125,-68.25,54.98
216.5,-12.8125,-68.25,54.98
216.5,-12.8125,-68.25,55.02
216.5,-12.8125,-68.25,55.05
216.5,-12.8125,-68.25,55.05
216.5,-12.875,-68.25,55.08
216.5,-12.875,-68.25,55.08
216.5,-12.875,-68.25,55.12
216.5,-12.875,-68.25,55.15
216.5,-12.875,-68.25,55.15
216.5,-12.875,-68.25,55.18
216.5,-12.875,-68.25,55.18
216.5,-12.875,-68.25,55.22
216.5625,-12.875,-68.25,55.25
216.5625,-12.875,-68.25,55.25
216.5625,-12.875,-68.25,55.28
216.5625,-12.875,-68.25,55.28
216.5625,-12.875,-68.25,55.31
216.5625,-12.875,-68.25,55.35
216.5625,-12.875,-68.25,55.35
216.5625,-12.875,-68.25,55.38
216.5625,-12.875,-68.25,55.38
216.5625,-12.875,-68.25,55.42
216.5625,-12.875,-68.25,55.45
216.5625,-12.875,-68.25,55.45
216.5625,-12.875,-68.25,55.48
216.5625,-12.875,-68.25,55.48
216.5625,-12.875,-68.25,55.52
216.5625,-12.875,-68.25,55.55
216.5625,-12.875,-68.25,55.55
216.5625,-12.875,-68.25,55.58
216.5625,-12.875,-68.25,55.58
216.5625,-12.875,-68.25,55.62
216.5625,-12.875,-68.25,55.65
216.5625,-12.875,-68.25,55.65
216.5625,-12.875,-68.25,55.68
216.5625,-12.875,-68.25,55.68
216.5625,-12.875,-68.25,55.72
216.5625,-12.875,-68.25,55.75
216.5625,-12.875,-68.25,55.75
216.5625,-12.875,-68.25,55.78
216.5625,-12.875,-68.25,55.78
216.5625,-12.875,-68.25,55.82
216.5625,-12.875,-68.25,55.85
216.5625,-12.875,-68.25,55.85
216.5625,-12.875,-68.25,55.88
216.5625,-12.875,-68.25,55.88
216.5625,-12.875,-68.25,55.92
216.5625,-12.875,-68.25,55.95
216.5625,-12.875,-68.25,55.95
216.5625,-12.875,-68.25,55.98
216.5625,-12.875,-68.25,55.98
216.5625,-12.875,-68.25,56.02
216.5625,-12.875,-68.25,56.05
216.5625,-12.875,-68.25,56.05
216.5625,-12.875,-68.25,56.08
216.5625,-12.875,-68.25,56.08
216.5625,-12.875,-68.25,56.12
216.5625,-12.875,-68.25,56.15
216.5625,-12.875,-68.25,56.15
216.5625,-12.875,-68.25,56.18
216.5625,-12.875,-68.25,56.18
216.5625,-12.875,-68.25,56.22
216.5625,-12.875,-68.25,56.25
216.5625,-12.875,-68.25,56.25
216.5625,-12.875,-68.25,56.28
216.5625,-12.875,-68.25,56.28
216.5625,-12.875,-68.25,56.32
216.5625,-12.875,-68.25,56.35
216.5625,-12.875,-68.25,56.35
216.5625,-12.875,-68.25,56.38
216.5625,-12.875,-68.25,56.38
216.5625,-12.875,-68.3125,56.42
216.5625,-12.875,-68.3125,56.45
216.5625,-12.875,-68.3125,56.45
216.625,-12.875,-68.3125,56.48
216.625,-12.875,-68.3125,56.48
216.625,-12.875,-68.3125,56.52
216.625,-12.875,-68.3125,56.55
216.625,-12.875,-68.3125,56.55
216.5625,-12.875,-68.3125,56.58
216.5625,-12.875,-68.3125,56.58
216.5625,-12.875,-68.3125,56.62
216.5625,-12.875,-68.3125,56.65
216.5625,-12.875,-68.3125,56.65
216.5625,-12.875,-68.3125,56.68
216.5625,-12.875,-68.3125,56.68
216.5625,-12.875,-68.3125,56.72
216.5625,-12.875,-68.3125,56.75
216.5625,-12.875,-68.3125,56.75
216.5625,-12.875,-68.3125,56.78
216.5625,-12.875,-68.3125,56.78
216.5625,-12.875,-68.3125,56.81
216.5625,-12.875,-68.3125,56.85
216.5625,-12.875,-68.3125,56.85
216.5625,-12.875,-68.3125,56.88
216.5625,-12.875,-68.3125,56.88
216.5625,-12.875,-68.3125,56.92
216.5625,-12.875,-68.3125,56.95
216.5625,-12.875,-68.3125,56.95
216.5625,-12.875,-68.3125,56.98
216.5625,-12.875,-68.3125,56.98
216.5625,-12.875,-68.3125,57.02
216.5625,-12.875,-68.3125,57.05
216.5625,-12.875,-68.3125,57.05
216.5625,-12.875,-68.3125,57.08
216.5625,-12.875,-68.3125,57.08
216.5625,-12.875,-68.3125,57.12
216.5625,-12.875,-68.3125,57.15
216.5625,-12.875,-68.3125,57.15
216.5625,-12.875,-68.3125,57.18
216.5625,-12.875,-68.3125,57.18
216.5625,-12.875,-68.3125,57.22
216.5625,-12.875,-68.3125,57.25
216.5625,-12.875,-68.3125,57.25
216.5625,-12.875,-68.3125,57.28
216.5625,-12.875,-68.3125,57.28
216.5625,-12.875,-68.3125,57.32
216.5625,-12.875,-68.3125,57.35
216.5625,-12.875,-68.3125,57.35
216.5,-12.875,-68.3125,57.38
216.5,-12.875,-68.3125,57.38
216.5,-12.875,-68.3125,57.42
216.5,-12.875,-68.3125,57.45
216.5,-12.875,-68.3125,57.45
216.5,-12.875,-68.3125,57.48
216.5,-12.875,-68.3125,57.48
216.5,-12.875,-68.3125,57.52
216.5,-12.8125,-68.25,57.55
216.5,-12.8125,-68.25,57.55
216.5,-12.8125,-68.25,57.58
216.5,-12.8125,-68.25,57.58
216.5,-12.8125,-68.25,57.62
216.5,-12.8125,-68.25,57.65
216.5,-12.8125,-68.25,57.65
216.5,-12.8125,-68.25,57.68
216.5,-12.8125,-68.25,57.68
216.5,-12.8125,-68.25,57.72
216.5,-12.8125,-68.25,57.75
216.5,-12.8125,-68.25,57.75
216.4375,-12.8125,-68.25,57.78
216.4375,-12.8125,-68.25,57.78
216.4375,-12.8125,-68.25,57.82
216.4375,-12.8125,-68.25,57.85
216.4375,-12.8125,-68.25,57.85
216.4375,-12.8125,-68.25,57.88
216.4375,-12.8125,-68.25,57.88
216.4375,-12.8125,-68.25,57.92
216.4375,-12.8125,-68.25,57.95
216.4375,-12.8125,-68.25,57.95
216.4375,-12.8125,-68.25,57.98
216.4375,-12.8125,-68.25,57.98
216.4375,-12.8125,-68.25,58.02
216.4375,-12.8125,-68.25,58.05
216.4375,-12.8125,-68.25,58.05
216.4375,-12.8125,-68.25,58.08
216.4375,-12.8125,-68.25,58.08
216.4375,-12.8125,-68.25,58.12
216.5,-12.8125,-68.25,58.15
216.5,-12.8125,-68.25,58.15
216.5,-12.8125,-68.25,58.18
216.5,-12.8125,-68.25,58.18
216.5,-12.8125,-68.25,58.22
216.5,-12.8125,-68.25,58.25
216.5,-12.8125,-68.25,58.25
206.3125,-9.6875,-68.625,58.28
206.3125,-9.6875,-68.625,58.28
206.3125,-9.6875,-68.625,58.31
206.3125,-9.6875,-68.625,58.35
206.3125,-9.6875,-68.625,58.35
206.3125,-9.6875,-68.625,58.38
206.3125,-9.6875,-68.625,58.38
206.3125,-9.6875,-68.625,58.42
206.3125,-9.6875,-68.5625,58.45
206.3125,-9.6875,-68.5625,58.45
206.3125,-9.6875,-68.5625,58.48
206.3125,-9.6875,-68.5625,58.48
206.3125,-9.6875,-68.5625,58.52
206.3125,-9.75,-68.5625,58.55
206.3125,-9.75,-68.5625,58.55
206.375,-9.75,-68.5625,58.58
206.375,-9.75,-68.5625,58.58
206.375,-9.75,-68.5625,58.62
206.375,-9.75,-68.5625,58.65
206.375,-9.75,-68.5625,58.65
206.375,-9.75,-68.5625,58.68
206.375,-9.75,-68.5625,58.68
206.375,-9.75,-68.5625,58.72
206.375,-9.75,-68.5625,58.75
206.375,-9.75,-68.5625,58.75
206.375,-9.75,-68.5625,58.78
206.375,-9.75,-68.5625,58.78
206.4375,-9.8125,-68.5625,58.82
206.4375,-9.8125,-68.5625,58.85
206.4375,-9.8125,-68.5625,58.85
206.4375,-9.8125,-68.5625,58.88
206.4375,-9.8125,-68.5625,58.88
206.4375,-9.8125,-68.5625,58.92
206.5,-9.8125,-68.5625,58.95
206.5,-9.8125,-68.5625,58.95
206.5,-9.8125,-68.5625,58.98
206.5,-9.8125,-68.5625,58.98
206.5,-9.8125,-68.5625,59.02
206.5,-9.8125,-68.5625,59.05
206.5,-9.8125,-68.5625,59.05
206.5,-9.8125,-68.5625,59.08
206.5,-9.8125,-68.5625,59.08
206.5625,-9.875,-68.5625,59.12
206.5625,-9.875,-68.5625,59.15
206.5625,-9.875,-68.5625,59.15
206.5625,-9.875,-68.5625,59.18
206.5625,-9.875,-68.5625,59.18
206.5625,-9.875,-68.5625,59.22
206.625,-9.875,-68.5625,59.25
206.625,-9.875,-68.5625,59.25
206.625,-9.875,-68.5625,59.28
206.625,-9.875,-68.5625,59.28
206.625,-9.9375,-68.5625,59.32
206.625,-9.9375,-68.5625,59.35
206.625,-9.9375,-68.5625,59.35
206.625,-9.9375,-68.5625,59.38
206.625,-9.9375,-68.5625,59.38
206.625,-9.9375,-68.5625,59.42
206.6875,-10.0,-68.5,59.45
206.6875,-10.0,-68.5,59.45
206.6875,-10.0,-68.5,59.48
206.6875,-10.0,-68.5,59.48
206.6875,-10.0,-68.5,59.52
206.6875,-10.0,-68.5,59.55
206.6875,-10.0,-68.5,59.55
206.6875,-10.0,-68.5,59.58
206.6875,-10.0,-68.5,59.58
206.75,-10.0,-68.5,59.62
206.75,-10.0625,-68.5,59.65
206.75,-10.0625,-68.5,59.65
206.75,-10.0625,-68.5,59.68
206.75,-10.0625,-68.5,59.68
206.8125,-10.0625,-68.4375,59.72
206.8125,-10.0625,-68.4375,59.75
206.8125,-10.0625,-68.4375,59.75
206.875,-10.0625,-68.4375,59.78
206.875,-10.0625,-68.4375,59.78
206.875,-10.0625,-68.4375,59.82
206.875,-10.125,-68.4375,59.85
206.875,-10.125,-68.4375,59.85
206.875,-10.125,-68.4375,59.88
206.875,-10.125,-68.4375,59.88
206.9375,-10.125,-68.375,59.92
206.8125,-10.1875,-68.375,59.95
206.8125,-10.1875,-68.375,59.95
206.8125,-10.1875,-68.375,59.98
206.8125,-10.1875,-68.375,59.98
206.875,-10.1875,-68.3125,60.02
206.875,-10.1875,-68.3125,60.05
206.875,-10.1875,-68.3125,60.05
206.875,-10.1875,-68.3125,60.08
206.875,-10.1875,-68.3125,60.08
206.875,-10.1875,-68.3125,60.12
206.9375,-10.1875,-68.3125,60.15
206.9375,-10.1875,-68.3125,60.15
206.9375,-10.1875,-68.3125,60.18
206.9375,-10.1875,-68.3125,60.18
206.9375,-10.25,-68.25,60.22
207.0,-10.25,-68.25,60.25
207.0,-10.25,-68.25,60.25
207.0,-10.25,-68.25,60.28
207.0,-10.25,-68.25,60.28
207.0,-10.25,-68.25,60.31
207.0,-10.25,-68.25,60.35
207.0,-10.25,-68.25,60.35
207.0,-10.3125,-68.25,60.38
207.0,-10.3125,-68.25,60.38
207.0,-10.3125,-68.25,60.42
207.0625,-10.3125,-68.1875,60.45
207.0625,-10.3125,-68.1875,60.45
207.0625,-10.3125,-68.1875,60.48
207.0625,-10.3125,-68.1875,60.48
207.0625,-10.3125,-68.1875,60.51
207.0625,-10.3125,-68.1875,60.55
207.0625,-10.3125,-68.1875,60.55
207.0625,-10.375,-68.1875,60.58
207.0625,-10.375,-68.1875,60.58
207.0625,-10.375,-68.1875,60.61
207.125,-10.375,-68.1875,60.65
207.125,-10.375,-68.1875,60.65
207.125,-10.375,-68.1875,60.68
207.125,-10.375,-68.1875,60.68
207.125,-10.375,-68.1875,60.72
207.125,-10.4375,-68.125,60.75
207.125,-10.4375,-68.125,60.75
207.125,-10.4375,-68.125,60.78
207.125,-10.4375,-68.125,60.78
207.125,-10.4375,-68.125,60.82
207.125,-10.4375,-68.125,60.85
207.125,-10.4375,-68.125,60.85
207.1875,-10.4375,-68.125,60.88
207.1875,-10.4375,-68.125,60.88
207.25,-10.5,-68.0625,60.92
207.25,-10.5,-68.0625,60.95
207.25,-10.5,-68.0625,60.95
207.25,-10.5,-68.0625,60.98
207.25,-10.5,-68.0625,60.98
207.25,-10.5,-68.0625,61.01
207.3125,-10.5,-68.0625,61.05
207.3125,-10.5,-68.0625,61.05
207.3125,-10.5,-68.0625,61.08
207.3125,-10.5,-68.0625,61.08
207.3125,-10.5,-68.0625,61.11
207.3125,-10.5,-68.0625,61.15
207.3125,-10.5,-68.0625,61.15
207.375,-10.5625,-68.0,61.18
207.375,-10.5625,-68.0,61.18
207.375,-10.5625,-68.0,61.22
207.375,-10.5625,-68.0,61.25
207.375,-10.5625,-68.0,61.25
207.375,-10.5625,-68.0,61.28
207.375,-10.5625,-68.0,61.28
207.4375,-10.5625,-68.0,61.31
207.4375,-10.5625,-68.0,61.35
207.4375,-10.5625,-68.0,61.35
207.5,-10.5625,-68.0,61.38
207.5,-10.5625,-68.0,61.38
207.5,-10.5625,-68.0,61.42
207.5,-10.5625,-67.9375,61.45
207.5,-10.5625,-67.9375,61.45
207.5,-10.5625,-67.9375,61.48
207.5,-10.5625,-67.9375,61.48
207.5625,-10.5625,-67.9375,61.51
207.5625,-10.625,-67.9375,61.55
207.5625,-10.625,-67.9375,61.55
207.5625,-10.625,-67.9375,61.58
207.5625,-10.625,-67.9375,61.58
207.5625,-10.625,-67.875,61.62
207.5625,-10.625,-67.875,61.65
207.5625,-10.625,-67.875,61.65
207.5625,-10.625,-67.875,61.68
207.5625,-10.625,-67.875,61.68
207.625,-10.625,-67.875,61.72
207.625,-10.625,-67.875,61.75
207.625,-10.625,-67.875,61.75
207.625,-10.625,-67.875,61.78
207.625,-10.625,-67.875,61.78
207.625,-10.625,-67.875,61.82
207.625,-10.625,-67.875,61.85
207.625,-10.625,-67.875,61.85
207.625,-10.625,-67.875,61.88
207.625,-10.625,-67.875,61.88
207.6875,-10.625,-67.8125,61.91
207.6875,-10.625,-67.8125,61.95
207.6875,-10.625,-67.8125,61.95
207.6875,-10.6875,-67.8125,61.98
207.6875,-10.6875,-67.8125,61.98
207.6875,-10.6875,-67.8125,62.02
207.75,-10.6875,-67.8125,62.05
207.75,-10.6875,-67.8125,62.05
207.75,-10.6875,-67.8125,62.08
207.75,-10.6875,-67.8125,62.08
207.75,-10.6875,-67.8125,62.12
207.75,-10.6875,-67.8125,62.15
207.75,-10.6875,-67.8125,62.15
207.75,-10.75,-67.8125,62.18
207.75,-10.75,-67.8125,62.18
207.75,-10.75,-67.8125,62.21
207.8125,-10.75,-67.8125,62.25
207.8125,-10.75,-67.8125,62.25
207.8125,-10.75,-67.8125,62.28
207.8125,-10.75,-67.8125,62.28
207.8125,-10.75,-67.8125,62.31
207.8125,-10.75,-67.8125,62.35
207.8125,-10.75,-67.8125,62.35
207.8125,-10.75,-67.8125,62.38
207.8125,-10.75,-67.8125,62.38
207.875,-10.8125,-67.8125,62.41
207.875,-10.8125,-67.8125,62.45
207.875,-10.8125,-67.8125,62.45
207.875,-10.8125,-67.8125,62.48
207.875,-10.8125,-67.8125,62.48
207.875,-10.8125,-67.8125,62.51
207.9375,-10.8125,-67.8125,62.55
207.9375,-10.8125,-67.8125,62.55
207.9375,-10.8125,-67.8125,62.58
207.9375,-10.8125,-67.8125,62.58
207.9375,-10.8125,-67.8125,62.61
207.9375,-10.8125,-67.8125,62.65
207.9375,-10.8125,-67.8125,62.65
207.9375,-10.875,-67.8125,62.68
207.9375,-10.875,-67.8125,62.68
207.9375,-10.875,-67.8125,62.72
208.0,-10.875,-67.8125,62.75
208.0,-10.875,-67.8125,62.75
208.0,-10.875,-67.8125,62.78
208.0,-10.875,-67.8125,62.78
208.0,-10.875,-67.75,62.82
208.0,-10.875,-67.75,62.85
208.0,-10.875,-67.75,62.85
208.0,-10.875,-67.75,62.88
208.0,-10.875,-67.75,62.88
208.0,-10.875,-67.75,62.91
208.0,-10.875,-67.75,62.95
208.0,-10.875,-67.75,62.95
208.0,-10.875,-67.75,62.98
208.0,-10.875,-67.75,62.98
208.0625,-10.9375,-67.75,63.02
208.0625,-10.9375,-67.75,63.05
208.0625,-10.9375,-67.75,63.05
208.0625,-10.9375,-67.75,63.08
208.0625,-10.9375,-67.75,63.08
208.0625,-10.9375,-67.6875,63.11
208.0625,-10.9375,-67.6875,63.15
208.0625,-10.9375,-67.6875,63.15
208.0625,-10.9375,-67.6875,63.18
208.0625,-10.9375,-67.6875,63.18
208.0625,-10.9375,-67.6875,63.21
208.0625,-10.9375,-67.6875,63.25
208.0625,-10.9375,-67.6875,63.25
208.125,-10.9375,-67.625,63.28
208.125,-10.9375,-67.625,63.28
208.125,-10.9375,-67.625,63.31
208.125,-10.9375,-67.625,63.35
208.125,-10.9375,-67.625,63.35
208.125,-10.9375,-67.625,63.38
208.125,-10.9375,-67.625,63.38
208.125,-10.9375,-67.625,63.42
208.125,-10.9375,-67.625,63.45
208.125,-10.9375,-67.625,63.45
208.125,-10.9375,-67.625,63.48
208.125,-10.9375,-67.625,63.48
208.1875,-10.9375,-67.625,63.51
208.1875,-10.9375,-67.625,63.55
208.1875,-10.9375,-67.625,63.55
208.1875,-10.9375,-67.625,63.58
208.1875,-10.9375,-67.625,63.58
208.25,-11.0,-67.625,63.62
208.25,-11.0,-67.625,63.65
208.25,-11.0,-67.625,63.65
208.25,-11.0,-67.5625,63.68
208.25,-11.0,-67.5625,63.68
208.25,-11.0,-67.5625,63.72
208.25,-11.0,-67.5625,63.75
208.25,-11.0,-67.5625,63.75
208.25,-11.0,-67.5625,63.78
208.25,-11.0,-67.5625,63.78
208.25,-11.0,-67.5625,63.82
208.3125,-11.0,-67.5625,63.85
208.3125,-11.0,-67.5625,63.85
208.3125,-11.0,-67.5625,63.88
208.3125,-11.0,-67.5625,63.88
208.3125,-11.0,-67.5625,63.91
208.3125,-11.0,-67.5625,63.95
208.3125,-11.0,-67.5625,63.95
208.3125,-11.0,-67.5625,63.98
208.3125,-11.0,-67.5625,63.98
208.375,-11.0,-67.5625,64.01
208.375,-11.0,-67.5625,64.05
208.375,-11.0,-67.5625,64.05
208.375,-11.0,-67.5625,64.08
208.375,-11.0,-67.5625,64.08
208.375,-11.0,-67.5625,64.11
208.4375,-11.0625,-67.5625,64.15
208.4375,-11.0625,-67.5625,64.15
208.4375,-11.0625,-67.5625,64.18
208.4375,-11.0625,-67.5625,64.18
208.4375,-11.0625,-67.5625,64.21
208.4375,-11.0625,-67.5625,64.25
208.4375,-11.0625,-67.5625,64.25
208.4375,-11.0625,-67.5625,64.28
208.4375,-11.0625,-67.5625,64.28
208.4375,-11.0625,-67.5625,64.31
208.4375,-11.0625,-67.5625,64.35
208.4375,-11.0625,-67.5625,64.35
208.4375,-11.0625,-67.5625,64.38
208.4375,-11.0625,-67.5625,64.38
208.4375,-11.0625,-67.5625,64.41
208.4375,-11.0625,-67.5625,64.45
208.4375,-11.0625,-67.5625,64.45
208.5,-11.0625,-67.5625,64.48
208.5,-11.0625,-67.5625,64.48
208.5,-11.0625,-67.5625,64.51
208.5,-11.0625,-67.5625,64.55
208.5,-11.0625,-67.5625,64.55
208.5,-11.0625,-67.5625,64.58
208.5,-11.0625,-67.5625,64.58
208.5,-11.0625,-67.5625,64.61
208.5,-11.0625,-67.5625,64.65
208.5,-11.0625,-67.5625,64.65
208.5,-11.0625,-67.5625,64.68
208.5,-11.0625,-67.5625,64.68
208.5,-11.0625,-67.5625,64.71
208.5,-11.0625,-67.5625,64.75
208.5,-11.0625,-67.5625,64.75
208.5,-11.0625,-67.5625,64.78
208.5,-11.0625,-67.5625,64.78
208.5,-11.0625,-67.5625,64.82
208.5,-11.0625,-67.5625,64.85
208.5,-11.0625,-67.5625,64.85
208.5,-11.0625,-67.5625,64.88
208.5,-11.0625,-67.5625,64.88
208.5,-11.0625,-67.5625,64.92
208.5,-11.0625,-67.5625,64.95
208.5,-11.0625,-67.5625,64.95
208.5,-11.0625,-67.5625,64.98
208.5,-11.0625,-67.5625,64.98
208.5,-11.0625,-67.5625,65.01
208.5,-11.0625,-67.5625,65.05
208.5,-11.0625,-67.5625,65.05
208.5,-11.0625,-67.5625,65.08
208.5,-11.0625,-67.5625,65.08
208.5,-11.0625,-67.5625,65.11
208.5,-11.0625,-67.5625,65.15
208.5,-11.0625,-67.5625,65.15
208.5,-11.0625,-67.5625,65.18
208.5,-11.0625,-67.5625,65.18
208.5,-11.0625,-67.5625,65.22
208.5,-11.0625,-67.5625,65.25
208.5,-11.0625,-67.5625,65.25
208.5,-11.0625,-67.5625,65.28
208.5,-11.0625,-67.5625,65.28
208.5,-11.0625,-67.5625,65.31
208.5,-11.0625,-67.5625,65.35
208.5,-11.0625,-67.5625,65.35
208.5,-11.0625,-67.5625,65.38
208.5,-11.0625,-67.5625,65.38
208.5,-11.0625,-67.5625,65.42
208.5,-11.0625,-67.5625,65.45
208.5,-11.0625,-67.5625,65.45
208.5,-11.0625,-67.5625,65.48
208.5,-11.0625,-67.5625,65.48
208.5,-11.0625,-67.5625,65.51
208.5,-11.0625,-67.5625,65.55
208.5,-11.0625,-67.5625,65.55
208.5,-11.0625,-67.5625,65.58
208.5,-11.0625,-67.5625,65.58
208.5,-11.0625,-67.5625,65.62
208.5,-11.0625,-67.5625,65.65
208.5,-11.0625,-67.5625,65.65
208.5,-11.0625,-67.5625,65.68
208.5,-11.0625,-67.5625,65.68
208.5625,-11.0625,-67.5625,65.71
208.5625,-11.0625,-67.5625,65.75
208.5625,-11.0625,-67.5625,65.75
208.5625,-11.125,-67.5625,65.78
208.5625,-11.125,-67.5625,65.78
208.5625,-11.125,-67.5625,65.82
208.5625,-11.125,-67.5625,65.85
208.5625,-11.125,-67.5625,65.85
208.5625,-11.125,-67.5625,65.88
208.5625,-11.125,-67.5625,65.88
208.5625,-11.125,-67.5625,65.91
208.5625,-11.125,-67.5625,65.95
208.5625,-11.125,-67.5625,65.95
208.5625,-11.125,-67.5625,65.98
208.5625,-11.125,-67.5625,65.98
208.5625,-11.125,-67.5625,66.02
208.5625,-11.125,-67.5625,66.05
208.5625,-11.125,-67.5625,66.05
208.5625,-11.125,-67.5625,66.08
208.5625,-11.125,-67.5625,66.08
208.5625,-11.125,-67.5625,66.11
208.5625,-11.125,-67.5625,66.15
208.5625,-11.125,-67.5625,66.15
208.5625,-11.125,-67.5625,66.18
208.5625,-11.125,-67.5625,66.18
208.5625,-11.125,-67.5625,66.22
208.5625,-11.0625,-67.5625,66.25
208.5625,-11.0625,-67.5625,66.25
208.5625,-11.0625,-67.5625,66.28
208.5625,-11.0625,-67.5625,66.28
208.5625,-11.0625,-67.5625,66.31
208.5625,-11.0625,-67.5625,66.35
208.5625,-11.0625,-67.5625,66.35
208.5625,-11.0625,-67.5625,66.38
208.5625,-11.0625,-67.5625,66.38
208.5625,-11.0625,-67.5625,66.42
208.5625,-11.0625,-67.5625,66.45
208.5625,-11.0625,-67.5625,66.45
208.5625,-11.0625,-67.5625,66.48
208.5625,-11.0625,-67.5625,66.48
208.5625,-11.0625,-67.5625,66.51
208.5625,-11.0625,-67.5625,66.55
208.5625,-11.0625,-67.5625,66.55
208.5625,-11.0625,-67.5625,66.58
208.5625,-11.0625,-67.5625,66.58
208.5625,-11.0625,-67.5625,66.61
208.5625,-11.0625,-67.5625,66.65
208.5625,-11.0625,-67.5625,66.65
208.5625,-11.0625,-67.5625,66.68
208.5625,-11.0625,-67.5625,66.68
208.5,-11.0,-67.5625,66.72
208.5,-11.0,-67.5625,66.75
208.5,-11.0,-67.5625,66.75
208.5,-11.0,-67.5625,66.78
208.5,-11.0,-67.5625,66.78
208.5,-11.0,-67.5,66.81
208.5,-11.0,-67.5,66.85
208.5,-11.0,-67.5,66.85
208.5,-11.0,-67.5,66.88
208.5,-11.0,-67.5,66.88
208.5,-11.0,-67.5,66.92
208.5,-11.0,-67.5,66.95
208.5,-11.0,-67.5,66.95
208.5,-11.0,-67.5,66.98
208.5,-11.0,-67.5,66.98
208.5,-11.0,-67.5,67.02
208.5,-11.0,-67.5,67.05
208.5,-11.0,-67.5,67.05
208.5,-11.0,-67.5625,67.08
208.5,-11.0,-67.5625,67.08
208.5,-11.0,-67.5625,67.11
208.5,-11.0,-67.5625,67.15
208.5,-11.0,-67.5625,67.15
208.5,-11.0,-67.5625,67.18
208.5,-11.0,-67.5625,67.18
208.5,-11.0,-67.5625,67.21
208.5,-11.0,-67.5625,67.25
208.5,-11.0,-67.5625,67.25
208.5,-11.0,-67.5625,67.28
208.5,-11.0,-67.5625,67.28
208.5,-11.0,-67.5625,67.31
208.5,-11.0,-67.5625,67.35
208.5,-11.0,-67.5625,67.35
208.5,-11.0,-67.5625,67.38
208.5,-11.0,-67.5625,67.38
208.5,-11.0,-67.5625,67.41
208.5,-11.0,-67.5625,67.45
208.5,-11.0,-67.5625,67.45
208.5,-11.0,-67.5625,67.48
208.5,-11.0,-67.5625,67.48
208.5,-11.0,-67.5625,67.52
208.5,-11.0,-67.5625,67.55
208.5,-11.0,-67.5625,67.55
208.5,-11.0,-67.5625,67.58
208.5,-11.0,-67.5625,67.58
208.5,-11.0,-67.5625,67.61
208.5,-11.0,-67.5625,67.65
208.5,-11.0,-67.5625,67.65
208.5,-11.0,-67.5625,67.68
208.5,-11.0,-67.5625,67.68
208.5,-11.0,-67.5625,67.72
208.5,-11.0,-67.5625,67.75
208.5,-11.0,-67.5625,67.75
208.5,-11.0,-67.5625,67.78
208.5,-11.0,-67.5625,67.78
208.5,-11.0,-67.5625,67.81
208.5,-11.0,-67.5625,67.85
208.5,-11.0,-67.5625,67.85
208.5,-11.0,-67.5625,67.88
208.5,-11.0,-67.5625,67.88
208.5,-11.0,-67.5625,67.91
208.5,-11.0,-67.5625,67.95
208.5,-11.0,-67.5625,67.95
208.5,-11.0,-67.5625,67.98
208.5,-11.0,-67.5625,67.98
208.5,-11.0,-67.5625,68.01
208.5,-11.0,-67.5625,68.05
208.5,-11.0,-67.5625,68.05
208.5,-11.0,-67.5625,68.08
208.5,-11.0,-67.5625,68.08
208.5,-11.0,-67.5625,68.11
208.5,-11.0,-67.5625,68.15
208.5,-11.0,-67.5625,68.15
208.4375,-11.0,-67.5,68.18
208.4375,-11.0,-67.5,68.18
208.4375,-11.0,-67.5,68.21
208.4375,-11.0,-67.5,68.25
208.4375,-11.0,-67.5,68.25
208.4375,-11.0,-67.5,68.28
208.4375,-11.0,-67.5,68.28
208.4375,-11.0,-67.5,68.31
208.4375,-11.0,-67.5,68.35
208.4375,-11.0,-67.5,68.35
208.4375,-11.0,-67.5,68.38
208.4375,-11.0,-67.5,68.38
208.4375,-11.0,-67.5,68.41
208.4375,-11.0,-67.5,68.45
208.4375,-11.0,-67.5,68.45
208.4375,-11.0,-67.5,68.48
208.4375,-11.0,-67.5,68.48
208.4375,-11.0,-67.5,68.51
208.4375,-11.0,-67.5,68.55
208.4375,-11.0,-67.5,68.55
208.4375,-11.0,-67.5,68.58
208.4375,-11.0,-67.5,68.58
208.4375,-11.0,-67.5,68.61
208.4375,-11.0,-67.5,68.65
208.4375,-11.0,-67.5,68.65
208.4375,-11.0,-67.5,68.68
208.4375,-11.0,-67.5,68.68
208.4375,-11.0,-67.5,68.71
208.4375,-11.0,-67.5,68.75
208.4375,-11.0,-67.5,68.75
208.4375,-11.0,-67.5,68.78
208.4375,-11.0,-67.5,68.78
208.4375,-11.0,-67.5,68.81
208.4375,-11.0,-67.5,68.85
208.4375,-11.0,-67.5,68.85
226.0625,-16.875,-59.0625,68.88
226.0625,-16.875,-59.0625,68.88
226.0625,-16.875,-59.0625,68.91
226.0,-16.875,-59.0625,68.95
226.0,-16.875,-59.0625,68.95
226.0,-16.875,-59.0625,68.98
226.0,-16.875,-59.0625,68.98
226.0,-16.875,-59.0625,69.02
225.9375,-16.875,-59.0625,69.05
225.9375,-16.875,-59.0625,69.05
225.9375,-16.875,-59.0625,69.08
225.9375,-16.875,-59.0625,69.08
225.875,-16.875,-59.125,69.11
225.875,-16.875,-59.125,69.15
225.875,-16.875,-59.125,69.15
225.75,-16.8125,-59.125,69.18
225.75,-16.8125,-59.125,69.18
225.75,-16.8125,-59.125,69.22
225.6875,-16.8125,-59.125,69.25
225.6875,-16.8125,-59.125,69.25
225.625,-16.8125,-59.125,69.28
225.625,-16.8125,-59.125,69.28
225.625,-16.8125,-59.125,69.31
225.5625,-16.75,-59.1875,69.35
225.5625,-16.75,-59.1875,69.35
225.5625,-16.75,-59.1875,69.38
225.5625,-16.75,-59.1875,69.38
225.5,-16.75,-59.1875,69.41
225.5,-16.75,-59.1875,69.45
225.5,-16.75,-59.1875,69.45
225.4375,-16.75,-59.1875,69.48
225.4375,-16.75,-59.1875,69.48
225.4375,-16.75,-59.1875,69.51
225.375,-16.6875,-59.1875,69.55
225.375,-16.6875,-59.1875,69.55
225.3125,-16.6875,-59.25,69.58
225.3125,-16.6875,-59.25,69.58
225.3125,-16.6875,-59.25,69.62
225.25,-16.6875,-59.25,69.65
225.25,-16.6875,-59.25,69.65
225.25,-16.6875,-59.25,69.68
225.25,-16.6875,-59.25,69.68
225.25,-16.6875,-59.25,69.72
225.1875,-16.6875,-59.25,69.75
225.1875,-16.6875,-59.25,69.75
225.1875,-16.6875,-59.25,69.78
225.1875,-16.6875,-59.25,69.78
225.125,-16.625,-59.25,69.82
225.125,-16.625,-59.25,69.85
225.125,-16.625,-59.25,69.85
225.0625,-16.625,-59.25,69.88
225.0625,-16.625,-59.25,69.88
225.0,-16.625,-59.3125,69.91
225.0,-16.625,-59.3125,69.95
225.0,-16.625,-59.3125,69.95
224.9375,-16.5625,-59.3125,69.98
224.9375,-16.5625,-59.3125,69.98
224.9375,-16.5625,-59.3125,70.01
224.875,-16.5625,-59.3125,70.05
224.875,-16.5625,-59.3125,70.05
224.875,-16.5625,-59.3125,70.08
224.875,-16.5625,-59.3125,70.08
224.8125,-16.5625,-59.3125,70.11
224.8125,-16.5625,-59.3125,70.15
224.8125,-16.5625,-59.3125,70.15
224.75,-16.5,-59.3125,70.18
224.75,-16.5,-59.3125,70.18
224.75,-16.5,-59.3125,70.22
224.75,-16.5,-59.3125,70.25
224.75,-16.5,-59.3125,70.25
224.6875,-16.5,-59.3125,70.28
224.6875,-16.5,-59.3125,70.28
224.6875,-16.5,-59.3125,70.31
224.6875,-16.5,-59.3125,70.35
224.6875,-16.5,-59.3125,70.35
224.6875,-16.5,-59.3125,70.38
224.6875,-16.5,-59.3125,70.38
224.625,-16.4375,-59.3125,70.41
224.625,-16.4375,-59.3125,70.45
224.625,-16.4375,-59.3125,70.45
224.625,-16.4375,-59.3125,70.48
224.625,-16.4375,-59.3125,70.48
224.625,-16.4375,-59.3125,70.51
224.625,-16.4375,-59.3125,70.55
224.625,-16.4375,-59.3125,70.55
224.625,-16.4375,-59.3125,70.58
224.625,-16.4375,-59.3125,70.58
224.5625,-16.375,-59.3125,70.61
224.5625,-16.375,-59.3125,70.65
224.5625,-16.375,-59.3125,70.65
224.5625,-16.375,-59.3125,70.68
224.5625,-16.375,-59.3125,70.68
224.5625,-16.375,-59.3125,70.71
224.5625,-16.375,-59.3125,70.75
224.5625,-16.375,-59.3125,70.75
224.5625,-16.3125,-59.3125,70.78
224.5625,-16.3125,-59.3125,70.78
224.5625,-16.3125,-59.3125,70.82
224.5625,-16.3125,-59.3125,70.85
224.5625,-16.3125,-59.3125,70.85
224.5625,-16.25,-59.3125,70.88
224.5625,-16.25,-59.3125,70.88
224.5625,-16.25,-59.3125,70.91
224.5,-16.25,-59.3125,70.95
224.5,-16.25,-59.3125,70.95
224.5,-16.25,-59.3125,70.98
224.5,-16.25,-59.3125,70.98
224.5,-16.25,-59.3125,71.01
224.5,-16.25,-59.3125,71.05
224.5,-16.25,-59.3125,71.05
224.5,-16.25,-59.3125,71.08
224.5,-16.25,-59.3125,71.08
224.5,-16.25,-59.3125,71.11
224.5,-16.25,-59.3125,71.15
224.5,-16.25,-59.3125,71.15
224.5,-16.25,-59.3125,71.18
224.5,-16.25,-59.3125,71.18
224.5,-16.25,-59.3125,71.22
224.5,-16.25,-59.3125,71.25
224.5,-16.25,-59.3125,71.25
224.5,-16.25,-59.3125,71.28
224.5,-16.25,-59.3125,71.28
224.5,-16.25,-59.3125,71.31
224.5,-16.25,-59.25,71.35
224.5,-16.25,-59.25,71.35
224.5,-16.25,-59.25,71.38
224.5,-16.25,-59.25,71.38
224.5,-16.25,-59.25,71.41
224.5,-16.25,-59.25,71.45
224.5,-16.25,-59.25,71.45
224.5,-16.25,-59.25,71.48
224.5,-16.25,-59.25,71.48
224.5,-16.25,-59.25,71.51
224.5,-16.25,-59.25,71.55
224.5,-16.25,-59.25,71.55
224.5,-16.25,-59.25,71.58
224.5,-16.25,-59.25,71.58
224.5,-16.25,-59.25,71.61
224.5,-16.25,-59.25,71.65
224.5,-16.25,-59.25,71.65
224.4375,-16.25,-59.25,71.68
224.4375,-16.25,-59.25,71.68
224.4375,-16.25,-59.25,71.72
224.4375,-16.25,-59.25,71.75
224.4375,-16.25,-59.25,71.75
224.4375,-16.25,-59.25,71.78
224.4375,-16.25,-59.25,71.78
224.4375,-16.25,-59.25,71.82
224.4375,-16.25,-59.3125,71.85
224.4375,-16.25,-59.3125,71.85
224.4375,-16.25,-59.3125,71.88
224.4375,-16.25,-59.3125,71.88
224.4375,-16.25,-59.3125,71.91
224.4375,-16.25,-59.3125,71.95
224.4375,-16.25,-59.3125,71.95
224.4375,-16.25,-59.3125,71.98
224.4375,-16.25,-59.3125,71.98
224.4375,-16.25,-59.3125,72.01
224.4375,-16.25,-59.3125,72.05
224.4375,-16.25,-59.3125,72.05
224.375,-16.25,-59.375,72.08
224.375,-16.25,-59.375,72.08
224.375,-16.25,-59.375,72.11
224.375,-16.25,-59.375,72.15
224.375,-16.25,-59.375,72.15
224.375,-16.25,-59.375,72.18
224.375,-16.25,-59.375,72.18
224.375,-16.25,-59.375,72.21
224.375,-16.25,-59.375,72.25
224.375,-16.25,-59.375,72.25
224.375,-16.25,-59.375,72.28
224.375,-16.25,-59.375,72.28
224.375,-16.25,-59.375,72.32
224.3125,-16.25,-59.375,72.35
224.3125,-16.25,-59.375,72.35
224.3125,-16.25,-59.375,72.38
224.3125,-16.25,-59.375,72.38
224.3125,-16.25,-59.375,72.41
224.3125,-16.25,-59.375,72.45
224.3125,-16.25,-59.375,72.45
224.3125,-16.25,-59.375,72.48
224.3125,-16.25,-59.375,72.48
224.3125,-16.25,-59.375,72.51
224.3125,-16.25,-59.375,72.55
224.3125,-16.25,-59.375,72.55
224.25,-16.25,-59.4375,72.58
224.25,-16.25,-59.4375,72.58
224.25,-16.25,-59.4375,72.61
224.25,-16.25,-59.4375,72.65
224.25,-16.25,-59.4375,72.65
224.25,-16.3125,-59.4375,72.68
224.25,-16.3125,-59.4375,72.68
224.25,-16.3125,-59.4375,72.71
224.25,-16.3125,-59.4375,72.75
224.25,-16.3125,-59.4375,72.75
224.25,-16.3125,-59.4375,72.78
224.25,-16.3125,-59.4375,72.78
224.25,-16.3125,-59.4375,72.81
224.3125,-16.3125,-59.4375,72.85
224.3125,-16.3125,-59.4375,72.85
224.3125,-16.3125,-59.4375,72.88
224.3125,-16.3125,-59.4375,72.88
224.3125,-16.3125,-59.4375,72.91
224.3125,-16.3125,-59.4375,72.95
224.3125,-16.3125,-59.4375,72.95
224.3125,-16.3125,-59.4375,72.98
224.3125,-16.3125,-59.4375,72.98
224.3125,-16.3125,-59.4375,73.02
224.3125,-16.3125,-59.4375,73.05
224.3125,-16.3125,-59.4375,73.05
224.3125,-16.3125,-59.4375,73.08
224.3125,-16.3125,-59.4375,73.08
224.3125,-16.3125,-59.4375,73.11
224.3125,-16.3125,-59.4375,73.15
224.3125,-16.3125,-59.4375,73.15
224.3125,-16.3125,-59.4375,73.18
224.3125,-16.3125,-59.4375,73.18
224.3125,-16.3125,-59.4375,73.21
224.3125,-16.3125,-59.4375,73.25
224.3125,-16.3125,-59.4375,73.25
224.3125,-16.3125,-59.4375,73.28
224.3125,-16.3125,-59.4375,73.28
224.3125,-16.3125,-59.4375,73.31
224.3125,-16.3125,-59.4375,73.35
224.3125,-16.3125,-59.4375,73.35
224.3125,-16.3125,-59.4375,73.38
224.3125,-16.3125,-59.4375,73.38
224.3125,-16.3125,-59.4375,73.41
224.3125,-16.3125,-59.4375,73.45
224.3125,-16.3125,-59.4375,73.45
224.3125,-16.3125,-59.4375,73.48
224.3125,-16.3125,-59.4375,73.48
224.3125,-16.3125,-59.4375,73.51
224.3125,-16.3125,-59.4375,73.55
224.3125,-16.3125,-59.4375,73.55
224.3125,-16.25,-59.4375,73.58
224.3125,-16.25,-59.4375,73.58
224.3125,-16.25,-59.4375,73.62
224.3125,-16.25,-59.4375,73.65
224.3125,-16.25,-59.4375,73.65
224.3125,-16.25,-59.4375,73.68
224.3125,-16.25,-59.4375,73.68
224.25,-16.25,-59.375,73.71
224.25,-16.25,-59.375,73.75
224.25,-16.25,-59.375,73.75
224.25,-16.25,-59.375,73.78
224.25,-16.25,-59.375,73.78
224.25,-16.25,-59.375,73.81
224.25,-16.25,-59.375,73.85
224.25,-16.25,-59.375,73.85
224.0,-16.25,-59.375,73.88
224.0,-16.25,-59.375,73.88
224.0,-16.25,-59.375,73.91
224.0,-16.1875,-59.375,73.95
224.0,-16.1875,-59.375,73.95
224.0,-16.1875,-59.375,73.98
224.0,-16.1875,-59.375,73.98
223.9375,-16.1875,-59.375,74.01
223.9375,-16.1875,-59.375,74.05
223.9375,-16.1875,-59.375,74.05
223.9375,-16.1875,-59.375,74.08
223.9375,-16.1875,-59.375,74.08
223.9375,-16.1875,-59.375,74.11
223.9375,-16.1875,-59.375,74.15
223.9375,-16.1875,-59.375,74.15
223.9375,-16.1875,-59.375,74.18
223.9375,-16.1875,-59.375,74.18
223.75,-16.1875,-59.375,74.21
223.75,-16.1875,-59.375,74.25
223.75,-16.1875,-59.375,74.25
223.75,-16.1875,-59.375,74.28
223.75,-16.1875,-59.375,74.28
223.75,-16.1875,-59.375,74.31
223.75,-16.1875,-59.375,74.35
223.75,-16.1875,-59.375,74.35
223.75,-16.1875,-59.375,74.38
223.75,-16.1875,-59.375,74.38
223.75,-16.1875,-59.375,74.41
223.75,-16.1875,-59.375,74.45
223.75,-16.1875,-59.375,74.45
223.75,-16.1875,-59.375,74.48
223.75,-16.1875,-59.375,74.48
223.75,-16.1875,-59.375,74.51
223.75,-16.1875,-59.375,74.55
223.75,-16.1875,-59.375,74.55
223.75,-16.1875,-59.375,74.58
223.75,-16.1875,-59.375,74.58
223.75,-16.1875,-59.375,74.61
223.75,-16.1875,-59.375,74.65
223.75,-16.1875,-59.375,74.65
223.75,-16.1875,-59.375,74.68
223.75,-16.1875,-59.375,74.68
223.75,-16.1875,-59.375,74.71
223.75,-16.1875,-59.375,74.75
223.75,-16.1875,-59.375,74.75
223.75,-16.1875,-59.375,74.78
223.75,-16.1875,-59.375,74.78
223.75,-16.1875,-59.375,74.81
223.75,-16.1875,-59.375,74.85
223.75,-16.1875,-59.375,74.85
223.75,-16.1875,-59.375,74.88
223.75,-16.1875,-59.375,74.88
223.75,-16.1875,-59.375,74.91
223.75,-16.1875,-59.375,74.95
223.75,-16.1875,-59.375,74.95
223.75,-16.1875,-59.375,74.98
223.75,-16.1875,-59.375,74.98
223.75,-16.1875,-59.375,75.01
223.75,-16.1875,-59.375,75.05
223.75,-16.1875,-59.375,75.05
223.75,-16.1875,-59.375,75.08
223.75,-16.1875,-59.375,75.08
223.75,-16.1875,-59.375,75.11
223.75,-16.1875,-59.375,75.15
223.75,-16.1875,-59.375,75.15
223.75,-16.1875,-59.375,75.18
223.75,-16.1875,-59.375,75.18
223.75,-16.1875,-59.375,75.21
223.75,-16.1875,-59.375,75.25
223.75,-16.1875,-59.375,75.25
223.75,-16.125,-59.375,75.28
223.75,-16.125,-59.375,75.28
223.75,-16.125,-59.375,75.31
223.75,-16.125,-59.375,75.35
223.75,-16.125,-59.375,75.35
223.75,-16.125,-59.375,75.38
223.75,-16.125,-59.375,75.38
223.75,-16.125,-59.375,75.41
223.75,-16.125,-59.375,75.45
223.75,-16.125,-59.375,75.45
223.75,-16.125,-59.375,75.48
223.75,-16.125,-59.375,75.48
223.75,-16.125,-59.375,75.52
223.75,-16.125,-59.375,75.55
223.75,-16.125,-59.375,75.55
223.75,-16.125,-59.375,75.58
223.75,-16.125,-59.375,75.58
223.75,-16.125,-59.375,75.62
223.75,-16.125,-59.375,75.65
223.75,-16.125,-59.375,75.65
223.75,-16.125,-59.375,75.68
223.75,-16.125,-59.375,75.68
223.75,-16.125,-59.375,75.71
223.75,-16.125,-59.375,75.75
223.75,-16.125,-59.375,75.75
223.75,-16.125,-59.375,75.78
223.75,-16.125,-59.375,75.78
223.75,-16.125,-59.375,75.81
223.75,-16.1875,-59.375,75.85
223.75,-16.1875,-59.375,75.85
223.75,-16.1875,-59.375,75.88
223.75,-16.1875,-59.375,75.88
223.75,-16.1875,-59.375,75.91
223.75,-16.1875,-59.375,75.95
223.75,-16.1875,-59.375,75.95
223.75,-16.1875,-59.375,75.98
223.75,-16.1875,-59.375,75.98
223.75,-16.1875,-59.375,76.01
223.75,-16.1875,-59.375,76.05
223.75,-16.1875,-59.375,76.05
223.75,-16.1875,-59.375,76.08
223.75,-16.1875,-59.375,76.08
223.75,-16.1875,-59.375,76.11
223.75,-16.1875,-59.375,76.15
223.75,-16.1875,-59.375,76.15
223.8125,-16.1875,-59.375,76.18
223.8125,-16.1875,-59.375,76.18
223.8125,-16.1875,-59.375,76.21
223.8125,-16.1875,-59.375,76.25
223.8125,-16.1875,-59.375,76.25
223.8125,-16.1875,-59.375,76.28
223.8125,-16.1875,-59.375,76.28
223.8125,-16.1875,-59.375,76.31
223.8125,-16.1875,-59.375,76.35
223.8125,-16.1875,-59.375,76.35
223.8125,-16.1875,-59.375,76.38
223.8125,-16.1875,-59.375,76.38
223.8125,-16.1875,-59.375,76.41
223.8125,-16.1875,-59.4375,76.45
223.8125,-16.1875,-59.4375,76.45
223.8125,-16.1875,-59.4375,76.48
223.8125,-16.1875,-59.4375,76.48
223.8125,-16.1875,-59.4375,76.51
223.8125,-16.1875,-59.4375,76.55
223.8125,-16.1875,-59.4375,76.55
223.8125,-16.1875,-59.4375,76.58
223.8125,-16.1875,-59.4375,76.58
223.8125,-16.1875,-59.4375,76.61
223.8125,-16.1875,-59.4375,76.65
223.8125,-16.1875,-59.4375,76.65
223.8125,-16.1875,-59.4375,76.68
223.8125,-16.1875,-59.4375,76.68
223.8125,-16.1875,-59.5,76.71
223.8125,-16.1875,-59.5,76.75
223.8125,-16.1875,-59.5,76.75
223.8125,-16.1875,-59.5,76.78
223.8125,-16.1875,-59.5,76.78
223.8125,-16.1875,-59.5,76.81
223.8125,-16.1875,-59.5,76.85
223.8125,-16.1875,-59.5,76.85
223.8125,-16.1875,-59.5,76.88
223.8125,-16.1875,-59.5,76.88
223.8125,-16.1875,-59.5,76.91
223.8125,-16.1875,-59.5,76.95
223.8125,-16.1875,-59.5,76.95
223.8125,-16.1875,-59.5,76.98
223.8125,-16.1875,-59.5,76.98
223.8125,-16.1875,-59.5,77.01
223.8125,-16.1875,-59.5,77.05
223.8125,-16.1875,-59.5,77.05
223.8125,-16.1875,-59.5,77.08
223.8125,-16.1875,-59.5,77.08
223.8125,-16.1875,-59.5,77.11
223.8125,-16.1875,-59.5625,77.15
223.8125,-16.1875,-59.5625,77.15
223.8125,-16.1875,-59.5625,77.18
223.8125,-16.1875,-59.5625,77.18
223.8125,-16.1875,-59.5625,77.21
223.8125,-16.1875,-59.5625,77.25
223.8125,-16.1875,-59.5625,77.25
223.8125,-16.1875,-59.5625,77.28
223.8125,-16.1875,-59.5625,77.28
223.8125,-16.1875,-59.5625,77.31
223.8125,-16.1875,-59.5625,77.35
223.8125,-16.1875,-59.5625,77.35
223.8125,-16.1875,-59.625,77.38
223.8125,-16.1875,-59.625,77.38
223.8125,-16.1875,-59.625,77.41
223.8125,-16.1875,-59.625,77.45
223.8125,-16.1875,-59.625,77.45
223.8125,-16.25,-59.625,77.48
223.8125,-16.25,-59.625,77.48
223.8125,-16.25,-59.625,77.52
223.8125,-16.25,-59.625,77.55
223.8125,-16.25,-59.625,77.55
223.8125,-16.25,-59.625,77.58
223.8125,-16.25,-59.625,77.58
223.8125,-16.25,-59.6875,77.61
223.8125,-16.25,-59.6875,77.65
223.8125,-16.25,-59.6875,77.65
223.8125,-16.25,-59.6875,77.68
223.8125,-16.25,-59.6875,77.68
223.8125,-16.25,-59.6875,77.71
223.8125,-16.25,-59.6875,77.75
223.8125,-16.25,-59.6875,77.75
223.8125,-16.25,-59.6875,77.78
223.8125,-16.25,-59.6875,77.78
223.8125,-16.1875,-59.6875,77.81
223.8125,-16.1875,-59.6875,77.85
223.8125,-16.1875,-59.6875,77.85
223.8125,-16.1875,-59.6875,77.88
223.8125,-16.1875,-59.6875,77.88
223.8125,-16.1875,-59.6875,77.91
223.8125,-16.1875,-59.6875,77.95
223.8125,-16.1875,-59.6875,77.95
223.8125,-16.1875,-59.75,77.98
223.8125,-16.1875,-59.75,77.98
223.8125,-16.1875,-59.75,78.01
223.8125,-16.1875,-59.75,78.05
223.8125,-16.1875,-59.75,78.05
223.75,-16.1875,-59.75,78.08
223.75,-16.1875,-59.75,78.08
223.75,-16.1875,-59.75,78.11
223.75,-16.125,-59.75,78.15
223.75,-16.125,-59.75,78.15
223.75,-16.125,-59.75,78.18
223.75,-16.125,-59.75,78.18
223.75,-16.125,-59.75,78.21
223.75,-16.125,-59.75,78.25
223.75,-16.125,-59.75,78.25
223.75,-16.125,-59.75,78.28
223.75,-16.125,-59.75,78.28
223.6875,-16.125,-59.75,78.31
223.6875,-16.125,-59.75,78.35
223.6875,-16.125,-59.75,78.35
223.6875,-16.125,-59.75,78.38
223.6875,-16.125,-59.75,78.38
223.6875,-16.0625,-59.75,78.41
223.6875,-16.0625,-59.75,78.45
223.6875,-16.0625,-59.75,78.45
223.625,-16.0625,-59.75,78.48
223.625,-16.0625,-59.75,78.48
223.625,-16.0625,-59.75,78.51
223.625,-16.0625,-59.75,78.55
223.625,-16.0625,-59.75,78.55
223.625,-16.0625,-59.75,78.58
223.625,-16.0625,-59.75,78.58
223.625,-16.0625,-59.75,78.61
223.625,-16.0625,-59.75,78.65
223.625,-16.0625,-59.75,78.65
223.625,-16.0625,-59.75,78.68
223.625,-16.0625,-59.75,78.68
223.625,-16.0625,-59.75,78.71
223.625,-16.0625,-59.75,78.75
223.625,-16.0625,-59.75,78.75
223.5625,-16.0,-59.75,78.78
223.5625,-16.0,-59.75,78.78
223.5625,-16.0,-59.75,78.81
223.5625,-16.0,-59.75,78.85
223.5625,-16.0,-59.75,78.85
223.5625,-16.0,-59.75,78.88
223.5625,-16.0,-59.75,78.88
223.5625,-16.0,-59.75,78.91
223.5625,-16.0,-59.75,78.95
223.5625,-16.0,-59.75,78.95
223.5625,-16.0,-59.75,78.98
223.5625,-16.0,-59.75,78.98
223.5625,-16.0,-59.75,79.01
223.5625,-16.0,-59.75,79.05
223.5625,-16.0,-59.75,79.05
223.625,-16.0,-59.75,79.08
223.625,-16.0,-59.75,79.08
223.625,-16.0,-59.75,79.11
223.625,-15.9375,-59.75,79.15
223.625,-15.9375,-59.75,79.15
223.625,-15.9375,-59.75,79.18
223.625,-15.9375,-59.75,79.18
223.625,-15.9375,-59.6875,79.21
223.625,-15.9375,-59.6875,79.25
223.625,-15.9375,-59.6875,79.25
231.0625,-19.125,-70.5,79.28
231.0625,-19.125,-70.5,79.28
231.0625,-19.125,-70.5,79.31
231.0,-19.125,-70.4375,79.35
231.0,-19.125,-70.4375,79.35
231.0,-19.125,-70.4375,79.38
231.0,-19.125,-70.4375,79.38
230.9375,-19.125,-70.4375,79.42
230.9375,-19.125,-70.4375,79.45
230.9375,-19.125,-70.4375,79.45
230.9375,-19.0625,-70.4375,79.48
230.9375,-19.0625,-70.4375,79.48
230.875,-19.0625,-70.375,79.51
230.875,-19.0625,-70.375,79.55
230.875,-19.0625,-70.375,79.55
230.875,-19.0625,-70.375,79.58
230.875,-19.0625,-70.375,79.58
230.875,-19.0625,-70.375,79.62
230.875,-19.0,-70.375,79.65
230.875,-19.0,-70.375,79.65
230.875,-19.0,-70.375,79.68
230.875,-19.0,-70.375,79.68
230.8125,-19.0,-70.375,79.71
230.8125,-19.0,-70.375,79.75
230.8125,-19.0,-70.375,79.75
230.8125,-18.9375,-70.3125,79.78
230.8125,-18.9375,-70.3125,79.78
230.8125,-18.9375,-70.3125,79.81
230.8125,-18.9375,-70.3125,79.85
230.8125,-18.9375,-70.3125,79.85
230.75,-18.875,-70.3125,79.88
230.75,-18.875,-70.3125,79.88
230.75,-18.875,-70.3125,79.91
230.75,-18.875,-70.3125,79.95
230.75,-18.875,-70.3125,79.95
230.75,-18.875,-70.3125,79.98
230.75,-18.875,-70.3125,79.98
230.75,-18.875,-70.3125,80.02
230.75,-18.875,-70.3125,80.05
230.75,-18.875,-70.3125,80.05
230.75,-18.875,-70.3125,80.08
230.75,-18.875,-70.3125,80.08
230.6875,-18.8125,-70.3125,80.11
230.6875,-18.8125,-70.3125,80.15
230.6875,-18.8125,-70.3125,80.15
230.6875,-18.8125,-70.3125,80.18
230.6875,-18.8125,-70.3125,80.18
230.6875,-18.8125,-70.3125,80.21
230.6875,-18.8125,-70.25,80.25
230.6875,-18.8125,-70.25,80.25
230.6875,-18.8125,-70.25,80.28
230.6875,-18.8125,-70.25,80.28
230.6875,-18.8125,-70.25,80.31
230.6875,-18.8125,-70.25,80.35
230.6875,-18.8125,-70.25,80.35
230.6875,-18.8125,-70.25,80.38
230.6875,-18.8125,-70.25,80.38
230.6875,-18.8125,-70.25,80.41
230.625,-18.8125,-70.25,80.45
230.625,-18.8125,-70.25,80.45
230.625,-18.8125,-70.25,80.48
230.625,-18.8125,-70.25,80.48
230.625,-18.8125,-70.25,80.51
230.625,-18.8125,-70.25,80.55
230.625,-18.8125,-70.25,80.55
230.625,-18.75,-70.1875,80.58
230.625,-18.75,-70.1875,80.58
230.625,-18.75,-70.1875,80.61
230.625,-18.75,-70.1875,80.65
230.625,-18.75,-70.1875,80.65
230.625,-18.75,-70.1875,80.68
230.625,-18.75,-70.1875,80.68
230.5625,-18.75,-70.1875,80.71
230.5625,-18.6875,-70.1875,80.75
230.5625,-18.6875,-70.1875,80.75
230.5625,-18.6875,-70.1875,80.78
230.5625,-18.6875,-70.1875,80.78
230.5625,-18.6875,-70.1875,80.81
230.5625,-18.6875,-70.1875,80.85
230.5625,-18.6875,-70.1875,80.85
230.5,-18.6875,-70.125,80.88
230.5,-18.6875,-70.125,80.88
230.5,-18.6875,-70.125,80.91
230.5,-18.6875,-70.125,80.95
230.5,-18.6875,-70.125,80.95
230.5,-18.6875,-70.125,80.98
230.5,-18.6875,-70.125,80.98
230.5,-18.6875,-70.125,81.01
230.4375,-18.625,-70.125,81.05
230.4375,-18.625,-70.125,81.05
230.4375,-18.625,-70.125,81.08
230.4375,-18.625,-70.125,81.08
230.4375,-18.625,-70.125,81.11
230.375,-18.5625,-70.125,81.15
230.375,-18.5625,-70.125,81.15
230.375,-18.5625,-70.125,81.18
230.375,-18.5625,-70.125,81.18
230.375,-18.5625,-70.125,81.21
230.375,-18.5625,-70.125,81.25
230.375,-18.5625,-70.125,81.25
230.3125,-18.5625,-70.125,81.28
230.3125,-18.5625,-70.125,81.28
230.3125,-18.5625,-70.125,81.31
230.3125,-18.5625,-70.125,81.35
230.3125,-18.5625,-70.125,81.35
230.25,-18.5625,-70.125,81.38
230.25,-18.5625,-70.125,81.38
230.25,-18.5,-70.125,81.41
230.25,-18.5,-70.125,81.45
230.25,-18.5,-70.125,81.45
230.1875,-18.5,-70.125,81.48
230.1875,-18.5,-70.125,81.48
230.1875,-18.5,-70.125,81.51
230.1875,-18.5,-70.125,81.55
230.1875,-18.5,-70.125,81.55
230.1875,-18.5,-70.125,81.58
230.1875,-18.5,-70.125,81.58
230.125,-18.5,-70.125,81.61
230.125,-18.5,-70.125,81.65
230.125,-18.5,-70.125,81.65
230.125,-18.5,-70.125,81.68
230.125,-18.5,-70.125,81.68
230.125,-18.4375,-70.125,81.71
230.0625,-18.4375,-70.125,81.75
230.0625,-18.4375,-70.125,81.75
230.0625,-18.4375,-70.125,81.78
230.0625,-18.4375,-70.125,81.78
230.0,-18.4375,-70.125,81.81
230.0,-18.4375,-70.125,81.85
230.0,-18.4375,-70.125,81.85
230.0,-18.4375,-70.125,81.88
230.0,-18.4375,-70.125,81.88
230.0,-18.4375,-70.0625,81.91
230.0,-18.4375,-70.0625,81.95
230.0,-18.4375,-70.0625,81.95
229.9375,-18.4375,-70.0625,81.98
229.9375,-18.4375,-70.0625,81.98
229.9375,-18.4375,-70.0625,82.01
229.9375,-18.375,-70.0625,82.05
229.9375,-18.375,-70.0625,82.05
229.5625,-18.375,-70.0625,82.08
229.5625,-18.375,-70.0625,82.08
229.5625,-18.375,-70.0625,82.11
229.5,-18.375,-70.0625,82.15
229.5,-18.375,-70.0625,82.15
229.5,-18.375,-70.0625,82.18
229.5,-18.375,-70.0625,82.18
229.4375,-18.3125,-70.0625,82.21
229.4375,-18.3125,-70.0625,82.25
229.4375,-18.3125,-70.0625,82.25
229.4375,-18.3125,-70.0625,82.28
229.4375,-18.3125,-70.0625,82.28
229.4375,-18.3125,-70.0625,82.31
229.375,-18.3125,-70.0625,82.35
229.375,-18.3125,-70.0625,82.35
229.3125,-18.25,-70.0,82.38
229.3125,-18.25,-70.0,82.38
229.3125,-18.25,-70.0,82.41
229.3125,-18.25,-70.0,82.45
229.3125,-18.25,-70.0,82.45
229.3125,-18.25,-70.0,82.48
229.3125,-18.25,-70.0,82.48
229.25,-18.25,-70.0,82.51
229.25,-18.25,-70.0,82.55
229.25,-18.25,-70.0,82.55
229.25,-18.1875,-70.0,82.58
229.25,-18.1875,-70.0,82.58
229.25,-18.1875,-70.0,82.61
229.1875,-18.1875,-70.0,82.65
229.1875,-18.1875,-70.0,82.65
229.1875,-18.1875,-70.0,82.68
229.1875,-18.1875,-70.0,82.68
229.1875,-18.1875,-70.0,82.71
229.1875,-18.1875,-70.0,82.75
229.1875,-18.1875,-70.0,82.75
229.1875,-18.1875,-70.0,82.78
229.1875,-18.1875,-70.0,82.78
229.1875,-18.1875,-70.0,82.81
229.1875,-18.1875,-70.0,82.85
229.1875,-18.1875,-70.0,82.85
229.1875,-18.1875,-70.0,82.88
229.1875,-18.1875,-70.0,82.88
229.1875,-18.125,-70.0,82.91
229.1875,-18.125,-70.0,82.95
229.1875,-18.125,-70.0,82.95
229.1875,-18.125,-70.0,82.98
229.1875,-18.125,-70.0,82.98
229.1875,-18.125,-70.0,83.01
229.1875,-18.125,-70.0,83.05
229.1875,-18.125,-70.0,83.05
229.1875,-18.125,-70.0,83.08
229.1875,-18.125,-70.0,83.08
229.25,-18.125,-70.0,83.11
229.25,-18.125,-70.0,83.15
229.25,-18.125,-70.0,83.15
229.25,-18.125,-70.0,83.18
229.25,-18.125,-70.0,83.18
229.25,-18.125,-70.0,83.21
229.25,-18.125,-70.0,83.25
229.25,-18.125,-70.0,83.25
229.25,-18.125,-70.0,83.28
229.25,-18.125,-70.0,83.28
229.25,-18.125,-70.0,83.31
229.25,-18.125,-70.0,83.35
229.25,-18.125,-70.0,83.35
229.25,-18.125,-70.0,83.38
229.25,-18.125,-70.0,83.38
229.25,-18.125,-70.0,83.41
229.25,-18.125,-70.0,83.45
229.25,-18.125,-70.0,83.45
229.25,-18.125,-70.0,83.48
229.25,-18.125,-70.0,83.48
229.25,-18.125,-70.0,83.51
229.25,-18.125,-70.0,83.55
229.25,-18.125,-70.0,83.55
229.25,-18.125,-70.0,83.58
229.25,-18.125,-70.0,83.58
229.25,-18.125,-70.0,83.61
229.25,-18.125,-70.0,83.65
229.25,-18.125,-70.0,83.65
229.25,-18.125,-70.0,83.68
229.25,-18.125,-70.0,83.68
229.25,-18.125,-70.0,83.71
229.25,-18.125,-70.0,83.75
229.25,-18.125,-70.0,83.75
229.25,-18.125,-70.0,83.78
229.25,-18.125,-70.0,83.78
229.25,-18.125,-70.0,83.81
229.25,-18.125,-70.0,83.85
229.25,-18.125,-70.0,83.85
229.25,-18.125,-70.0,83.88
229.25,-18.125,-70.0,83.88
229.25,-18.125,-70.0,83.91
229.25,-18.125,-70.0,83.95
229.25,-18.125,-70.0,83.95
229.3125,-18.125,-70.0,83.98
229.3125,-18.125,-70.0,83.98
229.3125,-18.125,-70.0,84.01
229.3125,-18.125,-70.0,84.05
229.3125,-18.125,-70.0,84.05
229.3125,-18.1875,-70.0,84.08
229.3125,-18.1875,-70.0,84.08
229.3125,-18.1875,-70.0,84.11
229.375,-18.1875,-70.0,84.15
229.375,-18.1875,-70.0,84.15
229.375,-18.1875,-70.0,84.18
229.375,-18.1875,-70.0,84.18
229.375,-18.25,-70.0,84.21
229.375,-18.25,-70.0,84.25
229.375,-18.25,-70.0,84.25
229.4375,-18.25,-70.0,84.28
229.4375,-18.25,-70.0,84.28
229.4375,-18.25,-70.0,84.32
229.5,-18.25,-70.0,84.35
229.5,-18.25,-70.0,84.35
229.5625,-18.3125,-70.0,84.38
229.5625,-18.3125,-70.0,84.38
229.5625,-18.3125,-70.0,84.41
229.5625,-18.3125,-70.0,84.45
229.5625,-18.3125,-70.0,84.45
229.5625,-18.3125,-70.0,84.48
229.5625,-18.3125,-70.0,84.48
229.5625,-18.3125,-70.0,84.51
229.625,-18.3125,-70.0,84.55
229.625,-18.3125,-70.0,84.55
